Var1,Var2,Freq
10688,10688,1
10647,10688,0.527383367139959
12566,10688,0.51024208566108
12485,10688,0.462012320328542
219,10688,0.526011560693642
12076,10688,0.440573770491803
214,10688,0.458917835671343
61,10688,0.523326572008114
47,10688,0.436475409836066
215,10688,0.887218045112782
10648,10688,0.444672131147541
17134,10688,0.588235294117647
11780,10688,0.527383367139959
100872,10688,0.515947467166979
10649,10688,0.510280373831776
10439,10688,0.44672131147541
102578,10688,0.464646464646465
102580,10688,0.444672131147541
10688,10647,0.527383367139959
10647,10647,1
12566,10647,0.524557956777996
12485,10647,0.468325791855204
219,10647,0.522593320235756
12076,10647,0.47380410022779
214,10647,0.470588235294118
61,10647,0.986956521739131
47,10647,0.460176991150442
215,10647,0.525458248472505
10648,10647,0.471526195899772
17134,10647,0.942446043165468
11780,10647,0.997826086956522
100872,10647,0.511811023622047
10649,10647,0.518664047151277
10439,10647,0.464692482915718
102578,10647,0.483069977426637
102580,10647,0.462222222222222
10688,12566,0.51024208566108
10647,12566,0.524557956777996
12566,12566,1
12485,12566,0.451612903225806
219,12566,0.916949152542373
12076,12566,0.440881763527054
214,12566,0.436538461538462
61,12566,0.520628683693517
47,12566,0.430528375733855
215,12566,0.515151515151515
10648,12566,0.43687374749499
17134,12566,0.647058823529412
11780,12566,0.524557956777996
100872,12566,0.910169491525424
10649,12566,0.969439728353141
10439,12566,0.434869739478958
102578,12566,0.44758064516129
102580,12566,0.432485322896282
10688,12485,0.462012320328542
10647,12485,0.468325791855204
12566,12485,0.451612903225806
12485,12485,1
219,12485,0.449596774193548
12076,12485,0.600436681222707
214,12485,0.954070981210856
61,12485,0.478555304740406
47,12485,0.570796460176991
215,12485,0.461065573770492
10648,12485,0.59825327510917
17134,12485,0.270833333333333
11780,12485,0.476297968397291
100872,12485,0.456565656565657
10649,12485,0.449596774193548
10439,12485,0.596491228070175
102578,12485,0.951781970649895
102580,12485,0.581858407079646
10688,219,0.526011560693642
10647,219,0.522593320235756
12566,219,0.916949152542373
12485,219,0.449596774193548
219,219,1
12076,219,0.440881763527054
214,219,0.453629032258065
61,219,0.520628683693517
47,219,0.44689378757515
215,219,0.528735632183908
10648,219,0.434869739478958
17134,219,0.647058823529412
11780,219,0.522593320235756
100872,219,0.915254237288136
10649,219,0.916949152542373
10439,219,0.440881763527054
102578,219,0.465725806451613
102580,219,0.440881763527054
10688,12076,0.440573770491803
10647,12076,0.47380410022779
12566,12076,0.440881763527054
12485,12076,0.600436681222707
219,12076,0.440881763527054
12076,12076,1
214,12076,0.596949891067538
61,12076,0.47380410022779
47,12076,0.963519313304721
215,12076,0.427698574338086
10648,12076,0.989270386266094
17134,12076,0.244444444444444
11780,12076,0.47380410022779
100872,12076,0.431726907630522
10649,12076,0.432865731462926
10439,12076,0.967811158798283
102578,12076,0.594360086767896
102580,12076,0.957081545064378
10688,214,0.458917835671343
10647,214,0.470588235294118
12566,214,0.436538461538462
12485,214,0.954070981210856
219,214,0.453629032258065
12076,214,0.596949891067538
214,214,1
61,214,0.481900452488688
47,214,0.571743929359823
215,214,0.466531440162272
10648,214,0.599128540305011
17134,214,0.270833333333333
11780,214,0.476297968397291
100872,214,0.442307692307692
10649,214,0.442307692307692
10439,214,0.596949891067538
102578,214,0.960251046025105
102580,214,0.589519650655022
10688,61,0.523326572008114
10647,61,0.986956521739131
12566,61,0.520628683693517
12485,61,0.478555304740406
219,61,0.520628683693517
12076,61,0.47380410022779
214,61,0.481900452488688
61,61,1
47,61,0.462389380530973
215,61,0.523421588594705
10648,61,0.471526195899772
17134,61,0.971223021582734
11780,61,0.989130434782609
100872,61,0.505905511811024
10649,61,0.506876227897839
10439,61,0.464692482915718
102578,61,0.485327313769752
102580,61,0.462222222222222
10688,47,0.436475409836066
10647,47,0.460176991150442
12566,47,0.430528375733855
12485,47,0.570796460176991
219,47,0.44689378757515
12076,47,0.963519313304721
214,47,0.571743929359823
61,47,0.462389380530973
47,47,1
215,47,0.434959349593496
10648,47,0.963519313304721
17134,47,0.244444444444444
11780,47,0.457964601769912
100872,47,0.437751004016064
10649,47,0.423300970873786
10439,47,0.974248927038627
102578,47,0.564835164835165
102580,47,0.952789699570815
10688,215,0.887218045112782
10647,215,0.525458248472505
12566,215,0.515151515151515
12485,215,0.461065573770492
219,215,0.528735632183908
12076,215,0.427698574338086
214,215,0.466531440162272
61,215,0.523421588594705
47,215,0.434959349593496
215,215,1
10648,215,0.421588594704684
17134,215,0.205607476635514
11780,215,0.525458248472505
100872,215,0.51031894934334
10649,215,0.517045454545455
10439,215,0.433808553971487
102578,215,0.466531440162272
102580,215,0.427698574338086
10688,10648,0.444672131147541
10647,10648,0.471526195899772
12566,10648,0.43687374749499
12485,10648,0.59825327510917
219,10648,0.434869739478958
12076,10648,0.989270386266094
214,10648,0.599128540305011
61,10648,0.471526195899772
47,10648,0.963519313304721
215,10648,0.421588594704684
10648,10648,1
17134,10648,0.244444444444444
11780,10648,0.471526195899772
100872,10648,0.431726907630522
10649,10648,0.43687374749499
10439,10648,0.967811158798283
102578,10648,0.592190889370933
102580,10648,0.957081545064378
10688,17134,0.588235294117647
10647,17134,0.942446043165468
12566,17134,0.647058823529412
12485,17134,0.270833333333333
219,17134,0.647058823529412
12076,17134,0.244444444444444
214,17134,0.270833333333333
61,17134,0.971223021582734
47,17134,0.244444444444444
215,17134,0.205607476635514
10648,17134,0.244444444444444
17134,17134,1
11780,17134,0.949640287769784
100872,17134,0.647058823529412
10649,17134,0.647058823529412
10439,17134,0.244444444444444
102578,17134,0.270833333333333
102580,17134,0.244444444444444
10688,11780,0.527383367139959
10647,11780,0.997826086956522
12566,11780,0.524557956777996
12485,11780,0.476297968397291
219,11780,0.522593320235756
12076,11780,0.47380410022779
214,11780,0.476297968397291
61,11780,0.989130434782609
47,11780,0.457964601769912
215,11780,0.525458248472505
10648,11780,0.471526195899772
17134,11780,0.949640287769784
11780,11780,1
100872,11780,0.509842519685039
10649,11780,0.518664047151277
10439,11780,0.462414578587699
102578,11780,0.483069977426637
102580,11780,0.462222222222222
10688,100872,0.515947467166979
10647,100872,0.511811023622047
12566,100872,0.910169491525424
12485,100872,0.456565656565657
219,100872,0.915254237288136
12076,100872,0.431726907630522
214,100872,0.442307692307692
61,100872,0.505905511811024
47,100872,0.437751004016064
215,100872,0.51031894934334
10648,100872,0.431726907630522
17134,100872,0.647058823529412
11780,100872,0.509842519685039
100872,100872,1
10649,100872,0.913559322033898
10439,100872,0.441767068273092
102578,100872,0.458585858585859
102580,100872,0.44578313253012
10688,10649,0.510280373831776
10647,10649,0.518664047151277
12566,10649,0.969439728353141
12485,10649,0.449596774193548
219,10649,0.916949152542373
12076,10649,0.432865731462926
214,10649,0.442307692307692
61,10649,0.506876227897839
47,10649,0.423300970873786
215,10649,0.517045454545455
10648,10649,0.43687374749499
17134,10649,0.647058823529412
11780,10649,0.518664047151277
100872,10649,0.913559322033898
10649,10649,1
10439,10649,0.430861723446894
102578,10649,0.446680080482897
102580,10649,0.427184466019418
10688,10439,0.44672131147541
10647,10439,0.464692482915718
12566,10439,0.434869739478958
12485,10439,0.596491228070175
219,10439,0.440881763527054
12076,10439,0.967811158798283
214,10439,0.596949891067538
61,10439,0.464692482915718
47,10439,0.974248927038627
215,10439,0.433808553971487
10648,10439,0.967811158798283
17134,10439,0.244444444444444
11780,10439,0.462414578587699
100872,10439,0.441767068273092
10649,10439,0.430861723446894
10439,10439,1
102578,10439,0.594360086767896
102580,10439,0.959227467811159
10688,102578,0.464646464646465
10647,102578,0.483069977426637
12566,102578,0.44758064516129
12485,102578,0.951781970649895
219,102578,0.465725806451613
12076,102578,0.594360086767896
214,102578,0.960251046025105
61,102578,0.485327313769752
47,102578,0.564835164835165
215,102578,0.466531440162272
10648,102578,0.592190889370933
17134,102578,0.270833333333333
11780,102578,0.483069977426637
100872,102578,0.458585858585859
10649,102578,0.446680080482897
10439,102578,0.594360086767896
102578,102578,1
102580,102578,0.587852494577007
10688,102580,0.444672131147541
10647,102580,0.462222222222222
12566,102580,0.432485322896282
12485,102580,0.581858407079646
219,102580,0.440881763527054
12076,102580,0.957081545064378
214,102580,0.589519650655022
61,102580,0.462222222222222
47,102580,0.952789699570815
215,102580,0.427698574338086
10648,102580,0.957081545064378
17134,102580,0.244444444444444
11780,102580,0.462222222222222
100872,102580,0.44578313253012
10649,102580,0.427184466019418
10439,102580,0.959227467811159
102578,102580,0.587852494577007
102580,102580,1
