Var1,Var2,Freq
10688,10688,1
10647,10688,0.38722699834898
12566,10688,0.437773888210502
12485,10688,0.347394373276221
219,10688,0.439397828710269
12076,10688,0.330800951600887
214,10688,0.352437345980642
61,10688,0.385532021379417
47,10688,0.335406069256583
215,10688,0.887347228271975
10648,10688,0.332515314506098
17134,10688,0.0364510497206899
11780,10688,0.386220748035283
100872,10688,0.435177621926578
10649,10688,0.440169835995861
10439,10688,0.339172171763513
102578,10688,0.352529170495326
102580,10688,0.340291688543233
10688,10647,0.38722699834898
10647,10647,1
12566,10647,0.36825751525252
12485,10647,0.374381308846899
219,10647,0.368263416494272
12076,10647,0.391135030437558
214,10647,0.37733274304644
61,10647,0.99055449831593
47,10647,0.385799505363383
215,10647,0.398956430679814
10648,10647,0.389664183197871
17134,10647,0.522533095808895
11780,10647,0.997331332656461
100872,10647,0.353730460108932
10649,10647,0.364230842620535
10439,10647,0.38453649772246
102578,10647,0.382730653669929
102580,10647,0.385344579268575
10688,12566,0.437773888210502
10647,12566,0.36825751525252
12566,12566,1
12485,12566,0.315079624377799
219,12566,0.92212491107515
12076,12566,0.309735821301788
214,12566,0.321347072673316
61,12566,0.36591084609842
47,12566,0.313026992956707
215,12566,0.435899044956309
10648,12566,0.308449124271978
17134,12566,0.034066334961632
11780,12566,0.368030778946622
100872,12566,0.896900537133215
10649,12566,0.969993476842792
10439,12566,0.312571371611634
102578,12566,0.319220476575486
102580,12566,0.309225422529175
10688,12485,0.347394373276221
10647,12485,0.374381308846899
12566,12485,0.315079624377799
12485,12485,1
219,12485,0.314771779043545
12076,12485,0.533759286150251
214,12485,0.954490845276191
61,12485,0.378295281580407
47,12485,0.52725498411034
215,12485,0.344769991736079
10648,12485,0.530587439750258
17134,12485,0.0304447061129448
11780,12485,0.376590916045589
100872,12485,0.304301573621614
10649,12485,0.31798024232374
10439,12485,0.531598041351505
102578,12485,0.953574113755779
102580,12485,0.530514925297007
10688,219,0.439397828710269
10647,219,0.368263416494272
12566,219,0.92212491107515
12485,219,0.314771779043545
219,219,1
12076,219,0.307971883276191
214,219,0.320309241100858
61,219,0.366649996647202
47,219,0.321123707473039
215,219,0.441261304060914
10648,219,0.308147757200244
17134,219,0.0340330507964189
11780,219,0.367671198226719
100872,219,0.915906906220663
10649,219,0.92212491107515
10439,219,0.316658933239445
102578,219,0.321085435876537
102580,219,0.312221410474067
10688,12076,0.330800951600887
10647,12076,0.391135030437558
12566,12076,0.309735821301788
12485,12076,0.533759286150251
219,12076,0.307971883276191
12076,12076,1
214,12076,0.53495429447145
61,12076,0.388512894077399
47,12076,0.965969659696597
215,12076,0.318302866361739
10648,12076,0.990780764892995
17134,12076,0.0254632789877703
11780,12076,0.389663691515432
100872,12076,0.293375665416111
10649,12076,0.304616220949692
10439,12076,0.972886194058942
102578,12076,0.534621927983643
102580,12076,0.959083320452333
10688,214,0.352437345980642
10647,214,0.37733274304644
12566,214,0.321347072673316
12485,214,0.954490845276191
219,214,0.320309241100858
12076,214,0.53495429447145
214,214,1
61,214,0.37961646239232
47,214,0.52967380409322
215,214,0.34865659294047
10648,214,0.534219655497828
17134,214,0.0311621494012724
11780,214,0.377506777329257
100872,214,0.311667038458265
10649,214,0.322071643299411
10439,214,0.535240291915032
102578,214,0.961680912774491
102580,214,0.53253245801588
10688,61,0.385532021379417
10647,61,0.99055449831593
12566,61,0.36591084609842
12485,61,0.378295281580407
219,61,0.366649996647202
12076,61,0.388512894077399
214,61,0.37961646239232
61,61,1
47,61,0.384820585685956
215,61,0.397645567311465
10648,61,0.387044163224228
17134,61,0.536556785940922
11780,61,0.993228011884127
100872,61,0.349924918251124
10649,61,0.361885826791337
10439,61,0.381089808665633
102578,61,0.385832919218768
102580,61,0.382717216027433
10688,47,0.335406069256583
10647,47,0.385799505363383
12566,47,0.313026992956707
12485,47,0.52725498411034
219,47,0.321123707473039
12076,47,0.965969659696597
214,47,0.52967380409322
61,47,0.384820585685956
47,47,1
215,47,0.32594519208471
10648,47,0.965785882073114
17134,47,0.0254632789877703
11780,47,0.383511106912557
100872,47,0.298131131314377
10649,47,0.310832878520094
10439,47,0.976172971741573
102578,47,0.526478410421059
102580,47,0.955793154687488
10688,215,0.887347228271975
10647,215,0.398956430679814
12566,215,0.435899044956309
12485,215,0.344769991736079
219,215,0.441261304060914
12076,215,0.318302866361739
214,215,0.34865659294047
61,215,0.397645567311465
47,215,0.32594519208471
215,215,1
10648,215,0.31887105154291
17134,215,0.0376909010211115
11780,215,0.397946246935248
100872,215,0.429222814417668
10649,215,0.435899044956309
10439,215,0.325083839976393
102578,215,0.351778363526854
102580,215,0.328485317523872
10688,10648,0.332515314506098
10647,10648,0.389664183197871
12566,10648,0.308449124271978
12485,10648,0.530587439750258
219,10648,0.308147757200244
12076,10648,0.990780764892995
214,10648,0.534219655497828
61,10648,0.387044163224228
47,10648,0.965785882073114
215,10648,0.31887105154291
10648,10648,1
17134,10648,0.0254476333463621
11780,10648,0.388194505955061
100872,10648,0.293560984157578
10649,10648,0.307718202176546
10439,10648,0.972699009236606
102578,10648,0.531444955363901
102580,10648,0.958905039909183
10688,17134,0.0364510497206899
10647,17134,0.522533095808895
12566,17134,0.034066334961632
12485,17134,0.0304447061129448
219,17134,0.0340330507964189
12076,17134,0.0254632789877703
214,17134,0.0311621494012724
61,17134,0.536556785940922
47,17134,0.0254632789877703
215,17134,0.0376909010211115
10648,17134,0.0254476333463621
17134,17134,1
11780,17134,0.528205189719313
100872,17134,0.0340774514034229
10649,17134,0.034066334961632
10439,17134,0.0255156402994675
102578,17134,0.0327251713966165
102580,17134,0.0255419423787111
10688,11780,0.386220748035283
10647,11780,0.997331332656461
12566,11780,0.368030778946622
12485,11780,0.376590916045589
219,11780,0.367671198226719
12076,11780,0.389663691515432
214,11780,0.377506777329257
61,11780,0.993228011884127
47,11780,0.383511106912557
215,11780,0.397946246935248
10648,11780,0.388194505955061
17134,11780,0.528205189719313
11780,11780,1
100872,11780,0.352780757830994
10649,11780,0.364006585538657
10439,11780,0.38224465962507
102578,11780,0.384124377945265
102580,11780,0.383873004109041
10688,100872,0.435177621926578
10647,100872,0.353730460108932
12566,100872,0.896900537133215
12485,100872,0.304301573621614
219,100872,0.915906906220663
12076,100872,0.293375665416111
214,100872,0.311667038458265
61,100872,0.349924918251124
47,100872,0.298131131314377
215,100872,0.429222814417668
10648,100872,0.293560984157578
17134,100872,0.0340774514034229
11780,100872,0.352780757830994
100872,100872,1
10649,100872,0.899184387173205
10439,100872,0.300943535816745
102578,100872,0.308789473534797
102580,100872,0.30088681983947
10688,10649,0.440169835995861
10647,10649,0.364230842620535
12566,10649,0.969993476842792
12485,10649,0.31798024232374
219,10649,0.92212491107515
12076,10649,0.304616220949692
214,10649,0.322071643299411
61,10649,0.361885826791337
47,10649,0.310832878520094
215,10649,0.435899044956309
10648,10649,0.307718202176546
17134,10649,0.034066334961632
11780,10649,0.364006585538657
100872,10649,0.899184387173205
10649,10649,1
10439,10649,0.310739183032433
102578,10649,0.317767823667293
102580,10649,0.307024529842134
10688,10439,0.339172171763513
10647,10439,0.38453649772246
12566,10439,0.312571371611634
12485,10439,0.531598041351505
219,10439,0.316658933239445
12076,10439,0.972886194058942
214,10439,0.535240291915032
61,10439,0.381089808665633
47,10439,0.976172971741573
215,10439,0.325083839976393
10648,10439,0.972699009236606
17134,10439,0.0255156402994675
11780,10439,0.38224465962507
100872,10439,0.300943535816745
10649,10439,0.310739183032433
10439,10439,1
102578,10439,0.534905269297417
102580,10439,0.96517669194966
10688,102578,0.352529170495326
10647,102578,0.382730653669929
12566,102578,0.319220476575486
12485,102578,0.953574113755779
219,102578,0.321085435876537
12076,102578,0.534621927983643
214,102578,0.961680912774491
61,102578,0.385832919218768
47,102578,0.526478410421059
215,102578,0.351778363526854
10648,102578,0.531444955363901
17134,102578,0.0327251713966165
11780,102578,0.384124377945265
100872,102578,0.308789473534797
10649,102578,0.317767823667293
10439,102578,0.534905269297417
102578,102578,1
102580,102578,0.532597625000007
10688,102580,0.340291688543233
10647,102580,0.385344579268575
12566,102580,0.309225422529175
12485,102580,0.530514925297007
219,102580,0.312221410474067
12076,102580,0.959083320452333
214,102580,0.53253245801588
61,102580,0.382717216027433
47,102580,0.955793154687488
215,102580,0.328485317523872
10648,102580,0.958905039909183
17134,102580,0.0255419423787111
11780,102580,0.383873004109041
100872,102580,0.30088681983947
10649,102580,0.307024529842134
10439,102580,0.96517669194966
102578,102580,0.532597625000007
102580,102580,1
