Var1,Var2,Freq
114,114,1
278,114,0.477272727272727
280,114,0.487341772151899
252,114,0.516233766233766
10657,114,0.841935483870968
11831,114,0.483766233766234
11736,114,0.521594684385382
12512,114,0.947852760736196
17086,114,0.511627906976744
12171,114,0.471337579617834
11806,114,0.947852760736196
12854,114,0.480519480519481
102981,114,0.938650306748466
12265,114,0.94478527607362
102815,114,0.459807073954984
114,278,0.477272727272727
278,278,1
280,278,0.387096774193548
252,278,0.606349206349206
10657,278,0.459119496855346
11831,278,0.876506024096386
11736,278,0.58125
12512,278,0.474025974025974
17086,278,0.577639751552795
12171,278,0.407894736842105
11806,278,0.474025974025974
12854,278,0.86144578313253
102981,278,0.474025974025974
12265,278,0.474025974025974
102815,278,0.411184210526316
114,280,0.487341772151899
278,280,0.387096774193548
280,280,1
252,280,0.416393442622951
10657,280,0.504731861198738
11831,280,0.4
11736,280,0.419141914191419
12512,280,0.482539682539683
17086,280,0.40655737704918
12171,280,0.740506329113924
11806,280,0.482539682539683
12854,280,0.403225806451613
102981,280,0.482428115015974
12265,280,0.492012779552716
102815,280,0.731012658227848
114,252,0.516233766233766
278,252,0.606349206349206
280,252,0.416393442622951
252,252,1
10657,252,0.465408805031447
11831,252,0.610062893081761
11736,252,0.866141732283465
12512,252,0.50974025974026
17086,252,0.860635696821516
12171,252,0.444816053511706
11806,252,0.50974025974026
12854,252,0.607476635514019
102981,252,0.503246753246753
12265,252,0.512987012987013
102815,252,0.444816053511706
114,10657,0.841935483870968
278,10657,0.459119496855346
280,10657,0.504731861198738
252,10657,0.465408805031447
10657,10657,1
11831,10657,0.449685534591195
11736,10657,0.488215488215488
12512,10657,0.825806451612903
17086,10657,0.484848484848485
12171,10657,0.495297805642633
11806,10657,0.825806451612903
12854,10657,0.455974842767296
102981,10657,0.809677419354839
12265,10657,0.819354838709677
102815,10657,0.487179487179487
114,11831,0.483766233766234
278,11831,0.876506024096386
280,11831,0.4
252,11831,0.610062893081761
10657,11831,0.449685534591195
11831,11831,1
11736,11831,0.605590062111801
12512,11831,0.477272727272727
17086,11831,0.585365853658537
12171,11831,0.404605263157895
11806,11831,0.477272727272727
12854,11831,0.957831325301205
102981,11831,0.470779220779221
12265,11831,0.480519480519481
102815,11831,0.394736842105263
114,11736,0.521594684385382
278,11736,0.58125
280,11736,0.419141914191419
252,11736,0.866141732283465
10657,11736,0.488215488215488
11831,11736,0.605590062111801
11736,11736,1
12512,11736,0.512987012987013
17086,11736,0.855643044619423
12171,11736,0.439189189189189
11806,11736,0.50974025974026
12854,11736,0.59214501510574
102981,11736,0.511627906976744
12265,11736,0.521594684385382
102815,11736,0.432432432432432
114,12512,0.947852760736196
278,12512,0.474025974025974
280,12512,0.482539682539683
252,12512,0.50974025974026
10657,12512,0.825806451612903
11831,12512,0.477272727272727
11736,12512,0.512987012987013
12512,12512,1
17086,12512,0.508305647840532
12171,12512,0.474522292993631
11806,12512,0.98159509202454
12854,12512,0.477272727272727
102981,12512,0.923312883435583
12265,12512,0.920245398773006
102815,12512,0.463022508038585
114,17086,0.511627906976744
278,17086,0.577639751552795
280,17086,0.40655737704918
252,17086,0.860635696821516
10657,17086,0.484848484848485
11831,17086,0.585365853658537
11736,17086,0.855643044619423
12512,17086,0.508305647840532
17086,17086,1
12171,17086,0.431438127090301
11806,17086,0.504983388704319
12854,17086,0.599358974358974
102981,17086,0.501661129568106
12265,17086,0.511627906976744
102815,17086,0.42809364548495
114,12171,0.471337579617834
278,12171,0.407894736842105
280,12171,0.740506329113924
252,12171,0.444816053511706
10657,12171,0.495297805642633
11831,12171,0.404605263157895
11736,12171,0.439189189189189
12512,12171,0.474522292993631
17086,12171,0.431438127090301
12171,12171,1
11806,12171,0.468152866242038
12854,12171,0.409836065573771
102981,12171,0.469453376205788
12265,12171,0.472668810289389
102815,12171,0.921875
114,11806,0.947852760736196
278,11806,0.474025974025974
280,11806,0.482539682539683
252,11806,0.50974025974026
10657,11806,0.825806451612903
11831,11806,0.477272727272727
11736,11806,0.50974025974026
12512,11806,0.98159509202454
17086,11806,0.504983388704319
12171,11806,0.468152866242038
11806,11806,1
12854,11806,0.477272727272727
102981,11806,0.923312883435583
12265,11806,0.917177914110429
102815,11806,0.466237942122186
114,12854,0.480519480519481
278,12854,0.86144578313253
280,12854,0.403225806451613
252,12854,0.607476635514019
10657,12854,0.455974842767296
11831,12854,0.957831325301205
11736,12854,0.59214501510574
12512,12854,0.477272727272727
17086,12854,0.599358974358974
12171,12854,0.409836065573771
11806,12854,0.477272727272727
12854,12854,1
102981,12854,0.470779220779221
12265,12854,0.474025974025974
102815,12854,0.39672131147541
114,102981,0.938650306748466
278,102981,0.474025974025974
280,102981,0.482428115015974
252,102981,0.503246753246753
10657,102981,0.809677419354839
11831,102981,0.470779220779221
11736,102981,0.511627906976744
12512,102981,0.923312883435583
17086,102981,0.501661129568106
12171,102981,0.469453376205788
11806,102981,0.923312883435583
12854,102981,0.470779220779221
102981,102981,1
12265,102981,0.914110429447853
102815,102981,0.461038961038961
114,12265,0.94478527607362
278,12265,0.474025974025974
280,12265,0.492012779552716
252,12265,0.512987012987013
10657,12265,0.819354838709677
11831,12265,0.480519480519481
11736,12265,0.521594684385382
12512,12265,0.920245398773006
17086,12265,0.511627906976744
12171,12265,0.472668810289389
11806,12265,0.917177914110429
12854,12265,0.474025974025974
102981,12265,0.914110429447853
12265,12265,1
102815,12265,0.467532467532468
114,102815,0.459807073954984
278,102815,0.411184210526316
280,102815,0.731012658227848
252,102815,0.444816053511706
10657,102815,0.487179487179487
11831,102815,0.394736842105263
11736,102815,0.432432432432432
12512,102815,0.463022508038585
17086,102815,0.42809364548495
12171,102815,0.921875
11806,102815,0.466237942122186
12854,102815,0.39672131147541
102981,102815,0.461038961038961
12265,102815,0.467532467532468
102815,102815,1
