Var1,Var2,Freq
114,114,1
278,114,0.391692327043978
280,114,0.451273688150186
252,114,0.399622475329708
10657,114,0.797406461671974
11831,114,0.394229483765615
11736,114,0.392982421897069
12512,114,0.9466826305779
17086,114,0.385972614806807
12171,114,0.441756590614312
11806,114,0.949022599348716
12854,114,0.392490885114604
102981,114,0.945036946452783
12265,114,0.95176091767822
102815,114,0.427252532297841
114,278,0.391692327043978
278,278,1
280,278,0.320428201084416
252,278,0.484875953857984
10657,278,0.39960042832074
11831,278,0.887084156485159
11736,278,0.472970072577904
12512,278,0.388404161625429
17086,278,0.459227733370782
12171,278,0.319049992940327
11806,278,0.389808722846334
12854,278,0.874601755728406
102981,278,0.382803873365863
12265,278,0.386300694320796
102815,278,0.316460178728343
114,280,0.451273688150186
278,280,0.320428201084416
280,280,1
252,280,0.314580553435433
10657,280,0.470817639870304
11831,280,0.329217696792645
11736,280,0.322921015713704
12512,280,0.450938250994162
17086,280,0.310479642489782
12171,280,0.74495635782988
11806,280,0.448189709280006
12854,280,0.331843977649512
102981,280,0.449271397044189
12265,280,0.453549448688545
102815,280,0.728720693504917
114,252,0.399622475329708
278,252,0.484875953857984
280,252,0.314580553435433
252,252,1
10657,252,0.384451444382965
11831,252,0.497178742660634
11736,252,0.787661405097152
12512,252,0.3951489043786
17086,252,0.850853286889695
12171,252,0.31009498459134
11806,252,0.396430717666139
12854,252,0.495208036803102
102981,252,0.390038180958146
12265,252,0.396889669878028
102815,252,0.308347539202983
114,10657,0.797406461671974
278,10657,0.39960042832074
280,10657,0.470817639870304
252,10657,0.384451444382965
10657,10657,1
11831,10657,0.395638183697787
11736,10657,0.379254846486879
12512,10657,0.779935693054122
17086,10657,0.380668698986652
12171,10657,0.467239977318851
11806,10657,0.782193820783977
12854,10657,0.401601524076334
102981,10657,0.772125989406522
12265,10657,0.778047976771752
102815,10657,0.450799860073928
114,11831,0.394229483765615
278,11831,0.887084156485159
280,11831,0.329217696792645
252,11831,0.497178742660634
10657,11831,0.395638183697787
11831,11831,1
11736,11831,0.492578058770503
12512,11831,0.390925315596473
17086,11831,0.473532709847234
12171,11831,0.318842011681903
11806,11831,0.392927192255748
12854,11831,0.960238022981753
102981,11831,0.384119308478111
12265,11831,0.392934615824624
102815,11831,0.316237124498248
114,11736,0.392982421897069
278,11736,0.472970072577904
280,11736,0.322921015713704
252,11736,0.787661405097152
10657,11736,0.379254846486879
11831,11736,0.492578058770503
11736,11736,1
12512,11736,0.395318056006801
17086,11736,0.769804370623472
12171,11736,0.313598661981897
11806,11736,0.3908185894135
12854,11736,0.482797793089484
102981,11736,0.38546845181803
12265,11736,0.394441804031683
102815,11736,0.311312119312487
114,12512,0.9466826305779
278,12512,0.388404161625429
280,12512,0.450938250994162
252,12512,0.3951489043786
10657,12512,0.779935693054122
11831,12512,0.390925315596473
11736,12512,0.395318056006801
12512,12512,1
17086,12512,0.384099563342955
12171,12512,0.444423914482904
11806,12512,0.982206578459736
12854,12512,0.390959744157067
102981,12512,0.925490466253872
12265,12512,0.92685852386133
102815,12512,0.429914201929845
114,17086,0.385972614806807
278,17086,0.459227733370782
280,17086,0.310479642489782
252,17086,0.850853286889695
10657,17086,0.380668698986652
11831,17086,0.473532709847234
11736,17086,0.769804370623472
12512,17086,0.384099563342955
17086,17086,1
12171,17086,0.302257829858553
11806,17086,0.380647157804789
12854,17086,0.466938759557031
102981,17086,0.38004684634986
12265,17086,0.38743333709264
102815,17086,0.301026135497595
114,12171,0.441756590614312
278,12171,0.319049992940327
280,12171,0.74495635782988
252,12171,0.31009498459134
10657,12171,0.467239977318851
11831,12171,0.318842011681903
11736,12171,0.313598661981897
12512,12171,0.444423914482904
17086,12171,0.302257829858553
12171,12171,1
11806,12171,0.440475392948632
12854,12171,0.320893364452252
102981,12171,0.432574522110949
12265,12171,0.439222467941199
102815,12171,0.922419747687276
114,11806,0.949022599348716
278,11806,0.389808722846334
280,11806,0.448189709280006
252,11806,0.396430717666139
10657,11806,0.782193820783977
11831,11806,0.392927192255748
11736,11806,0.3908185894135
12512,11806,0.982206578459736
17086,11806,0.380647157804789
12171,11806,0.440475392948632
11806,11806,1
12854,11806,0.391191698935205
102981,11806,0.92899814870007
12265,11806,0.924445458925614
102815,11806,0.427759356357761
114,12854,0.392490885114604
278,12854,0.874601755728406
280,12854,0.331843977649512
252,12854,0.495208036803102
10657,12854,0.401601524076334
11831,12854,0.960238022981753
11736,12854,0.482797793089484
12512,12854,0.390959744157067
17086,12854,0.466938759557031
12171,12854,0.320893364452252
11806,12854,0.391191698935205
12854,12854,1
102981,12854,0.384170830559325
12265,12854,0.387088260264369
102815,12854,0.318896913847626
114,102981,0.945036946452783
278,102981,0.382803873365863
280,102981,0.449271397044189
252,102981,0.390038180958146
10657,102981,0.772125989406522
11831,102981,0.384119308478111
11736,102981,0.38546845181803
12512,102981,0.925490466253872
17086,102981,0.38004684634986
12171,102981,0.432574522110949
11806,102981,0.92899814870007
12854,102981,0.384170830559325
102981,102981,1
12265,102981,0.930577086086189
102815,102981,0.419287285337417
114,12265,0.95176091767822
278,12265,0.386300694320796
280,12265,0.453549448688545
252,12265,0.396889669878028
10657,12265,0.778047976771752
11831,12265,0.392934615824624
11736,12265,0.394441804031683
12512,12265,0.92685852386133
17086,12265,0.38743333709264
12171,12265,0.439222467941199
11806,12265,0.924445458925614
12854,12265,0.387088260264369
102981,12265,0.930577086086189
12265,12265,1
102815,12265,0.427126107518539
114,102815,0.427252532297841
278,102815,0.316460178728343
280,102815,0.728720693504917
252,102815,0.308347539202983
10657,102815,0.450799860073928
11831,102815,0.316237124498248
11736,102815,0.311312119312487
12512,102815,0.429914201929845
17086,102815,0.301026135497595
12171,102815,0.922419747687276
11806,102815,0.427759356357761
12854,102815,0.318896913847626
102981,102815,0.419287285337417
12265,102815,0.427126107518539
102815,102815,1
