Var1,Var2,Freq
12742,12742,1
12474,12742,0.426194866815031
12514,12742,0.405148196312237
125,12742,0.406148804706218
218,12742,0.140325769940958
43,12742,0.176789306835399
103,12742,0.820879653648538
52,12742,0.134141704799565
50,12742,0.197987390392588
128,12742,0.421951736543031
216,12742,0.148805367308158
12887,12742,0.183306299241224
226,12742,0.203253340675808
12853,12742,0.403151108117819
10728,12742,0.202446513373587
10283,12742,0.186305478510716
10031,12742,0.177529370195294
12202,12742,0.212425625337139
11929,12742,0.211971022360239
10651,12742,0.403186688467018
17052,12742,0.186813354451185
10364,12742,0.145634694256062
17061,12742,0.427651996202776
12744,12742,0.136456869510251
10654,12742,0.138006864049108
100863,12742,0.185556358271451
101199,12742,0.206122037148251
104385,12742,0.401322671065728
12742,12474,0.426194866815031
12474,12474,1
12514,12474,0.445805883974382
125,12474,0.44646685870933
218,12474,0.162250757248024
43,12474,0.180141123404103
103,12474,0.427378135111781
52,12474,0.15041642263139
50,12474,0.195234166241118
128,12474,0.93448530495327
216,12474,0.167545685440803
12887,12474,0.190138370811831
226,12474,0.207404076821078
12853,12474,0.44410001536199
10728,12474,0.216002384124617
10283,12474,0.187108160014917
10031,12474,0.182955527909294
12202,12474,0.218499799694977
11929,12474,0.212602277007026
10651,12474,0.442616925501214
17052,12474,0.189253241299666
10364,12474,0.165329105120852
17061,12474,0.980857455064674
12744,12474,0.156733054154605
10654,12474,0.159559928269088
100863,12474,0.187558241857741
101199,12474,0.212809050847799
104385,12474,0.44141932666992
12742,12514,0.405148196312237
12474,12514,0.445805883974382
12514,12514,1
125,12514,0.936031240721519
218,12514,0.164094872944292
43,12514,0.203406261796883
103,12514,0.406633791794632
52,12514,0.157397631251665
50,12514,0.188951181991791
128,12514,0.442409448031207
216,12514,0.17046934371019
12887,12514,0.205720160493004
226,12514,0.206132162482195
12853,12514,0.946145139579449
10728,12514,0.209816108860844
10283,12514,0.210665896794335
10031,12514,0.203295438705835
12202,12514,0.210138489816739
11929,12514,0.209248258790462
10651,12514,0.917296322985299
17052,12514,0.208653565726124
10364,12514,0.168184986499569
17061,12514,0.446956352684722
12744,12514,0.160745024918953
10654,12514,0.166206082962093
100863,12514,0.200822937751715
101199,12514,0.199551215865229
104385,12514,0.928253049407985
12742,125,0.406148804706218
12474,125,0.44646685870933
12514,125,0.936031240721519
125,125,1
218,125,0.162127560209426
43,125,0.198767520873506
103,125,0.406883183901361
52,125,0.156665247957381
50,125,0.19027903580649
128,125,0.443839631878612
216,125,0.170573894068814
12887,125,0.203684079119143
226,125,0.210174887413435
12853,125,0.948358407854498
10728,125,0.212809534675104
10283,125,0.206062965155857
10031,125,0.203420121599314
12202,125,0.211150845957001
11929,125,0.21466610651958
10651,125,0.935022788810714
17052,125,0.204036499924407
10364,125,0.168288135841679
17061,125,0.447619033163758
12744,125,0.160014520486992
10654,125,0.165060708485445
100863,125,0.200946104238456
101199,125,0.205390229047069
104385,125,0.939020229130792
12742,218,0.140325769940958
12474,218,0.162250757248024
12514,218,0.164094872944292
125,218,0.162127560209426
218,218,1
43,218,0.133123878705453
103,218,0.143276881488579
52,218,0.443420923318342
50,218,0.122149267494531
128,218,0.16367023920485
216,218,0.409346603646583
12887,218,0.132503835267699
226,218,0.131129257003257
12853,218,0.161829987195884
10728,218,0.125394939613722
10283,218,0.134422681484356
10031,218,0.131615942344113
12202,218,0.135349670014607
11929,218,0.134614271366047
10651,218,0.165301125541102
17052,218,0.133044279898313
10364,218,0.413765858521783
17061,218,0.162669469575863
12744,218,0.446029271852118
10654,218,0.430529384657822
100863,218,0.134453104180566
101199,218,0.124287637656737
104385,218,0.165410717424825
12742,43,0.176789306835399
12474,43,0.180141123404103
12514,43,0.203406261796883
125,43,0.198767520873506
218,43,0.133123878705453
43,43,1
103,43,0.1720080700759
52,43,0.144812619456724
50,43,0.390528210531411
128,43,0.179957655256916
216,43,0.133029282699774
12887,43,0.883242591515034
226,43,0.350153832315053
12853,43,0.202725196818004
10728,43,0.411211782288554
10283,43,0.859048569090927
10031,43,0.882054386186168
12202,43,0.365749112620597
11929,43,0.361232717124689
10651,43,0.203797420037342
17052,43,0.864130741046026
10364,43,0.13145328124679
17061,43,0.180606004495565
12744,43,0.14703763058216
10654,43,0.149673086329192
100863,43,0.867899202471318
101199,43,0.412450436740906
104385,43,0.201696382245854
12742,103,0.820879653648538
12474,103,0.427378135111781
12514,103,0.406633791794632
125,103,0.406883183901361
218,103,0.143276881488579
43,103,0.1720080700759
103,103,1
52,103,0.136436155305142
50,103,0.190142574511144
128,103,0.422819781766689
216,103,0.145632394156488
12887,103,0.181576292771158
226,103,0.194940743779948
12853,103,0.402434134296645
10728,103,0.191133558112064
10283,103,0.181409222271838
10031,103,0.177439269530896
12202,103,0.198695752222852
11929,103,0.200269226837604
10651,103,0.402474137244458
17052,103,0.181903750828419
10364,103,0.144759234799183
17061,103,0.428481048262111
12744,103,0.136840751483235
10654,103,0.139884335735384
100863,103,0.18066984770852
101199,103,0.199221427177071
104385,103,0.400626859603869
12742,52,0.134141704799565
12474,52,0.15041642263139
12514,52,0.157397631251665
125,52,0.156665247957381
218,52,0.443420923318342
43,52,0.144812619456724
103,52,0.136436155305142
52,52,1
50,52,0.143284038366701
128,52,0.155401888174456
216,52,0.414421195588291
12887,52,0.14417561370587
226,52,0.140664371401587
12853,52,0.154722910126888
10728,52,0.147223055030463
10283,52,0.144731228726702
10031,52,0.144993899049383
12202,52,0.148615034570657
11929,52,0.146063601502165
10651,52,0.15405253514362
17052,52,0.145562897472458
10364,52,0.412961928399157
17061,52,0.151985831724206
12744,52,0.909892899717898
10654,52,0.887301670186032
100863,52,0.145200020562992
101199,52,0.145237459851473
104385,52,0.153356882920016
12742,50,0.197987390392588
12474,50,0.195234166241118
12514,50,0.188951181991791
125,50,0.19027903580649
218,50,0.122149267494531
43,50,0.390528210531411
103,50,0.190142574511144
52,50,0.143284038366701
50,50,1
128,50,0.190013427388149
216,50,0.133144311446626
12887,50,0.395545148250843
226,50,0.396290363795429
12853,50,0.19073628880027
10728,50,0.877599688308196
10283,50,0.391356868253822
10031,50,0.386533071586469
12202,50,0.392259544104678
11929,50,0.414931415140002
10651,50,0.185279666209851
17052,50,0.390719384658085
10364,50,0.138522765094933
17061,50,0.196121797179792
12744,50,0.146180419632039
10654,50,0.146612268193649
100863,50,0.389320329621775
101199,50,0.884099698328363
104385,50,0.188969350385651
12742,128,0.421951736543031
12474,128,0.93448530495327
12514,128,0.442409448031207
125,128,0.443839631878612
218,128,0.16367023920485
43,128,0.179957655256916
103,128,0.422819781766689
52,128,0.155401888174456
50,128,0.190013427388149
128,128,1
216,128,0.168173433273428
12887,128,0.18869616173
226,128,0.204667059225335
12853,128,0.441868274191905
10728,128,0.213359374834514
10283,128,0.185273876357186
10031,128,0.181539729344215
12202,128,0.21861559038411
11929,128,0.208988865925963
10651,128,0.440389275231549
17052,128,0.187408579935812
10364,128,0.165954047753502
17061,128,0.936162926337833
12744,128,0.160524327966099
10654,128,0.164532666079732
100863,128,0.185722202069683
101199,128,0.207481311149123
104385,128,0.439197029683304
12742,216,0.148805367308158
12474,216,0.167545685440803
12514,216,0.17046934371019
125,216,0.170573894068814
218,216,0.409346603646583
43,216,0.133029282699774
103,216,0.145632394156488
52,216,0.414421195588291
50,216,0.133144311446626
128,216,0.168173433273428
216,216,1
12887,216,0.132406785845516
226,216,0.130133345242802
12853,216,0.169015007574413
10728,216,0.131547437319666
10283,216,0.133903962479388
10031,216,0.128009538927709
12202,216,0.136598548214411
11929,216,0.135409468071374
10651,216,0.170434536288958
17052,216,0.132513839666081
10364,216,0.839133198160646
17061,216,0.167978062122183
12744,216,0.428845259375947
10654,216,0.428420471066698
100863,216,0.133934267778515
101199,216,0.139143900091674
104385,216,0.16887742919787
12742,12887,0.183306299241224
12474,12887,0.190138370811831
12514,12887,0.205720160493004
125,12887,0.203684079119143
218,12887,0.132503835267699
43,12887,0.883242591515034
103,12887,0.181576292771158
52,12887,0.14417561370587
50,12887,0.395545148250843
128,12887,0.18869616173
216,12887,0.132406785845516
12887,12887,1
226,12887,0.359335203791633
12853,12887,0.20546851494255
10728,12887,0.417570771561503
10283,12887,0.869695773619177
10031,12887,0.899071097127737
12202,12887,0.375989615005353
11929,12887,0.373320702572597
10651,12887,0.205246058390119
17052,12887,0.858383544621833
10364,12887,0.129964470248711
17061,12887,0.19062905129434
12744,12887,0.146835794343459
10654,12887,0.148588411074607
100863,12887,0.880811758196309
101199,12887,0.415338228688901
104385,12887,0.20573256855158
12742,226,0.203253340675808
12474,226,0.207404076821078
12514,226,0.206132162482195
125,226,0.210174887413435
218,226,0.131129257003257
43,226,0.350153832315053
103,226,0.194940743779948
52,226,0.140664371401587
50,226,0.396290363795429
128,226,0.204667059225335
216,226,0.130133345242802
12887,226,0.359335203791633
226,226,1
12853,226,0.211526511199147
10728,226,0.411899657677281
10283,226,0.348764248101992
10031,226,0.361318904326928
12202,226,0.759014393951907
11929,226,0.809445971005556
10651,226,0.20478570566736
17052,226,0.353845484974561
10364,226,0.128141187462594
17061,226,0.20917950875428
12744,226,0.142017059946698
10654,226,0.145090707348905
100863,226,0.352963375877768
101199,226,0.406630732720117
104385,226,0.207448396270953
12742,12853,0.403151108117819
12474,12853,0.44410001536199
12514,12853,0.946145139579449
125,12853,0.948358407854498
218,12853,0.161829987195884
43,12853,0.202725196818004
103,12853,0.402434134296645
52,12853,0.154722910126888
50,12853,0.19073628880027
128,12853,0.441868274191905
216,12853,0.169015007574413
12887,12853,0.20546851494255
226,12853,0.211526511199147
12853,12853,1
10728,12853,0.209967950933133
10283,12853,0.209978796918603
10031,12853,0.200035472494316
12202,12853,0.212086076550453
11929,12853,0.21163220022736
10651,12853,0.941464899087756
17052,12853,0.206676031647317
10364,12853,0.166744113967283
17061,12853,0.44524608182343
12744,12853,0.159307041277059
10654,12853,0.163927738034107
100863,12853,0.198429774310059
101199,12853,0.200937440487991
104385,12853,0.940961224045275
12742,10728,0.202446513373587
12474,10728,0.216002384124617
12514,10728,0.209816108860844
125,10728,0.212809534675104
218,10728,0.125394939613722
43,10728,0.411211782288554
103,10728,0.191133558112064
52,10728,0.147223055030463
50,10728,0.877599688308196
128,10728,0.213359374834514
216,10728,0.131547437319666
12887,10728,0.417570771561503
226,10728,0.411899657677281
12853,10728,0.209967950933133
10728,10728,1
10283,10728,0.411948542969317
10031,10728,0.408383786801431
12202,10728,0.412836803993947
11929,10728,0.432242230674236
10651,10728,0.203230631368537
17052,10728,0.40875521369658
10364,10728,0.133309917869912
17061,10728,0.216948607346277
12744,10728,0.146424381102588
10654,10728,0.151017203930939
100863,10728,0.40988899729126
101199,10728,0.912361854217917
104385,10728,0.206531713291536
12742,10283,0.186305478510716
12474,10283,0.187108160014917
12514,10283,0.210665896794335
125,10283,0.206062965155857
218,10283,0.134422681484356
43,10283,0.859048569090927
103,10283,0.181409222271838
52,10283,0.144731228726702
50,10283,0.391356868253822
128,10283,0.185273876357186
216,10283,0.133903962479388
12887,10283,0.869695773619177
226,10283,0.348764248101992
12853,10283,0.209978796918603
10728,10283,0.411948542969317
10283,10283,1
10031,10283,0.868088462421659
12202,10283,0.367987787258321
11929,10283,0.366272998950528
10651,10283,0.21019303919137
17052,10283,0.956900097544488
10364,10283,0.131889497957334
17061,10283,0.187591020585593
12744,10283,0.146941776302818
10654,10283,0.149562459745421
100863,10283,0.892509640413097
101199,10283,0.414889281807134
104385,10283,0.210236928935675
12742,10031,0.177529370195294
12474,10031,0.182955527909294
12514,10031,0.203295438705835
125,10031,0.203420121599314
218,10031,0.131615942344113
43,10031,0.882054386186168
103,10031,0.177439269530896
52,10031,0.144993899049383
50,10031,0.386533071586469
128,10031,0.181539729344215
216,10031,0.128009538927709
12887,10031,0.899071097127737
226,10031,0.361318904326928
12853,10031,0.200035472494316
10728,10031,0.408383786801431
10283,10031,0.868088462421659
10031,10031,1
12202,10031,0.375172282371553
11929,10031,0.371118045169653
10651,10031,0.201531437740904
17052,10031,0.868182176934858
10364,10031,0.127782517888531
17061,10031,0.183427671992201
12744,10031,0.146771638160212
10654,10031,0.149395787376268
100863,10031,0.885061191542734
101199,10031,0.407036827767188
104385,10031,0.201162144355247
12742,12202,0.212425625337139
12474,12202,0.218499799694977
12514,12202,0.210138489816739
125,12202,0.211150845957001
218,12202,0.135349670014607
43,12202,0.365749112620597
103,12202,0.198695752222852
52,12202,0.148615034570657
50,12202,0.392259544104678
128,12202,0.21861559038411
216,12202,0.136598548214411
12887,12202,0.375989615005353
226,12202,0.759014393951907
12853,12202,0.212086076550453
10728,12202,0.412836803993947
10283,12202,0.367987787258321
10031,12202,0.375172282371553
12202,12202,1
11929,12202,0.731732219547193
10651,12202,0.208771450696131
17052,12202,0.372718117373401
10364,12202,0.135874190133085
17061,12202,0.219063671083402
12744,12202,0.150437171647772
10654,12202,0.151779700310649
100863,12202,0.372718432681996
101199,12202,0.402648758424938
104385,12202,0.207948321974066
12742,11929,0.211971022360239
12474,11929,0.212602277007026
12514,11929,0.209248258790462
125,11929,0.21466610651958
218,11929,0.134614271366047
43,11929,0.361232717124689
103,11929,0.200269226837604
52,11929,0.146063601502165
50,11929,0.414931415140002
128,11929,0.208988865925963
216,11929,0.135409468071374
12887,11929,0.373320702572597
226,11929,0.809445971005556
12853,11929,0.21163220022736
10728,11929,0.432242230674236
10283,11929,0.366272998950528
10031,11929,0.371118045169653
12202,11929,0.731732219547193
11929,11929,1
10651,11929,0.20392034084567
17052,11929,0.36773637391175
10364,11929,0.128470839190012
17061,11929,0.213569693060797
12744,11929,0.147434598441415
10654,11929,0.14921442622853
100863,11929,0.368674602469451
101199,11929,0.424230813426764
104385,11929,0.205744798134057
12742,10651,0.403186688467018
12474,10651,0.442616925501214
12514,10651,0.917296322985299
125,10651,0.935022788810714
218,10651,0.165301125541102
43,10651,0.203797420037342
103,10651,0.402474137244458
52,10651,0.15405253514362
50,10651,0.185279666209851
128,10651,0.440389275231549
216,10651,0.170434536288958
12887,10651,0.205246058390119
226,10651,0.20478570566736
12853,10651,0.941464899087756
10728,10651,0.203230631368537
10283,10651,0.21019303919137
10031,10651,0.201531437740904
12202,10651,0.208771450696131
11929,10651,0.20392034084567
10651,10651,1
17052,10651,0.207748932861483
10364,10651,0.168150645511667
17061,10651,0.443759164627617
12744,10651,0.157398549394185
10654,10651,0.162433272752355
100863,10651,0.199922052760441
101199,10651,0.203182442185057
104385,10651,0.957409395149749
12742,17052,0.186813354451185
12474,17052,0.189253241299666
12514,17052,0.208653565726124
125,17052,0.204036499924407
218,17052,0.133044279898313
43,17052,0.864130741046026
103,17052,0.181903750828419
52,17052,0.145562897472458
50,17052,0.390719384658085
128,17052,0.187408579935812
216,17052,0.132513839666081
12887,17052,0.858383544621833
226,17052,0.353845484974561
12853,17052,0.206676031647317
10728,17052,0.40875521369658
10283,17052,0.956900097544488
10031,17052,0.868182176934858
12202,17052,0.372718117373401
11929,17052,0.36773637391175
10651,17052,0.207748932861483
17052,17052,1
10364,17052,0.130508914963891
17061,17052,0.189741637573185
12744,17052,0.147779562910279
10654,17052,0.150408682072744
100863,17052,0.869074638260506
101199,17052,0.408699018062976
104385,17052,0.207368246316282
12742,10364,0.145634694256062
12474,10364,0.165329105120852
12514,10364,0.168184986499569
125,10364,0.168288135841679
218,10364,0.413765858521783
43,10364,0.13145328124679
103,10364,0.144759234799183
52,10364,0.412961928399157
50,10364,0.138522765094933
128,10364,0.165954047753502
216,10364,0.839133198160646
12887,10364,0.129964470248711
226,10364,0.128141187462594
12853,10364,0.166744113967283
10728,10364,0.133309917869912
10283,10364,0.131889497957334
10031,10364,0.127782517888531
12202,10364,0.135874190133085
11929,10364,0.128470839190012
10651,10364,0.168150645511667
17052,10364,0.130508914963891
10364,10364,1
17061,10364,0.165755761585442
12744,10364,0.411794479611016
10654,10364,0.415526812631307
100863,10364,0.132353292562043
101199,10364,0.14454101852441
104385,10364,0.166608384100291
12742,17061,0.427651996202776
12474,17061,0.980857455064674
12514,17061,0.446956352684722
125,17061,0.447619033163758
218,17061,0.162669469575863
43,17061,0.180606004495565
103,17061,0.428481048262111
52,17061,0.151985831724206
50,17061,0.196121797179792
128,17061,0.936162926337833
216,17061,0.167978062122183
12887,17061,0.19062905129434
226,17061,0.20917950875428
12853,17061,0.44524608182343
10728,17061,0.216948607346277
10283,17061,0.187591020585593
10031,17061,0.183427671992201
12202,17061,0.219063671083402
11929,17061,0.213569693060797
10651,17061,0.443759164627617
17052,17061,0.189741637573185
10364,17061,0.165755761585442
17061,17061,1
12744,17061,0.157137527224977
10654,17061,0.161156672040304
100863,17061,0.188042263931878
101199,17061,0.213746160474525
104385,17061,0.442946004526352
12742,12744,0.136456869510251
12474,12744,0.156733054154605
12514,12744,0.160745024918953
125,12744,0.160014520486992
218,12744,0.446029271852118
43,12744,0.14703763058216
103,12744,0.136840751483235
52,12744,0.909892899717898
50,12744,0.146180419632039
128,12744,0.160524327966099
216,12744,0.428845259375947
12887,12744,0.146835794343459
226,12744,0.142017059946698
12853,12744,0.159307041277059
10728,12744,0.146424381102588
10283,12744,0.146941776302818
10031,12744,0.146771638160212
12202,12744,0.150437171647772
11929,12744,0.147434598441415
10651,12744,0.157398549394185
17052,12744,0.147779562910279
10364,12744,0.411794479611016
17061,12744,0.157137527224977
12744,12744,1
10654,12744,0.858410814440711
100863,12744,0.147411160027386
101199,12744,0.144440231004998
104385,12744,0.156696678983474
12742,10654,0.138006864049108
12474,10654,0.159559928269088
12514,10654,0.166206082962093
125,10654,0.165060708485445
218,10654,0.430529384657822
43,10654,0.149673086329192
103,10654,0.139884335735384
52,10654,0.887301670186032
50,10654,0.146612268193649
128,10654,0.164532666079732
216,10654,0.428420471066698
12887,10654,0.148588411074607
226,10654,0.145090707348905
12853,10654,0.163927738034107
10728,10654,0.151017203930939
10283,10654,0.149562459745421
10031,10654,0.149395787376268
12202,10654,0.151779700310649
11929,10654,0.14921442622853
10651,10654,0.162433272752355
17052,10654,0.150408682072744
10364,10654,0.415526812631307
17061,10654,0.161156672040304
12744,10654,0.858410814440711
10654,10654,1
100863,10654,0.149596308893697
101199,10654,0.145697121702847
104385,10654,0.161720955121319
12742,100863,0.185556358271451
12474,100863,0.187558241857741
12514,100863,0.200822937751715
125,100863,0.200946104238456
218,100863,0.134453104180566
43,100863,0.867899202471318
103,100863,0.18066984770852
52,100863,0.145200020562992
50,100863,0.389320329621775
128,100863,0.185722202069683
216,100863,0.133934267778515
12887,100863,0.880811758196309
226,100863,0.352963375877768
12853,100863,0.198429774310059
10728,100863,0.40988899729126
10283,100863,0.892509640413097
10031,100863,0.885061191542734
12202,100863,0.372718432681996
11929,100863,0.368674602469451
10651,100863,0.199922052760441
17052,100863,0.869074638260506
10364,100863,0.132353292562043
17061,100863,0.188042263931878
12744,100863,0.147411160027386
10654,100863,0.149596308893697
100863,100863,1
101199,100863,0.410687287894807
104385,100863,0.199126556407929
12742,101199,0.206122037148251
12474,101199,0.212809050847799
12514,101199,0.199551215865229
125,101199,0.205390229047069
218,101199,0.124287637656737
43,101199,0.412450436740906
103,101199,0.199221427177071
52,101199,0.145237459851473
50,101199,0.884099698328363
128,101199,0.207481311149123
216,101199,0.139143900091674
12887,101199,0.415338228688901
226,101199,0.406630732720117
12853,101199,0.200937440487991
10728,101199,0.912361854217917
10283,101199,0.414889281807134
10031,101199,0.407036827767188
12202,101199,0.402648758424938
11929,101199,0.424230813426764
10651,101199,0.203182442185057
17052,101199,0.408699018062976
10364,101199,0.14454101852441
17061,101199,0.213746160474525
12744,101199,0.144440231004998
10654,101199,0.145697121702847
100863,101199,0.410687287894807
101199,101199,1
104385,101199,0.202402874196187
12742,104385,0.401322671065728
12474,104385,0.44141932666992
12514,104385,0.928253049407985
125,104385,0.939020229130792
218,104385,0.165410717424825
43,104385,0.201696382245854
103,104385,0.400626859603869
52,104385,0.153356882920016
50,104385,0.188969350385651
128,104385,0.439197029683304
216,104385,0.16887742919787
12887,104385,0.20573256855158
226,104385,0.207448396270953
12853,104385,0.940961224045275
10728,104385,0.206531713291536
10283,104385,0.210236928935675
10031,104385,0.201162144355247
12202,104385,0.207948321974066
11929,104385,0.205744798134057
10651,104385,0.957409395149749
17052,104385,0.207368246316282
10364,104385,0.166608384100291
17061,104385,0.442946004526352
12744,104385,0.156696678983474
10654,104385,0.161720955121319
100863,104385,0.199126556407929
101199,104385,0.202402874196187
104385,104385,1
