Var1,Var2,Freq
12742,12742,1
12474,12742,0.652694610778443
12514,12742,0.597597597597598
125,12742,0.591591591591592
218,12742,0.327731092436975
43,12742,0.376899696048632
103,12742,0.853146853146853
52,12742,0.376344086021505
50,12742,0.368279569892473
128,12742,0.649700598802395
216,12742,0.373873873873874
12887,12742,0.386018237082067
226,12742,0.392857142857143
12853,12742,0.594594594594595
10728,12742,0.377410468319559
10283,12742,0.389057750759878
10031,12742,0.379939209726444
12202,12742,0.407407407407407
11929,12742,0.397058823529412
10651,12742,0.594594594594595
17052,12742,0.39209726443769
10364,12742,0.3963133640553
17061,12742,0.652694610778443
12744,12742,0.381720430107527
10654,12742,0.381720430107527
100863,12742,0.382978723404255
101199,12742,0.368421052631579
104385,12742,0.588588588588589
12742,12474,0.652694610778443
12474,12474,1
12514,12474,0.613180515759312
125,12474,0.620289855072464
218,12474,0.395
43,12474,0.348348348348348
103,12474,0.57985257985258
52,12474,0.372448979591837
50,12474,0.375
128,12474,0.944230769230769
216,12474,0.416243654822335
12887,12474,0.35474006116208
226,12474,0.366847826086956
12853,12474,0.611594202898551
10728,12474,0.383928571428571
10283,12474,0.34402332361516
10031,12474,0.342342342342342
12202,12474,0.396284829721362
11929,12474,0.380952380952381
10651,12474,0.618181818181818
17052,12474,0.357357357357357
10364,12474,0.420512820512821
17061,12474,0.978640776699029
12744,12474,0.38265306122449
10654,12474,0.387755102040816
100863,12474,0.357357357357357
101199,12474,0.376119402985075
104385,12474,0.606413994169096
12742,12514,0.597597597597598
12474,12514,0.613180515759312
12514,12514,1
125,12514,0.927038626609442
218,12514,0.388625592417062
43,12514,0.357954545454545
103,12514,0.606606606606607
52,12514,0.377880184331797
50,12514,0.341333333333333
128,12514,0.631419939577039
216,12514,0.407035175879397
12887,12514,0.34971098265896
226,12514,0.364179104477612
12853,12514,0.935622317596567
10728,12514,0.360795454545455
10283,12514,0.365781710914454
10031,12514,0.362017804154303
12202,12514,0.367088607594937
11929,12514,0.364197530864198
10651,12514,0.905579399141631
17052,12514,0.365781710914454
10364,12514,0.395348837209302
17061,12514,0.618768328445748
12744,12514,0.382488479262673
10654,12514,0.372
100863,12514,0.353658536585366
101199,12514,0.354166666666667
104385,12514,0.920600858369099
12742,125,0.591591591591592
12474,125,0.620289855072464
12514,125,0.927038626609442
125,125,1
218,125,0.391705069124424
43,125,0.355113636363636
103,125,0.585227272727273
52,125,0.377880184331797
50,125,0.353591160220995
128,125,0.623188405797101
216,125,0.412060301507538
12887,125,0.352601156069364
226,125,0.361963190184049
12853,125,0.939914163090129
10728,125,0.356125356125356
10283,125,0.36283185840708
10031,125,0.358255451713396
12202,125,0.373417721518987
11929,125,0.363905325443787
10651,125,0.920600858369099
17052,125,0.36283185840708
10364,125,0.4
17061,125,0.620289855072464
12744,125,0.382488479262673
10654,125,0.387096774193548
100863,125,0.361370716510903
101199,125,0.37037037037037
104385,125,0.929184549356223
12742,218,0.327731092436975
12474,218,0.395
12514,218,0.388625592417062
125,218,0.391705069124424
218,218,1
43,218,0.322727272727273
103,218,0.353448275862069
52,218,0.555294117647059
50,218,0.292490118577075
128,218,0.411458333333333
216,218,0.534562211981567
12887,218,0.309734513274336
226,218,0.330472103004292
12853,218,0.391705069124424
10728,218,0.320158102766798
10283,218,0.318181818181818
10031,218,0.313636363636364
12202,218,0.364485981308411
11929,218,0.350230414746544
10651,218,0.3963133640553
17052,218,0.318181818181818
10364,218,0.540229885057471
17061,218,0.395
12744,218,0.554245283018868
10654,218,0.534117647058824
100863,218,0.322727272727273
101199,218,0.317972350230415
104385,218,0.391705069124424
12742,43,0.376899696048632
12474,43,0.348348348348348
12514,43,0.357954545454545
125,43,0.355113636363636
218,43,0.322727272727273
43,43,1
103,43,0.367781155015198
52,43,0.37696335078534
50,43,0.56056338028169
128,43,0.351351351351351
216,43,0.320388349514563
12887,43,0.889952153110048
226,43,0.50778816199377
12853,43,0.366477272727273
10728,43,0.579411764705882
10283,43,0.870813397129187
10031,43,0.882775119617225
12202,43,0.517350157728707
11929,43,0.504587155963303
10651,43,0.363636363636364
17052,43,0.873205741626794
10364,43,0.342105263157895
17061,43,0.348348348348348
12744,43,0.382198952879581
10654,43,0.382198952879581
100863,43,0.880382775119617
101199,43,0.572254335260116
104385,43,0.367647058823529
12742,103,0.853146853146853
12474,103,0.57985257985258
12514,103,0.606606606606607
125,103,0.585227272727273
218,103,0.353448275862069
43,103,0.367781155015198
103,103,1
52,103,0.381720430107527
50,103,0.36968085106383
128,103,0.662686567164179
216,103,0.385416666666667
12887,103,0.373860182370821
226,103,0.390029325513196
12853,103,0.597597597597598
10728,103,0.367647058823529
10283,103,0.379939209726444
10031,103,0.376899696048632
12202,103,0.395061728395062
11929,103,0.392330383480826
10651,103,0.597597597597598
17052,103,0.382978723404255
10364,103,0.418848167539267
17061,103,0.665671641791045
12744,103,0.381720430107527
10654,103,0.387096774193548
100863,103,0.376899696048632
101199,103,0.365789473684211
104385,103,0.591591591591592
12742,52,0.376344086021505
12474,52,0.372448979591837
12514,52,0.377880184331797
125,52,0.377880184331797
218,52,0.555294117647059
43,52,0.37696335078534
103,52,0.381720430107527
52,52,1
50,52,0.366197183098592
128,52,0.351598173515982
216,52,0.518264840182648
12887,52,0.342592592592593
226,52,0.357142857142857
12853,52,0.368663594470046
10728,52,0.370892018779343
10283,52,0.355670103092784
10031,52,0.366492146596859
12202,52,0.359090909090909
11929,52,0.334745762711864
10651,52,0.364055299539171
17052,52,0.347222222222222
10364,52,0.521640091116173
17061,52,0.342465753424658
12744,52,0.908888888888889
10654,52,0.909492273730684
100863,52,0.355670103092784
101199,52,0.370892018779343
104385,52,0.364055299539171
12742,50,0.368279569892473
12474,50,0.375
12514,50,0.341333333333333
125,50,0.353591160220995
218,50,0.292490118577075
43,50,0.56056338028169
103,50,0.36968085106383
52,50,0.366197183098592
50,50,1
128,50,0.366946778711485
216,50,0.32046332046332
12887,50,0.55256064690027
226,50,0.525252525252525
12853,50,0.349333333333333
10728,50,0.905857740585774
10283,50,0.551246537396122
10031,50,0.553719008264463
12202,50,0.564564564564565
11929,50,0.533498759305211
10651,50,0.346666666666667
17052,50,0.546961325966851
10364,50,0.32156862745098
17061,50,0.375
12744,50,0.343173431734317
10654,50,0.366197183098592
100863,50,0.556473829201102
101199,50,0.914225941422594
104385,50,0.346666666666667
12742,128,0.649700598802395
12474,128,0.944230769230769
12514,128,0.631419939577039
125,128,0.623188405797101
218,128,0.411458333333333
43,128,0.351351351351351
103,128,0.662686567164179
52,128,0.351598173515982
50,128,0.366946778711485
128,128,1
216,128,0.416243654822335
12887,128,0.35474006116208
226,128,0.363881401617251
12853,128,0.612068965517241
10728,128,0.379310344827586
10283,128,0.34402332361516
10031,128,0.342342342342342
12202,128,0.392857142857143
11929,128,0.377976190476191
10651,128,0.618618618618619
17052,128,0.357357357357357
10364,128,0.420512820512821
17061,128,0.946153846153846
12744,128,0.356164383561644
10654,128,0.365296803652968
100863,128,0.357357357357357
101199,128,0.367816091954023
104385,128,0.612426035502959
12742,216,0.373873873873874
12474,216,0.416243654822335
12514,216,0.407035175879397
125,216,0.412060301507538
218,216,0.534562211981567
43,216,0.320388349514563
103,216,0.385416666666667
52,216,0.518264840182648
50,216,0.32046332046332
128,216,0.416243654822335
216,216,1
12887,216,0.305825242718447
226,216,0.36
12853,216,0.412060301507538
10728,216,0.339805825242718
10283,216,0.310679611650485
10031,216,0.311557788944724
12202,216,0.358585858585859
11929,216,0.359223300970874
10651,216,0.412060301507538
17052,216,0.310679611650485
10364,216,0.845982142857143
17061,216,0.416243654822335
12744,216,0.536529680365297
10654,216,0.522831050228311
100863,216,0.315533980582524
101199,216,0.3375
104385,216,0.402010050251256
12742,12887,0.386018237082067
12474,12887,0.35474006116208
12514,12887,0.34971098265896
125,12887,0.352601156069364
218,12887,0.309734513274336
43,12887,0.889952153110048
103,12887,0.373860182370821
52,12887,0.342592592592593
50,12887,0.55256064690027
128,12887,0.35474006116208
216,12887,0.305825242718447
12887,12887,1
226,12887,0.520249221183801
12853,12887,0.363112391930836
10728,12887,0.567415730337079
10283,12887,0.880382775119617
10031,12887,0.901913875598086
12202,12887,0.533123028391167
11929,12887,0.525993883792049
10651,12887,0.359420289855073
17052,12887,0.870813397129187
10364,12887,0.304761904761905
17061,12887,0.35474006116208
12744,12887,0.347222222222222
10654,12887,0.347222222222222
100863,12887,0.892344497607656
101199,12887,0.571014492753623
104385,12887,0.354466858789625
12742,226,0.392857142857143
12474,226,0.366847826086956
12514,226,0.364179104477612
125,226,0.361963190184049
218,226,0.330472103004292
43,226,0.50778816199377
103,226,0.390029325513196
52,226,0.357142857142857
50,226,0.525252525252525
128,226,0.363881401617251
216,226,0.36
12887,226,0.520249221183801
226,226,1
12853,226,0.363363363363363
10728,226,0.541114058355438
10283,226,0.507645259938838
10031,226,0.529595015576324
12202,226,0.838624338624339
11929,226,0.830882352941177
10651,226,0.357357357357357
17052,226,0.510703363914373
10364,226,0.342465753424658
17061,226,0.369973190348525
12744,226,0.36734693877551
10654,226,0.36734693877551
100863,226,0.510703363914373
101199,226,0.531088082901554
104385,226,0.357357357357357
12742,12853,0.594594594594595
12474,12853,0.611594202898551
12514,12853,0.935622317596567
125,12853,0.939914163090129
218,12853,0.391705069124424
43,12853,0.366477272727273
103,12853,0.597597597597598
52,12853,0.368663594470046
50,12853,0.349333333333333
128,12853,0.612068965517241
216,12853,0.412060301507538
12887,12853,0.363112391930836
226,12853,0.363363363363363
12853,12853,1
10728,12853,0.356125356125356
10283,12853,0.385294117647059
10031,12853,0.364985163204748
12202,12853,0.368253968253968
11929,12853,0.359133126934985
10651,12853,0.927038626609442
17052,12853,0.377581120943953
10364,12853,0.4
17061,12853,0.611594202898551
12744,12853,0.377880184331797
10654,12853,0.382488479262673
100863,12853,0.36890243902439
101199,12853,0.364985163204748
104385,12853,0.931330472103004
12742,10728,0.377410468319559
12474,10728,0.383928571428571
12514,10728,0.360795454545455
125,10728,0.356125356125356
218,10728,0.320158102766798
43,10728,0.579411764705882
103,10728,0.367647058823529
52,10728,0.370892018779343
50,10728,0.905857740585774
128,10728,0.379310344827586
216,10728,0.339805825242718
12887,10728,0.567415730337079
226,10728,0.541114058355438
12853,10728,0.356125356125356
10728,10728,1
10283,10728,0.504854368932039
10031,10728,0.564971751412429
12202,10728,0.552706552706553
11929,10728,0.565096952908587
10651,10728,0.362229102167183
17052,10728,0.561604584527221
10364,10728,0.320675105485232
17061,10728,0.383928571428571
12744,10728,0.370892018779343
10654,10728,0.358024691358025
100863,10728,0.588588588588589
101199,10728,0.918629550321199
104385,10728,0.362017804154303
12742,10283,0.389057750759878
12474,10283,0.34402332361516
12514,10283,0.365781710914454
125,10283,0.36283185840708
218,10283,0.318181818181818
43,10283,0.870813397129187
103,10283,0.379939209726444
52,10283,0.355670103092784
50,10283,0.551246537396122
128,10283,0.34402332361516
216,10283,0.310679611650485
12887,10283,0.880382775119617
226,10283,0.507645259938838
12853,10283,0.385294117647059
10728,10283,0.504854368932039
10283,10283,1
10031,10283,0.87799043062201
12202,10283,0.517133956386293
11929,10283,0.495798319327731
10651,10283,0.373529411764706
17052,10283,0.954545454545455
10364,10283,0.321428571428571
17061,10283,0.34402332361516
12744,10283,0.360824742268041
10654,10283,0.360824742268041
100863,10283,0.894736842105263
101199,10283,0.5
104385,10283,0.370588235294118
12742,10031,0.379939209726444
12474,10031,0.342342342342342
12514,10031,0.362017804154303
125,10031,0.358255451713396
218,10031,0.313636363636364
43,10031,0.882775119617225
103,10031,0.376899696048632
52,10031,0.366492146596859
50,10031,0.553719008264463
128,10031,0.342342342342342
216,10031,0.311557788944724
12887,10031,0.901913875598086
226,10031,0.529595015576324
12853,10031,0.364985163204748
10728,10031,0.564971751412429
10283,10031,0.87799043062201
10031,10031,1
12202,10031,0.533123028391167
11929,10031,0.529051987767584
10651,10031,0.36890243902439
17052,10031,0.87799043062201
10364,10031,0.328042328042328
17061,10031,0.342342342342342
12744,10031,0.371727748691099
10654,10031,0.371727748691099
100863,10031,0.88755980861244
101199,10031,0.594594594594595
104385,10031,0.359050445103858
12742,12202,0.407407407407407
12474,12202,0.396284829721362
12514,12202,0.367088607594937
125,12202,0.373417721518987
218,12202,0.364485981308411
43,12202,0.517350157728707
103,12202,0.395061728395062
52,12202,0.359090909090909
50,12202,0.564564564564565
128,12202,0.392857142857143
216,12202,0.358585858585859
12887,12202,0.533123028391167
226,12202,0.838624338624339
12853,12202,0.368253968253968
10728,12202,0.552706552706553
10283,12202,0.517133956386293
10031,12202,0.533123028391167
12202,12202,1
11929,12202,0.836565096952909
10651,12202,0.365079365079365
17052,12202,0.520249221183801
10364,12202,0.338912133891213
17061,12202,0.396284829721362
12744,12202,0.368181818181818
10654,12202,0.388888888888889
100863,12202,0.520249221183801
101199,12202,0.570987654320988
104385,12202,0.361904761904762
12742,11929,0.397058823529412
12474,11929,0.380952380952381
12514,11929,0.364197530864198
125,11929,0.363905325443787
218,11929,0.350230414746544
43,11929,0.504587155963303
103,11929,0.392330383480826
52,11929,0.334745762711864
50,11929,0.533498759305211
128,11929,0.377976190476191
216,11929,0.359223300970874
12887,11929,0.525993883792049
226,11929,0.830882352941177
12853,11929,0.359133126934985
10728,11929,0.565096952908587
10283,11929,0.495798319327731
10031,11929,0.529051987767584
12202,11929,0.836565096952909
11929,11929,1
10651,11929,0.36
17052,11929,0.495798319327731
10364,11929,0.334975369458128
17061,11929,0.380952380952381
12744,11929,0.36986301369863
10654,11929,0.354545454545455
100863,11929,0.498591549295775
101199,11929,0.535064935064935
104385,11929,0.354938271604938
12742,10651,0.594594594594595
12474,10651,0.618181818181818
12514,10651,0.905579399141631
125,10651,0.920600858369099
218,10651,0.3963133640553
43,10651,0.363636363636364
103,10651,0.597597597597598
52,10651,0.364055299539171
50,10651,0.346666666666667
128,10651,0.618618618618619
216,10651,0.412060301507538
12887,10651,0.359420289855073
226,10651,0.357357357357357
12853,10651,0.927038626609442
10728,10651,0.362229102167183
10283,10651,0.373529411764706
10031,10651,0.36890243902439
12202,10651,0.365079365079365
11929,10651,0.36
10651,10651,1
17052,10651,0.368731563421829
10364,10651,0.4
17061,10651,0.618181818181818
12744,10651,0.368663594470046
10654,10651,0.373271889400922
100863,10651,0.359756097560976
101199,10651,0.362017804154303
104385,10651,0.952789699570815
12742,17052,0.39209726443769
12474,17052,0.357357357357357
12514,17052,0.365781710914454
125,17052,0.36283185840708
218,17052,0.318181818181818
43,17052,0.873205741626794
103,17052,0.382978723404255
52,17052,0.347222222222222
50,17052,0.546961325966851
128,17052,0.357357357357357
216,17052,0.310679611650485
12887,17052,0.870813397129187
226,17052,0.510703363914373
12853,17052,0.377581120943953
10728,17052,0.561604584527221
10283,17052,0.954545454545455
10031,17052,0.87799043062201
12202,17052,0.520249221183801
11929,17052,0.495798319327731
10651,17052,0.368731563421829
17052,17052,1
10364,17052,0.321428571428571
17061,17052,0.357357357357357
12744,17052,0.351851851851852
10654,17052,0.351851851851852
100863,17052,0.881642512077295
101199,17052,0.559659090909091
104385,17052,0.365781710914454
12742,10364,0.3963133640553
12474,10364,0.420512820512821
12514,10364,0.395348837209302
125,10364,0.4
218,10364,0.540229885057471
43,10364,0.342105263157895
103,10364,0.418848167539267
52,10364,0.521640091116173
50,10364,0.32156862745098
128,10364,0.420512820512821
216,10364,0.845982142857143
12887,10364,0.304761904761905
226,10364,0.342465753424658
12853,10364,0.4
10728,10364,0.320675105485232
10283,10364,0.321428571428571
10031,10364,0.328042328042328
12202,10364,0.338912133891213
11929,10364,0.334975369458128
10651,10364,0.4
17052,10364,0.321428571428571
10364,10364,1
17061,10364,0.420512820512821
12744,10364,0.530751708428246
10654,10364,0.517084282460137
100863,10364,0.321428571428571
101199,10364,0.336065573770492
104385,10364,0.390697674418605
12742,17061,0.652694610778443
12474,17061,0.978640776699029
12514,17061,0.618768328445748
125,17061,0.620289855072464
218,17061,0.395
43,17061,0.348348348348348
103,17061,0.665671641791045
52,17061,0.342465753424658
50,17061,0.375
128,17061,0.946153846153846
216,17061,0.416243654822335
12887,17061,0.35474006116208
226,17061,0.369973190348525
12853,17061,0.611594202898551
10728,17061,0.383928571428571
10283,17061,0.34402332361516
10031,17061,0.342342342342342
12202,17061,0.396284829721362
11929,17061,0.380952380952381
10651,17061,0.618181818181818
17052,17061,0.357357357357357
10364,17061,0.420512820512821
17061,17061,1
12744,17061,0.34703196347032
10654,17061,0.356164383561644
100863,17061,0.357357357357357
101199,17061,0.376119402985075
104385,17061,0.606413994169096
12742,12744,0.381720430107527
12474,12744,0.38265306122449
12514,12744,0.382488479262673
125,12744,0.382488479262673
218,12744,0.554245283018868
43,12744,0.382198952879581
103,12744,0.381720430107527
52,12744,0.908888888888889
50,12744,0.343173431734317
128,12744,0.356164383561644
216,12744,0.536529680365297
12887,12744,0.347222222222222
226,12744,0.36734693877551
12853,12744,0.377880184331797
10728,12744,0.370892018779343
10283,12744,0.360824742268041
10031,12744,0.371727748691099
12202,12744,0.368181818181818
11929,12744,0.36986301369863
10651,12744,0.368663594470046
17052,12744,0.351851851851852
10364,12744,0.530751708428246
17061,12744,0.34703196347032
12744,12744,1
10654,12744,0.883002207505519
100863,12744,0.360824742268041
101199,12744,0.370892018779343
104385,12744,0.368663594470046
12742,10654,0.381720430107527
12474,10654,0.387755102040816
12514,10654,0.372
125,10654,0.387096774193548
218,10654,0.534117647058824
43,10654,0.382198952879581
103,10654,0.387096774193548
52,10654,0.909492273730684
50,10654,0.366197183098592
128,10654,0.365296803652968
216,10654,0.522831050228311
12887,10654,0.347222222222222
226,10654,0.36734693877551
12853,10654,0.382488479262673
10728,10654,0.358024691358025
10283,10654,0.360824742268041
10031,10654,0.371727748691099
12202,10654,0.388888888888889
11929,10654,0.354545454545455
10651,10654,0.373271889400922
17052,10654,0.351851851851852
10364,10654,0.517084282460137
17061,10654,0.356164383561644
12744,10654,0.883002207505519
10654,10654,1
100863,10654,0.360824742268041
101199,10654,0.366197183098592
104385,10654,0.373271889400922
12742,100863,0.382978723404255
12474,100863,0.357357357357357
12514,100863,0.353658536585366
125,100863,0.361370716510903
218,100863,0.322727272727273
43,100863,0.880382775119617
103,100863,0.376899696048632
52,100863,0.355670103092784
50,100863,0.556473829201102
128,100863,0.357357357357357
216,100863,0.315533980582524
12887,100863,0.892344497607656
226,100863,0.510703363914373
12853,100863,0.36890243902439
10728,100863,0.588588588588589
10283,100863,0.894736842105263
10031,100863,0.88755980861244
12202,100863,0.520249221183801
11929,100863,0.498591549295775
10651,100863,0.359756097560976
17052,100863,0.881642512077295
10364,100863,0.321428571428571
17061,100863,0.357357357357357
12744,100863,0.360824742268041
10654,100863,0.360824742268041
100863,100863,1
101199,100863,0.588588588588589
104385,100863,0.364741641337386
12742,101199,0.368421052631579
12474,101199,0.376119402985075
12514,101199,0.354166666666667
125,101199,0.37037037037037
218,101199,0.317972350230415
43,101199,0.572254335260116
103,101199,0.365789473684211
52,101199,0.370892018779343
50,101199,0.914225941422594
128,101199,0.367816091954023
216,101199,0.3375
12887,101199,0.571014492753623
226,101199,0.531088082901554
12853,101199,0.364985163204748
10728,101199,0.918629550321199
10283,101199,0.5
10031,101199,0.594594594594595
12202,101199,0.570987654320988
11929,101199,0.535064935064935
10651,101199,0.362017804154303
17052,101199,0.559659090909091
10364,101199,0.336065573770492
17061,101199,0.376119402985075
12744,101199,0.370892018779343
10654,101199,0.366197183098592
100863,101199,0.588588588588589
101199,101199,1
104385,101199,0.357142857142857
12742,104385,0.588588588588589
12474,104385,0.606413994169096
12514,104385,0.920600858369099
125,104385,0.929184549356223
218,104385,0.391705069124424
43,104385,0.367647058823529
103,104385,0.591591591591592
52,104385,0.364055299539171
50,104385,0.346666666666667
128,104385,0.612426035502959
216,104385,0.402010050251256
12887,104385,0.354466858789625
226,104385,0.357357357357357
12853,104385,0.931330472103004
10728,104385,0.362017804154303
10283,104385,0.370588235294118
10031,104385,0.359050445103858
12202,104385,0.361904761904762
11929,104385,0.354938271604938
10651,104385,0.952789699570815
17052,104385,0.365781710914454
10364,104385,0.390697674418605
17061,104385,0.606413994169096
12744,104385,0.368663594470046
10654,104385,0.373271889400922
100863,104385,0.364741641337386
101199,104385,0.357142857142857
104385,104385,1
