Var1,Var2,Freq
11149,11149,1
100845,11149,0.307529162248144
100918,11149,0.380863039399625
10811,11149,0.656848306332842
101239,11149,0.272648083623693
101041,11149,0.339779005524862
101053,11149,0.306818181818182
11149,100845,0.307529162248144
100845,100845,1
100918,100845,0.599514563106796
10811,100845,0.326946107784431
101239,100845,0.325714285714286
101041,100845,0.451453308596166
101053,100845,0.607775871926815
11149,100918,0.380863039399625
100845,100918,0.599514563106796
100918,100918,1
10811,100918,0.451871657754011
101239,100918,0.439276485788114
101041,100918,0.602469135802469
101053,100918,0.59610705596107
11149,10811,0.656848306332842
100845,10811,0.326946107784431
100918,10811,0.451871657754011
10811,10811,1
101239,10811,0.272727272727273
101041,10811,0.344414893617021
101053,10811,0.322195704057279
11149,101239,0.272648083623693
100845,101239,0.325714285714286
100918,101239,0.439276485788114
10811,101239,0.272727272727273
101239,101239,1
101041,101239,0.323943661971831
101053,101239,0.304864864864865
11149,101041,0.339779005524862
100845,101041,0.451453308596166
100918,101041,0.602469135802469
10811,101041,0.344414893617021
101239,101041,0.323943661971831
101041,101041,1
101053,101041,0.439595192915876
11149,101053,0.306818181818182
100845,101053,0.607775871926815
100918,101053,0.59610705596107
10811,101053,0.322195704057279
101239,101053,0.304864864864865
101041,101053,0.439595192915876
101053,101053,1
