Var1,Var2,Freq
11149,11149,1
100845,11149,0.128827769125307
100918,11149,0.177443406802228
10811,11149,0.638429540936936
101239,11149,0.108993032045771
101041,11149,0.127402489267639
101053,11149,0.130591312216979
11149,100845,0.128827769125307
100845,100845,1
100918,100845,0.231289553309392
10811,100845,0.130803765358494
101239,100845,0.0941894936787015
101041,100845,0.347415767389832
101053,100845,0.596250130649192
11149,100918,0.177443406802228
100845,100918,0.231289553309392
100918,100918,1
10811,100918,0.18114411434958
101239,100918,0.139590977619532
101041,100918,0.245603340624295
101053,100918,0.233138104541477
11149,10811,0.638429540936936
100845,10811,0.130803765358494
100918,10811,0.18114411434958
10811,10811,1
101239,10811,0.114119524320695
101041,10811,0.134604452328904
101053,10811,0.132209408398868
11149,101239,0.108993032045771
100845,101239,0.0941894936787015
100918,101239,0.139590977619532
10811,101239,0.114119524320695
101239,101239,1
101041,101239,0.103895556850592
101053,101239,0.0988856846732262
11149,101041,0.127402489267639
100845,101041,0.347415767389832
100918,101041,0.245603340624295
10811,101041,0.134604452328904
101239,101041,0.103895556850592
101041,101041,1
101053,101041,0.333488704209338
11149,101053,0.130591312216979
100845,101053,0.596250130649192
100918,101053,0.233138104541477
10811,101053,0.132209408398868
101239,101053,0.0988856846732262
101041,101053,0.333488704209338
101053,101053,1
