Var1,Var2,Freq
12263,12263,1
10216,12263,0.264436699791785
12247,12263,0.261398884212876
10878,12263,0.334866640388893
11635,12263,0.97983270749321
12635,12263,0.702818302157428
12504,12263,0.96860003652902
11636,12263,0.789721535577795
10880,12263,0.703967537199307
10876,12263,0.264136691604227
10901,12263,0.270302225941756
12665,12263,0.266196290000456
11617,12263,0.281974010062794
12263,10216,0.264436699791785
10216,10216,1
12247,10216,0.247253060537965
10878,10216,0.26552930417048
11635,10216,0.265134091760262
12635,10216,0.244425168123087
12504,10216,0.262047602873151
11636,10216,0.270914698127434
10880,10216,0.243400250903186
10876,10216,0.240783299083294
10901,10216,0.701500768564917
12665,10216,0.216049166356058
11617,10216,0.269909630848777
12263,12247,0.261398884212876
10216,12247,0.247253060537965
12247,12247,1
10878,12247,0.345302670262313
11635,12247,0.261230932621979
12635,12247,0.244002334278347
12504,12247,0.258058137457662
11636,12247,0.275224882495912
10880,12247,0.243032628446692
10876,12247,0.912959938698298
10901,12247,0.241786287791052
12665,12247,0.606138952753661
11617,12247,0.376934282432134
12263,10878,0.334866640388893
10216,10878,0.26552930417048
12247,10878,0.345302670262313
10878,10878,1
11635,10878,0.334740709805797
12635,10878,0.283699478696316
12504,10878,0.330338875108635
11636,10878,0.332168512295493
10880,10878,0.284803913330867
10876,10878,0.34597926617475
10901,10878,0.268012703717654
12665,10878,0.347985816224253
11617,10878,0.574695375378679
12263,11635,0.97983270749321
10216,11635,0.265134091760262
12247,11635,0.261230932621979
10878,11635,0.334740709805797
11635,11635,1
12635,11635,0.703914251456917
12504,11635,0.982990545778834
11636,11635,0.79059661562042
10880,11635,0.70533212698112
10876,11635,0.262869148858825
10901,11635,0.270998810195255
12665,11635,0.26764409385275
11617,11635,0.282363167060544
12263,12635,0.702818302157428
10216,12635,0.244425168123087
12247,12635,0.244002334278347
10878,12635,0.283699478696316
11635,12635,0.703914251456917
12635,12635,1
12504,12635,0.693047756381694
11636,12635,0.670426674698503
10880,12635,0.991709650127151
10876,12635,0.245620104264832
10901,12635,0.245666821256249
12665,12635,0.236992925318559
11617,12635,0.258388939290569
12263,12504,0.96860003652902
10216,12504,0.262047602873151
12247,12504,0.258058137457662
10878,12504,0.330338875108635
11635,12504,0.982990545778834
12635,12504,0.693047756381694
12504,12504,1
11636,12504,0.779993883252049
10880,12504,0.694203197192983
10876,12504,0.260249010970436
10901,12504,0.267925207099536
12665,12504,0.263484819470585
11617,12504,0.279478990744622
12263,11636,0.789721535577795
10216,11636,0.270914698127434
12247,11636,0.275224882495912
10878,11636,0.332168512295493
11635,11636,0.79059661562042
12635,11636,0.670426674698503
12504,11636,0.779993883252049
11636,11636,1
10880,11636,0.668639798192621
10876,11636,0.275196598592344
10901,11636,0.268258668488592
12665,11636,0.269999778472516
11617,11636,0.288066098014246
12263,10880,0.703967537199307
10216,10880,0.243400250903186
12247,10880,0.243032628446692
10878,10880,0.284803913330867
11635,10880,0.70533212698112
12635,10880,0.991709650127151
12504,10880,0.694203197192983
11636,10880,0.668639798192621
10880,10880,1
10876,10880,0.244919666805704
10901,10880,0.24464581868197
12665,10880,0.236837039670357
11617,10880,0.258753594959155
12263,10876,0.264136691604227
10216,10876,0.240783299083294
12247,10876,0.912959938698298
10878,10876,0.34597926617475
11635,10876,0.262869148858825
12635,10876,0.245620104264832
12504,10876,0.260249010970436
11636,10876,0.275196598592344
10880,10876,0.244919666805704
10876,10876,1
10901,10876,0.242986504130952
12665,10876,0.604932607091488
11617,10876,0.37733938894939
12263,10901,0.270302225941756
10216,10901,0.701500768564917
12247,10901,0.241786287791052
10878,10901,0.268012703717654
11635,10901,0.270998810195255
12635,10901,0.245666821256249
12504,10901,0.267925207099536
11636,10901,0.268258668488592
10880,10901,0.24464581868197
10876,10901,0.242986504130952
10901,10901,1
12665,10901,0.218575762704151
11617,10901,0.282115437356976
12263,12665,0.266196290000456
10216,12665,0.216049166356058
12247,12665,0.606138952753661
10878,12665,0.347985816224253
11635,12665,0.26764409385275
12635,12665,0.236992925318559
12504,12665,0.263484819470585
11636,12665,0.269999778472516
10880,12665,0.236837039670357
10876,12665,0.604932607091488
10901,12665,0.218575762704151
12665,12665,1
11617,12665,0.330427452855646
12263,11617,0.281974010062794
10216,11617,0.269909630848777
12247,11617,0.376934282432134
10878,11617,0.574695375378679
11635,11617,0.282363167060544
12635,11617,0.258388939290569
12504,11617,0.279478990744622
11636,11617,0.288066098014246
10880,11617,0.258753594959155
10876,11617,0.37733938894939
10901,11617,0.282115437356976
12665,11617,0.330427452855646
11617,11617,1
