Var1,Var2,Freq
12724,12724,1
10782,12724,0.427210884353741
17145,12724,0.514450867052023
11843,12724,0.840228245363766
12944,12724,0.545994065281899
10939,12724,0.769436997319035
10850,12724,0.429355281207133
10929,12724,0.80349932705249
12724,10782,0.427210884353741
10782,10782,1
17145,10782,0.5
11843,10782,0.420979020979021
12944,10782,0.502808988764045
10939,10782,0.422192151556157
10850,10782,0.656
10929,10782,0.427792915531335
12724,17145,0.514450867052023
10782,17145,0.5
17145,17145,1
11843,17145,0.509803921568627
12944,17145,0.751162790697674
10939,17145,0.486486486486486
10850,17145,0.509859154929577
10929,17145,0.502824858757062
12724,11843,0.840228245363766
10782,11843,0.420979020979021
17145,11843,0.509803921568627
11843,11843,1
12944,11843,0.530259365994236
10939,11843,0.770655270655271
10850,11843,0.433380084151473
10929,11843,0.796633941093969
12724,12944,0.545994065281899
10782,12944,0.502808988764045
17145,12944,0.751162790697674
11843,12944,0.530259365994236
12944,12944,1
10939,12944,0.533333333333333
10850,12944,0.489690721649485
10929,12944,0.532951289398281
12724,10939,0.769436997319035
10782,10939,0.422192151556157
17145,10939,0.486486486486486
11843,10939,0.770655270655271
12944,10939,0.533333333333333
10939,10939,1
10850,10939,0.438990182328191
10929,10939,0.748587570621469
12724,10850,0.429355281207133
10782,10850,0.656
17145,10850,0.509859154929577
11843,10850,0.433380084151473
12944,10850,0.489690721649485
10939,10850,0.438990182328191
10850,10850,1
10929,10850,0.420212765957447
12724,10929,0.80349932705249
10782,10929,0.427792915531335
17145,10929,0.502824858757062
11843,10929,0.796633941093969
12944,10929,0.532951289398281
10939,10929,0.748587570621469
10850,10929,0.420212765957447
10929,10929,1
