Var1,Var2,Freq
12724,12724,1
10782,12724,0.326983019251171
17145,12724,0.295095172610451
11843,12724,0.802043778900446
12944,12724,0.292722973145566
10939,12724,0.763118753179835
10850,12724,0.333717443853148
10929,12724,0.792370889810099
12724,10782,0.326983019251171
10782,10782,1
17145,10782,0.262303758547725
11843,10782,0.326729734266517
12944,10782,0.252968437305106
10939,10782,0.313536246620067
10850,10782,0.629884207833265
10929,10782,0.330891626289544
12724,17145,0.295095172610451
10782,17145,0.262303758547725
17145,17145,1
11843,17145,0.299277236448471
12944,17145,0.640011247694288
10939,17145,0.285542189976898
10850,17145,0.26315140728973
10929,17145,0.295951036201484
12724,11843,0.802043778900446
10782,11843,0.326729734266517
17145,11843,0.299277236448471
11843,11843,1
12944,11843,0.294328622498605
10939,11843,0.739845378733706
10850,11843,0.337050410357252
10929,11843,0.784451999407832
12724,12944,0.292722973145566
10782,12944,0.252968437305106
17145,12944,0.640011247694288
11843,12944,0.294328622498605
12944,12944,1
10939,12944,0.285326484085585
10850,12944,0.256108763583362
10929,12944,0.293868129972086
12724,10939,0.763118753179835
10782,10939,0.313536246620067
17145,10939,0.285542189976898
11843,10939,0.739845378733706
12944,10939,0.285326484085585
10939,10939,1
10850,10939,0.320976685629776
10929,10939,0.721144816468046
12724,10850,0.333717443853148
10782,10850,0.629884207833265
17145,10850,0.26315140728973
11843,10850,0.337050410357252
12944,10850,0.256108763583362
10939,10850,0.320976685629776
10850,10850,1
10929,10850,0.339314196812274
12724,10929,0.792370889810099
10782,10929,0.330891626289544
17145,10929,0.295951036201484
11843,10929,0.784451999407832
12944,10929,0.293868129972086
10939,10929,0.721144816468046
10850,10929,0.339314196812274
10929,10929,1
