Var1,Var2,Freq
12263,12263,1
10216,12263,0.525373134328358
12247,12263,0.540760869565217
10878,12263,0.476851851851852
11635,12263,0.976190476190476
12635,12263,0.711509715994021
12504,12263,0.967261904761905
11636,12263,0.788922155688623
10880,12263,0.713004484304933
10876,12263,0.54177897574124
10901,12263,0.511428571428571
12665,12263,0.427469135802469
11617,12263,0.583333333333333
12263,10216,0.525373134328358
10216,10216,1
12247,10216,0.399558498896247
10878,10216,0.540697674418605
11635,10216,0.528358208955224
12635,10216,0.502923976608187
12504,10216,0.519402985074627
11636,10216,0.519287833827893
10880,10216,0.502923976608187
10876,10216,0.397350993377483
10901,10216,0.729310344827586
12665,10216,0.44213649851632
11617,10216,0.432967032967033
12263,12247,0.540760869565217
10216,12247,0.399558498896247
12247,12247,1
10878,12247,0.422222222222222
11635,12247,0.538251366120219
12635,12247,0.547058823529412
12504,12247,0.532786885245902
11636,12247,0.588588588588589
10880,12247,0.544117647058824
10876,12247,0.905185185185185
10901,12247,0.402654867256637
12665,12247,0.628368794326241
11617,12247,0.444094488188976
12263,10878,0.476851851851852
10216,10878,0.540697674418605
12247,10878,0.422222222222222
10878,10878,1
11635,10878,0.475308641975309
12635,10878,0.447916666666667
12504,10878,0.470679012345679
11636,10878,0.471582181259601
10880,10878,0.449404761904762
10876,10878,0.42962962962963
10901,10878,0.534682080924855
12665,10878,0.432592592592593
11617,10878,0.613297150610583
12263,11635,0.976190476190476
10216,11635,0.528358208955224
12247,11635,0.538251366120219
10878,11635,0.475308641975309
11635,11635,1
12635,11635,0.711509715994021
12504,11635,0.982142857142857
11636,11635,0.788922155688623
10880,11635,0.717910447761194
10876,11635,0.536388140161725
10901,11635,0.531157270029674
12665,11635,0.435185185185185
11617,11635,0.580357142857143
12263,12635,0.711509715994021
10216,12635,0.502923976608187
12247,12635,0.547058823529412
10878,12635,0.447916666666667
11635,12635,0.711509715994021
12635,12635,1
12504,12635,0.704035874439462
11636,12635,0.689604685212299
10880,12635,0.989956958393113
10876,12635,0.554896142433234
10901,12635,0.488571428571429
12665,12635,0.558208955223881
11617,12635,0.570588235294118
12263,12504,0.967261904761905
10216,12504,0.519402985074627
12247,12504,0.532786885245902
10878,12504,0.470679012345679
11635,12504,0.982142857142857
12635,12504,0.704035874439462
12504,12504,1
11636,12504,0.781437125748503
10880,12504,0.705530642750374
10876,12504,0.575301204819277
10901,12504,0.522255192878338
12665,12504,0.424382716049383
11617,12504,0.577380952380952
12263,11636,0.788922155688623
10216,11636,0.519287833827893
12247,11636,0.588588588588589
10878,11636,0.471582181259601
11635,11636,0.788922155688623
12635,11636,0.689604685212299
12504,11636,0.781437125748503
11636,11636,1
10880,11636,0.68814055636896
10876,11636,0.593373493975904
10901,11636,0.507374631268437
12665,11636,0.436251920122888
11617,11636,0.558659217877095
12263,10880,0.713004484304933
10216,10880,0.502923976608187
12247,10880,0.544117647058824
10878,10880,0.449404761904762
11635,10880,0.717910447761194
12635,10880,0.989956958393113
12504,10880,0.705530642750374
11636,10880,0.68814055636896
10880,10880,1
10876,10880,0.554896142433234
10901,10880,0.488571428571429
12665,10880,0.558208955223881
11617,10880,0.570588235294118
12263,10876,0.54177897574124
10216,10876,0.397350993377483
12247,10876,0.905185185185185
10878,10876,0.42962962962963
11635,10876,0.536388140161725
12635,10876,0.554896142433234
12504,10876,0.575301204819277
11636,10876,0.593373493975904
10880,10876,0.554896142433234
10876,10876,1
10901,10876,0.40929203539823
12665,10876,0.618439716312057
11617,10876,0.447077409162717
12263,10901,0.511428571428571
10216,10901,0.729310344827586
12247,10901,0.402654867256637
10878,10901,0.534682080924855
11635,10901,0.531157270029674
12635,10901,0.488571428571429
12504,10901,0.522255192878338
11636,10901,0.507374631268437
10880,10901,0.488571428571429
10876,10901,0.40929203539823
10901,10901,1
12665,10901,0.420765027322404
11617,10901,0.438752783964365
12263,12665,0.427469135802469
10216,12665,0.44213649851632
12247,12665,0.628368794326241
10878,12665,0.432592592592593
11635,12665,0.435185185185185
12635,12665,0.558208955223881
12504,12665,0.424382716049383
11636,12665,0.436251920122888
10880,12665,0.558208955223881
10876,12665,0.618439716312057
10901,12665,0.420765027322404
12665,12665,1
11617,12665,0.443894389438944
12263,11617,0.583333333333333
10216,11617,0.432967032967033
12247,11617,0.444094488188976
10878,11617,0.613297150610583
11635,11617,0.580357142857143
12635,11617,0.570588235294118
12504,11617,0.577380952380952
11636,11617,0.558659217877095
10880,11617,0.570588235294118
10876,11617,0.447077409162717
10901,11617,0.438752783964365
12665,11617,0.443894389438944
11617,11617,1
