Var1,Var2,Freq
115,115,1
12806,115,0.968658228685658
10692,115,0.294359386087909
10273,115,0.949517881178675
12807,115,0.962982971196836
17080,115,0.985802622113723
10026,115,0.292236931340515
101533,115,0.970217647289035
103451,115,0.222645560423754
103900,115,0.972915025597356
115,12806,0.968658228685658
12806,12806,1
10692,12806,0.296238913391141
10273,12806,0.926216813761063
12807,12806,0.942911594490992
17080,12806,0.958779443254818
10026,12806,0.29411430285551
101533,12806,0.970510638989916
103451,12806,0.220742156577979
103900,12806,0.951233129444142
115,10692,0.294359386087909
12806,10692,0.296238913391141
10692,10692,1
10273,10692,0.296955140150582
12807,10692,0.293457931680426
17080,10692,0.292535926973752
10026,10692,0.934517603263976
101533,10692,0.299365069394435
103451,10692,0.605823153795607
103900,10692,0.294438334563538
115,10273,0.949517881178675
12806,10273,0.926216813761063
10692,10273,0.296955140150582
10273,10273,1
12807,10273,0.957012911603162
17080,10273,0.943925478218835
10026,10273,0.29482539287278
101533,10273,0.937382728735868
103451,10273,0.224733287487747
103900,10273,0.945474932699571
115,12807,0.962982971196836
12806,12807,0.942911594490992
10692,12807,0.293457931680426
10273,12807,0.957012911603162
12807,12807,1
17080,12807,0.965425686002432
10026,12807,0.290278789032748
101533,12807,0.953557081340736
103451,12807,0.221901607146075
103900,12807,0.97451036510238
115,17080,0.985802622113723
12806,17080,0.958779443254818
10692,17080,0.292535926973752
10273,17080,0.943925478218835
12807,17080,0.965425686002432
17080,17080,1
10026,17080,0.289362007118168
101533,17080,0.967293476650723
103451,17080,0.221604430627112
103900,17080,0.976956616888265
115,10026,0.292236931340515
12806,10026,0.29411430285551
10692,10026,0.934517603263976
10273,10026,0.29482539287278
12807,10026,0.290278789032748
17080,10026,0.289362007118168
10026,10026,1
101533,10026,0.297232204732687
103451,10026,0.602166228434198
103900,10026,0.292315310564491
115,101533,0.970217647289035
12806,101533,0.970510638989916
10692,101533,0.299365069394435
10273,101533,0.937382728735868
12807,101533,0.953557081340736
17080,101533,0.967293476650723
10026,101533,0.297232204732687
101533,101533,1
103451,101533,0.225415834855611
103900,101533,0.960816026767569
115,103451,0.222645560423754
12806,103451,0.220742156577979
10692,103451,0.605823153795607
10273,103451,0.224733287487747
12807,103451,0.221901607146075
17080,103451,0.221604430627112
10026,103451,0.602166228434198
101533,103451,0.225415834855611
103451,103451,1
103900,103451,0.221842076197412
115,103900,0.972915025597356
12806,103900,0.951233129444142
10692,103900,0.294438334563538
10273,103900,0.945474932699571
12807,103900,0.97451036510238
17080,103900,0.976956616888265
10026,103900,0.292315310564491
101533,103900,0.960816026767569
103451,103900,0.221842076197412
103900,103900,1
