Var1,Var2,Freq
115,115,1
12806,115,0.952646239554318
10692,115,0.379432624113475
10273,115,0.941504178272981
12807,115,0.947075208913649
17080,115,0.977715877437326
10026,115,0.379432624113475
101533,115,0.963788300835655
103451,115,0.389830508474576
103900,115,0.958217270194986
115,12806,0.952646239554318
12806,12806,1
10692,12806,0.382978723404255
10273,12806,0.910863509749304
12807,12806,0.924791086350975
17080,12806,0.944289693593315
10026,12806,0.379432624113475
101533,12806,0.963788300835655
103451,12806,0.378151260504202
103900,12806,0.930362116991643
115,10692,0.379432624113475
12806,10692,0.382978723404255
10692,10692,1
10273,10692,0.382978723404255
12807,10692,0.382978723404255
17080,10692,0.379432624113475
10026,10692,0.922865013774105
101533,10692,0.386524822695035
103451,10692,0.970802919708029
103900,10692,0.379432624113475
115,10273,0.941504178272981
12806,10273,0.910863509749304
10692,10273,0.382978723404255
10273,10273,1
12807,10273,0.952646239554318
17080,10273,0.935933147632312
10026,10273,0.382978723404255
101533,10273,0.930362116991643
103451,10273,0.398305084745763
103900,10273,0.938718662952646
115,12807,0.947075208913649
12806,12807,0.924791086350975
10692,12807,0.382978723404255
10273,12807,0.952646239554318
12807,12807,1
17080,12807,0.952646239554318
10026,12807,0.375886524822695
101533,12807,0.941504178272981
103451,12807,0.38135593220339
103900,12807,0.96100278551532
115,17080,0.977715877437326
12806,17080,0.944289693593315
10692,17080,0.379432624113475
10273,17080,0.935933147632312
12807,17080,0.952646239554318
17080,17080,1
10026,17080,0.372340425531915
101533,17080,0.958217270194986
103451,17080,0.38135593220339
103900,17080,0.96100278551532
115,10026,0.379432624113475
12806,10026,0.379432624113475
10692,10026,0.922865013774105
10273,10026,0.382978723404255
12807,10026,0.375886524822695
17080,10026,0.372340425531915
10026,10026,1
101533,10026,0.386524822695035
103451,10026,0.970802919708029
103900,10026,0.379432624113475
115,101533,0.963788300835655
12806,101533,0.963788300835655
10692,101533,0.386524822695035
10273,101533,0.930362116991643
12807,101533,0.941504178272981
17080,101533,0.958217270194986
10026,101533,0.386524822695035
101533,101533,1
103451,101533,0.394957983193277
103900,101533,0.947075208913649
115,103451,0.389830508474576
12806,103451,0.378151260504202
10692,103451,0.970802919708029
10273,103451,0.398305084745763
12807,103451,0.38135593220339
17080,103451,0.38135593220339
10026,103451,0.970802919708029
101533,103451,0.394957983193277
103451,103451,1
103900,103451,0.389830508474576
115,103900,0.958217270194986
12806,103900,0.930362116991643
10692,103900,0.379432624113475
10273,103900,0.938718662952646
12807,103900,0.96100278551532
17080,103900,0.96100278551532
10026,103900,0.379432624113475
101533,103900,0.947075208913649
103451,103900,0.389830508474576
103900,103900,1
