Var1,Var2,Freq
11225,11225,1
10019,11225,0.347480106100796
12131,11225,0.664197530864197
10617,11225,0.399390243902439
11722,11225,0.371428571428571
12327,11225,0.393292682926829
10674,11225,0.284313725490196
17107,11225,0.438235294117647
10003,11225,0.4225
18044,11225,0.347953216374269
18046,11225,0.330409356725146
100244,11225,0.284722222222222
102389,11225,0.242677824267782
102401,11225,0.940886699507389
12252,11225,0.251207729468599
11225,10019,0.347480106100796
10019,10019,1
12131,10019,0.35978835978836
10617,10019,0.492307692307692
11722,10019,0.462311557788945
12327,10019,0.497448979591837
10674,10019,0.337552742616034
17107,10019,0.396419437340153
10003,10019,0.399509803921569
18044,10019,0.274787535410765
18046,10019,0.273273273273273
100244,10019,0.303405572755418
102389,10019,0.235294117647059
102401,10019,0.350132625994695
12252,10019,0.272727272727273
11225,12131,0.664197530864197
10019,12131,0.35978835978836
12131,12131,1
10617,12131,0.433846153846154
11722,12131,0.388471177944862
12327,12131,0.418461538461538
10674,12131,0.288702928870293
17107,12131,0.458823529411765
10003,12131,0.444444444444444
18044,12131,0.338192419825073
18046,12131,0.341389728096677
100244,12131,0.311355311355311
102389,12131,0.283842794759825
102401,12131,0.655086848635236
12252,12131,0.240663900414938
11225,10617,0.399390243902439
10019,10617,0.492307692307692
12131,10617,0.433846153846154
10617,10617,1
11722,10617,0.529411764705882
12327,10617,0.832474226804124
10674,10617,0.292035398230089
17107,10617,0.473529411764706
10003,10617,0.445273631840796
18044,10617,0.3
18046,10617,0.315789473684211
100244,10617,0.357894736842105
102389,10617,0.302752293577982
102401,10617,0.402439024390244
12252,10617,0.280487804878049
11225,11722,0.371428571428571
10019,11722,0.462311557788945
12131,11722,0.388471177944862
10617,11722,0.529411764705882
11722,11722,1
12327,11722,0.53030303030303
10674,11722,0.28
17107,11722,0.45974025974026
10003,11722,0.454767726161369
18044,11722,0.302114803625378
18046,11722,0.332326283987915
100244,11722,0.350609756097561
102389,11722,0.268292682926829
102401,11722,0.404191616766467
12252,11722,0.292682926829268
11225,12327,0.393292682926829
10019,12327,0.497448979591837
12131,12327,0.418461538461538
10617,12327,0.832474226804124
11722,12327,0.53030303030303
12327,12327,1
10674,12327,0.314159292035398
17107,12327,0.435897435897436
10003,12327,0.435643564356436
18044,12327,0.308641975308642
18046,12327,0.321100917431193
100244,12327,0.392523364485981
102389,12327,0.286585365853659
102401,12327,0.370572207084469
12252,12327,0.303643724696356
11225,10674,0.284313725490196
10019,10674,0.337552742616034
12131,10674,0.288702928870293
10617,10674,0.292035398230089
11722,10674,0.28
12327,10674,0.314159292035398
10674,10674,1
17107,10674,0.297619047619048
10003,10674,0.311023622047244
18044,10674,0.272251308900524
18046,10674,0.267015706806283
100244,10674,0.283898305084746
102389,10674,0.289473684210526
102401,10674,0.28921568627451
12252,10674,0.505882352941176
11225,17107,0.438235294117647
10019,17107,0.396419437340153
12131,17107,0.458823529411765
10617,17107,0.473529411764706
11722,17107,0.45974025974026
12327,17107,0.435897435897436
10674,17107,0.297619047619048
17107,17107,1
10003,17107,0.834183673469388
18044,17107,0.345132743362832
18046,17107,0.330383480825959
100244,17107,0.311572700296736
102389,17107,0.244979919678715
102401,17107,0.447058823529412
12252,17107,0.321428571428571
11225,10003,0.4225
10019,10003,0.399509803921569
12131,10003,0.444444444444444
10617,10003,0.445273631840796
11722,10003,0.454767726161369
12327,10003,0.435643564356436
10674,10003,0.311023622047244
17107,10003,0.834183673469388
10003,10003,1
18044,10003,0.339181286549708
18046,10003,0.331378299120235
100244,10003,0.291970802919708
102389,10003,0.285140562248996
102401,10003,0.453216374269006
12252,10003,0.308300395256917
11225,18044,0.347953216374269
10019,18044,0.274787535410765
12131,18044,0.338192419825073
10617,18044,0.3
11722,18044,0.302114803625378
12327,18044,0.308641975308642
10674,18044,0.272251308900524
17107,18044,0.345132743362832
10003,18044,0.339181286549708
18044,18044,1
18046,18044,0.655629139072848
100244,18044,0.29646017699115
102389,18044,0.245454545454545
102401,18044,0.338150289017341
12252,18044,0.366666666666667
11225,18046,0.330409356725146
10019,18046,0.273273273273273
12131,18046,0.341389728096677
10617,18046,0.315789473684211
11722,18046,0.332326283987915
12327,18046,0.321100917431193
10674,18046,0.267015706806283
17107,18046,0.330383480825959
10003,18046,0.331378299120235
18044,18046,0.655629139072848
18046,18046,1
100244,18046,0.254601226993865
102389,18046,0.273273273273273
102401,18046,0.324561403508772
12252,18046,0.241025641025641
11225,100244,0.284722222222222
10019,100244,0.303405572755418
12131,100244,0.311355311355311
10617,100244,0.357894736842105
11722,100244,0.350609756097561
12327,100244,0.392523364485981
10674,100244,0.283898305084746
17107,100244,0.311572700296736
10003,100244,0.291970802919708
18044,100244,0.29646017699115
18046,100244,0.254601226993865
100244,100244,1
102389,100244,0.303571428571429
102401,100244,0.278745644599303
12252,100244,0.266393442622951
11225,102389,0.242677824267782
10019,102389,0.235294117647059
12131,102389,0.283842794759825
10617,102389,0.302752293577982
11722,102389,0.268292682926829
12327,102389,0.286585365853659
10674,102389,0.289473684210526
17107,102389,0.244979919678715
10003,102389,0.285140562248996
18044,102389,0.245454545454545
18046,102389,0.273273273273273
100244,102389,0.303571428571429
102389,102389,1
102401,102389,0.238493723849372
12252,102389,0.263736263736264
11225,102401,0.940886699507389
10019,102401,0.350132625994695
12131,102401,0.655086848635236
10617,102401,0.402439024390244
11722,102401,0.404191616766467
12327,102401,0.370572207084469
10674,102401,0.28921568627451
17107,102401,0.447058823529412
10003,102401,0.453216374269006
18044,102401,0.338150289017341
18046,102401,0.324561403508772
100244,102401,0.278745644599303
102389,102401,0.238493723849372
102401,102401,1
12252,102401,0.256038647342995
11225,12252,0.251207729468599
10019,12252,0.272727272727273
12131,12252,0.240663900414938
10617,12252,0.280487804878049
11722,12252,0.292682926829268
12327,12252,0.303643724696356
10674,12252,0.505882352941176
17107,12252,0.321428571428571
10003,12252,0.308300395256917
18044,12252,0.366666666666667
18046,12252,0.241025641025641
100244,12252,0.266393442622951
102389,12252,0.263736263736264
102401,12252,0.256038647342995
12252,12252,1
