Var1,Var2,Freq
11225,11225,1
10019,11225,0.270502424706104
12131,11225,0.682025079678796
10617,11225,0.309641012009788
11722,11225,0.321499598379719
12327,11225,0.297996120263411
10674,11225,0.0754281847489497
17107,11225,0.361058899059853
10003,11225,0.364780359140476
18044,11225,0.204342184987496
18046,11225,0.181291569671987
100244,11225,0.126617677361482
102389,11225,0.0581565453066688
102401,11225,0.935261527420035
12252,11225,0.0523058568388625
11225,10019,0.270502424706104
10019,10019,1
12131,10019,0.297302872909039
10617,10019,0.474704927755927
11722,10019,0.408338231552857
12327,10019,0.477430288668293
10674,10019,0.104141015872329
17107,10019,0.323688705243373
10003,10019,0.317298655627871
18044,10019,0.172965300366864
18046,10019,0.168550054621238
100244,10019,0.192806465277165
102389,10019,0.0876213891632038
102401,10019,0.262994074240273
12252,10019,0.0642848254557519
11225,12131,0.682025079678796
10019,12131,0.297302872909039
12131,12131,1
10617,12131,0.340327754131045
11722,12131,0.330728067590768
12327,12131,0.325521664585564
10674,12131,0.0637609191260583
17107,12131,0.38464978915357
10003,12131,0.392510285969408
18044,12131,0.196320514547008
18046,12131,0.18514525006818
100244,12131,0.156310347790529
102389,12131,0.0648296874428975
102401,12131,0.659713829579948
12252,12131,0.046332836933253
11225,10617,0.309641012009788
10019,10617,0.474704927755927
12131,10617,0.340327754131045
10617,10617,1
11722,10617,0.482633012160186
12327,10617,0.846763163428744
10674,10617,0.0715004525299393
17107,10617,0.374174446051973
10003,10617,0.383290780832934
18044,10617,0.178676458441439
18046,10617,0.180103105050076
100244,10617,0.242973658335158
102389,10617,0.11574834017113
102401,10617,0.313620214250899
12252,10617,0.0592524750565649
11225,11722,0.321499598379719
10019,11722,0.408338231552857
12131,11722,0.330728067590768
10617,11722,0.482633012160186
11722,11722,1
12327,11722,0.477484273150955
10674,11722,0.075667517952051
17107,11722,0.424114504829116
10003,11722,0.427654433709345
18044,11722,0.15649737378052
18046,11722,0.17178026180744
100244,11722,0.205324119900193
102389,11722,0.0843615168942991
102401,11722,0.327946916224659
12252,11722,0.0755570930770413
11225,12327,0.297996120263411
10019,12327,0.477430288668293
12131,12327,0.325521664585564
10617,12327,0.846763163428744
11722,12327,0.477484273150955
12327,12327,1
10674,12327,0.0765861976903556
17107,12327,0.370698176561169
10003,12327,0.372605737827223
18044,12327,0.182036926807207
18046,12327,0.184776228073695
100244,12327,0.251165986545234
102389,12327,0.12484643545505
102401,12327,0.305725759886834
12252,12327,0.0648723531018946
11225,10674,0.0754281847489497
10019,10674,0.104141015872329
12131,10674,0.0637609191260583
10617,10674,0.0715004525299393
11722,10674,0.075667517952051
12327,10674,0.0765861976903556
10674,10674,1
17107,10674,0.0714168073107191
10003,10674,0.06948057565512
18044,10674,0.0530443531986589
18046,10674,0.0467632414192035
100244,10674,0.053764581071289
102389,10674,0.0403476584376378
102401,10674,0.0736356050392883
12252,10674,0.427881043996309
11225,17107,0.361058899059853
10019,17107,0.323688705243373
12131,17107,0.38464978915357
10617,17107,0.374174446051973
11722,17107,0.424114504829116
12327,17107,0.370698176561169
10674,17107,0.0714168073107191
17107,17107,1
10003,17107,0.839504589693703
18044,17107,0.184221794929762
18046,17107,0.180169871009802
100244,17107,0.149056504037642
102389,17107,0.0631323678225677
102401,17107,0.370365228959419
12252,17107,0.0639816528274313
11225,10003,0.364780359140476
10019,10003,0.317298655627871
12131,10003,0.392510285969408
10617,10003,0.383290780832934
11722,10003,0.427654433709345
12327,10003,0.372605737827223
10674,10003,0.06948057565512
17107,10003,0.839504589693703
10003,10003,1
18044,10003,0.179669763706106
18046,10003,0.183192759115047
100244,10003,0.146923423978409
102389,10003,0.0681386350735363
102401,10003,0.367850344627744
12252,10003,0.0563982894170841
11225,18044,0.204342184987496
10019,18044,0.172965300366864
12131,18044,0.196320514547008
10617,18044,0.178676458441439
11722,18044,0.15649737378052
12327,18044,0.182036926807207
10674,18044,0.0530443531986589
17107,18044,0.184221794929762
10003,18044,0.179669763706106
18044,18044,1
18046,18044,0.680895957929862
100244,18044,0.0907732203130791
102389,18044,0.0707659280383632
102401,18044,0.202744947029504
12252,18044,0.0242465203561839
11225,18046,0.181291569671987
10019,18046,0.168550054621238
12131,18046,0.18514525006818
10617,18046,0.180103105050076
11722,18046,0.17178026180744
12327,18046,0.184776228073695
10674,18046,0.0467632414192035
17107,18046,0.180169871009802
10003,18046,0.183192759115047
18044,18046,0.680895957929862
18046,18046,1
100244,18046,0.087858876286054
102389,18046,0.0797679556532976
102401,18046,0.179052409227706
12252,18046,0.0280156833912258
11225,100244,0.126617677361482
10019,100244,0.192806465277165
12131,100244,0.156310347790529
10617,100244,0.242973658335158
11722,100244,0.205324119900193
12327,100244,0.251165986545234
10674,100244,0.053764581071289
17107,100244,0.149056504037642
10003,100244,0.146923423978409
18044,100244,0.0907732203130791
18046,100244,0.087858876286054
100244,100244,1
102389,100244,0.137797678463325
102401,100244,0.129776327019806
12252,100244,0.028278403243681
11225,102389,0.0581565453066688
10019,102389,0.0876213891632038
12131,102389,0.0648296874428975
10617,102389,0.11574834017113
11722,102389,0.0843615168942991
12327,102389,0.12484643545505
10674,102389,0.0403476584376378
17107,102389,0.0631323678225677
10003,102389,0.0681386350735363
18044,102389,0.0707659280383632
18046,102389,0.0797679556532976
100244,102389,0.137797678463325
102389,102389,1
102401,102389,0.056294497733597
12252,102389,0.0357728713735063
11225,102401,0.935261527420035
10019,102401,0.262994074240273
12131,102401,0.659713829579948
10617,102401,0.313620214250899
11722,102401,0.327946916224659
12327,102401,0.305725759886834
10674,102401,0.0736356050392883
17107,102401,0.370365228959419
10003,102401,0.367850344627744
18044,102401,0.202744947029504
18046,102401,0.179052409227706
100244,102401,0.129776327019806
102389,102401,0.056294497733597
102401,102401,1
12252,102401,0.0557710689621232
11225,12252,0.0523058568388625
10019,12252,0.0642848254557519
12131,12252,0.046332836933253
10617,12252,0.0592524750565649
11722,12252,0.0755570930770413
12327,12252,0.0648723531018946
10674,12252,0.427881043996309
17107,12252,0.0639816528274313
10003,12252,0.0563982894170841
18044,12252,0.0242465203561839
18046,12252,0.0280156833912258
100244,12252,0.028278403243681
102389,12252,0.0357728713735063
102401,12252,0.0557710689621232
12252,12252,1
