Var1,Var2,Freq
10402,10402,1
17115,10402,0.801089918256131
10034,10402,0.800539083557951
10677,10402,0.388235294117647
11156,10402,0.38
20109,10402,0.406040268456376
17021,10402,0.829201101928375
101090,10402,0.376666666666667
103521,10402,0.373076923076923
10402,17115,0.801089918256131
17115,17115,1
10034,17115,0.817438692098093
10677,17115,0.4
11156,17115,0.395348837209302
20109,17115,0.397476340694006
17021,17115,0.814207650273224
101090,17115,0.388704318936877
103521,17115,0.384615384615385
10402,10034,0.800539083557951
17115,10034,0.817438692098093
10034,10034,1
10677,10034,0.396078431372549
11156,10034,0.393220338983051
20109,10034,0.403389830508475
17021,10034,0.818181818181818
101090,10034,0.389830508474576
103521,10034,0.376923076923077
10402,10677,0.388235294117647
17115,10677,0.4
10034,10677,0.396078431372549
10677,10677,1
11156,10677,0.7217125382263
20109,10677,0.702702702702703
17021,10677,0.384313725490196
101090,10677,0.708708708708709
103521,10677,0.890207715133531
10402,11156,0.38
17115,11156,0.395348837209302
10034,11156,0.393220338983051
10677,11156,0.7217125382263
11156,11156,1
20109,11156,0.774928774928775
17021,11156,0.387959866220736
101090,11156,0.962962962962963
103521,11156,0.732522796352584
10402,20109,0.406040268456376
17115,20109,0.397476340694006
10034,20109,0.403389830508475
10677,20109,0.702702702702703
11156,20109,0.774928774928775
20109,20109,1
17021,20109,0.408783783783784
101090,20109,0.769886363636364
103521,20109,0.742424242424243
10402,17021,0.829201101928375
17115,17021,0.814207650273224
10034,17021,0.818181818181818
10677,17021,0.384313725490196
11156,17021,0.387959866220736
20109,17021,0.408783783783784
17021,17021,1
101090,17021,0.384615384615385
103521,17021,0.354304635761589
10402,101090,0.376666666666667
17115,101090,0.388704318936877
10034,101090,0.389830508474576
10677,101090,0.708708708708709
11156,101090,0.962962962962963
20109,101090,0.769886363636364
17021,101090,0.384615384615385
101090,101090,1
103521,101090,0.73030303030303
10402,103521,0.373076923076923
17115,103521,0.384615384615385
10034,103521,0.376923076923077
10677,103521,0.890207715133531
11156,103521,0.732522796352584
20109,103521,0.742424242424243
17021,103521,0.354304635761589
101090,103521,0.73030303030303
103521,103521,1
