Var1,Var2,Freq
10402,10402,1
17115,10402,0.794030128275415
10034,10402,0.771005425408536
10677,10402,0.237414546514342
11156,10402,0.273252297118684
20109,10402,0.285156079719795
17021,10402,0.779309316724468
101090,10402,0.267581074121105
103521,10402,0.24259958618581
10402,17115,0.794030128275415
17115,17115,1
10034,17115,0.800542387204669
10677,17115,0.253977846589797
11156,17115,0.289785243715581
20109,17115,0.291600432590316
17021,17115,0.806992508066486
101090,17115,0.283854349207542
103521,17115,0.25942901318734
10402,10034,0.771005425408536
17115,10034,0.800542387204669
10034,10034,1
10677,10034,0.24778809422301
11156,10034,0.283413562308292
20109,10034,0.285680870716372
17021,10034,0.776114710986891
101090,10034,0.278197522500382
103521,10034,0.249900224973173
10402,10677,0.237414546514342
17115,10677,0.253977846589797
10034,10677,0.24778809422301
10677,10677,1
11156,10677,0.669942166450852
20109,10677,0.639401265130927
17021,10677,0.241564653647595
101090,10677,0.663281776034412
103521,10677,0.893178938376074
10402,11156,0.273252297118684
17115,11156,0.289785243715581
10034,11156,0.283413562308292
10677,11156,0.669942166450852
11156,11156,1
20109,11156,0.777177307001802
17021,11156,0.283086118885971
101090,11156,0.963667218917588
103521,11156,0.697220761650114
10402,20109,0.285156079719795
17115,20109,0.291600432590316
10034,20109,0.285680870716372
10677,20109,0.639401265130927
11156,20109,0.777177307001802
20109,20109,1
17021,20109,0.287000677954268
101090,20109,0.779526153028828
103521,20109,0.691476401704609
10402,17021,0.779309316724468
17115,17021,0.806992508066486
10034,17021,0.776114710986891
10677,17021,0.241564653647595
11156,17021,0.283086118885971
20109,17021,0.287000677954268
17021,17021,1
101090,17021,0.278256989550582
103521,17021,0.245301132680927
10402,101090,0.267581074121105
17115,101090,0.283854349207542
10034,101090,0.278197522500382
10677,101090,0.663281776034412
11156,101090,0.963667218917588
20109,101090,0.779526153028828
17021,101090,0.278256989550582
101090,101090,1
103521,101090,0.696687945196187
10402,103521,0.24259958618581
17115,103521,0.25942901318734
10034,103521,0.249900224973173
10677,103521,0.893178938376074
11156,103521,0.697220761650114
20109,103521,0.691476401704609
17021,103521,0.245301132680927
101090,103521,0.696687945196187
103521,103521,1
