Var1,Var2,Freq
12724,12724,1
10782,12724,0.427210884353741
11843,12724,0.840228245363766
10939,12724,0.769436997319035
10850,12724,0.429355281207133
10929,12724,0.80349932705249
12724,10782,0.427210884353741
10782,10782,1
11843,10782,0.420979020979021
10939,10782,0.422192151556157
10850,10782,0.656
10929,10782,0.427792915531335
12724,11843,0.840228245363766
10782,11843,0.420979020979021
11843,11843,1
10939,11843,0.770655270655271
10850,11843,0.433380084151473
10929,11843,0.796633941093969
12724,10939,0.769436997319035
10782,10939,0.422192151556157
11843,10939,0.770655270655271
10939,10939,1
10850,10939,0.438990182328191
10929,10939,0.748587570621469
12724,10850,0.429355281207133
10782,10850,0.656
11843,10850,0.433380084151473
10939,10850,0.438990182328191
10850,10850,1
10929,10850,0.420212765957447
12724,10929,0.80349932705249
10782,10929,0.427792915531335
11843,10929,0.796633941093969
10939,10929,0.748587570621469
10850,10929,0.420212765957447
10929,10929,1
