Var1,Var2,Freq
12724,12724,1
10782,12724,0.326983019251171
11843,12724,0.802043778900446
10939,12724,0.763118753179835
10850,12724,0.333717443853148
10929,12724,0.792370889810099
12724,10782,0.326983019251171
10782,10782,1
11843,10782,0.326729734266517
10939,10782,0.313536246620067
10850,10782,0.629884207833265
10929,10782,0.330891626289544
12724,11843,0.802043778900446
10782,11843,0.326729734266517
11843,11843,1
10939,11843,0.739845378733706
10850,11843,0.337050410357252
10929,11843,0.784451999407832
12724,10939,0.763118753179835
10782,10939,0.313536246620067
11843,10939,0.739845378733706
10939,10939,1
10850,10939,0.320976685629776
10929,10939,0.721144816468046
12724,10850,0.333717443853148
10782,10850,0.629884207833265
11843,10850,0.337050410357252
10939,10850,0.320976685629776
10850,10850,1
10929,10850,0.339314196812274
12724,10929,0.792370889810099
10782,10929,0.330891626289544
11843,10929,0.784451999407832
10939,10929,0.721144816468046
10850,10929,0.339314196812274
10929,10929,1
