Var1,Var2,Freq
10659,10659,1
30001,10659,0.496153846153846
10970,10659,0.384030418250951
10971,10659,0.413953488372093
100824,10659,0.410852713178295
100850,10659,0.5
100854,10659,0.430817610062893
11364,10659,0.761301989150091
101032,10659,0.362962962962963
100140,10659,0.484615384615385
12967,10659,0.35632183908046
101332,10659,0.443262411347518
101317,10659,0.47843137254902
102399,10659,0.314176245210728
101503,10659,0.453183520599251
101504,10659,0.509433962264151
30028,10659,0.382239382239382
19907,10659,0.345454545454545
101433,10659,0.410666666666667
30031,10659,0.386100386100386
101612,10659,0.484615384615385
102770,10659,0.486486486486486
101269,10659,0.5
10659,30001,0.496153846153846
30001,30001,1
10970,30001,0.386100386100386
10971,30001,0.369230769230769
100824,30001,0.455223880597015
100850,30001,0.430555555555556
100854,30001,0.435897435897436
11364,30001,0.488461538461538
101032,30001,0.329931972789116
100140,30001,0.628891656288917
12967,30001,0.375
101332,30001,0.478764478764479
101317,30001,0.513761467889908
102399,30001,0.364312267657993
101503,30001,0.503875968992248
101504,30001,0.550314465408805
30028,30001,0.386100386100386
19907,30001,0.35632183908046
101433,30001,0.534375
30031,30001,0.367816091954023
101612,30001,0.665844636251541
102770,30001,0.582554517133956
101269,30001,0.498168498168498
10659,10970,0.384030418250951
30001,10970,0.386100386100386
10970,10970,1
10971,10970,0.476510067114094
100824,10970,0.343511450381679
100850,10970,0.390804597701149
100854,10970,0.345588235294118
11364,10970,0.376425855513308
101032,10970,0.325
100140,10970,0.393822393822394
12967,10970,0.330769230769231
101332,10970,0.328413284132841
101317,10970,0.38996138996139
102399,10970,0.338345864661654
101503,10970,0.357933579335793
101504,10970,0.363636363636364
30028,10970,0.823529411764706
19907,10970,0.413559322033898
101433,10970,0.364661654135338
30031,10970,0.694006309148265
101612,10970,0.382239382239382
102770,10970,0.363636363636364
101269,10970,0.402298850574713
10659,10971,0.413953488372093
30001,10971,0.369230769230769
10970,10971,0.476510067114094
10971,10971,1
100824,10971,0.390243902439024
100850,10971,0.33587786259542
100854,10971,0.363295880149813
11364,10971,0.418604651162791
101032,10971,0.308370044052863
100140,10971,0.361538461538462
12967,10971,0.32183908045977
101332,10971,0.353159851301115
101317,10971,0.403755868544601
102399,10971,0.411392405063291
101503,10971,0.391111111111111
101504,10971,0.375478927203065
30028,10971,0.494423791821561
19907,10971,0.374613003095975
101433,10971,0.354243542435424
30031,10971,0.51171875
101612,10971,0.369230769230769
102770,10971,0.386973180076628
101269,10971,0.343511450381679
10659,100824,0.410852713178295
30001,100824,0.455223880597015
10970,100824,0.343511450381679
10971,100824,0.390243902439024
100824,100824,1
100850,100824,0.324324324324324
100854,100824,0.409090909090909
11364,100824,0.414728682170543
101032,100824,0.297397769516729
100140,100824,0.455223880597015
12967,100824,0.294820717131474
101332,100824,0.422924901185771
101317,100824,0.436170212765957
102399,100824,0.312741312741313
101503,100824,0.426877470355731
101504,100824,0.4
30028,100824,0.324427480916031
19907,100824,0.318493150684932
101433,100824,0.398773006134969
30031,100824,0.36078431372549
101612,100824,0.437722419928826
102770,100824,0.397058823529412
101269,100824,0.350194552529183
10659,100850,0.5
30001,100850,0.430555555555556
10970,100850,0.390804597701149
10971,100850,0.33587786259542
100824,100850,0.324324324324324
100850,100850,1
100854,100850,0.425287356321839
11364,100850,0.50390625
101032,100850,0.338028169014085
100140,100850,0.486988847583643
12967,100850,0.347328244274809
101332,100850,0.416666666666667
101317,100850,0.501930501930502
102399,100850,0.332089552238806
101503,100850,0.405204460966543
101504,100850,0.447129909365559
30028,100850,0.371647509578544
19907,100850,0.334615384615385
101433,100850,0.442815249266862
30031,100850,0.357976653696498
101612,100850,0.488636363636364
102770,100850,0.43491124260355
101269,100850,0.770212765957447
10659,100854,0.430817610062893
30001,100854,0.435897435897436
10970,100854,0.345588235294118
10971,100854,0.363295880149813
100824,100854,0.409090909090909
100850,100854,0.425287356321839
100854,100854,1
11364,100854,0.490421455938697
101032,100854,0.33210332103321
100140,100854,0.398255813953488
12967,100854,0.345588235294118
101332,100854,0.437262357414449
101317,100854,0.424528301886792
102399,100854,0.315068493150685
101503,100854,0.424710424710425
101504,100854,0.42578125
30028,100854,0.371323529411765
19907,100854,0.347014925373134
101433,100854,0.447058823529412
30031,100854,0.349442379182156
101612,100854,0.423076923076923
102770,100854,0.397014925373134
101269,100854,0.436781609195402
10659,11364,0.761301989150091
30001,11364,0.488461538461538
10970,11364,0.376425855513308
10971,11364,0.418604651162791
100824,11364,0.414728682170543
100850,11364,0.50390625
100854,11364,0.490421455938697
11364,11364,1
101032,11364,0.366666666666667
100140,11364,0.476923076923077
12967,11364,0.346007604562738
101332,11364,0.464944649446494
101317,11364,0.474509803921569
102399,11364,0.306513409961686
101503,11364,0.466165413533835
101504,11364,0.426426426426426
30028,11364,0.378378378378378
19907,11364,0.335640138408304
101433,11364,0.423529411764706
30031,11364,0.38996138996139
101612,11364,0.476923076923077
102770,11364,0.478764478764479
101269,11364,0.50390625
10659,101032,0.362962962962963
30001,101032,0.329931972789116
10970,101032,0.325
10971,101032,0.308370044052863
100824,101032,0.297397769516729
100850,101032,0.338028169014085
100854,101032,0.33210332103321
11364,101032,0.366666666666667
101032,101032,1
100140,101032,0.321799307958478
12967,101032,0.32824427480916
101332,101032,0.312977099236641
101317,101032,0.312925170068027
102399,101032,0.292452830188679
101503,101032,0.305343511450382
101504,101032,0.315789473684211
30028,101032,0.316546762589928
19907,101032,0.288256227758007
101433,101032,0.327067669172932
30031,101032,0.273381294964029
101612,101032,0.335640138408304
102770,101032,0.319548872180451
101269,101032,0.343859649122807
10659,100140,0.484615384615385
30001,100140,0.628891656288917
10970,100140,0.393822393822394
10971,100140,0.361538461538462
100824,100140,0.455223880597015
100850,100140,0.486988847583643
100854,100140,0.398255813953488
11364,100140,0.476923076923077
101032,100140,0.321799307958478
100140,100140,1
12967,100140,0.355072463768116
101332,100140,0.437908496732026
101317,100140,0.620779220779221
102399,100140,0.353159851301115
101503,100140,0.511627906976744
101504,100140,0.547169811320755
30028,100140,0.378378378378378
19907,100140,0.35632183908046
101433,100140,0.523076923076923
30031,100140,0.363984674329502
101612,100140,0.684146341463415
102770,100140,0.579439252336449
101269,100140,0.5
10659,12967,0.35632183908046
30001,12967,0.375
10970,12967,0.330769230769231
10971,12967,0.32183908045977
100824,12967,0.294820717131474
100850,12967,0.347328244274809
100854,12967,0.345588235294118
11364,12967,0.346007604562738
101032,12967,0.32824427480916
100140,12967,0.355072463768116
12967,12967,1
101332,12967,0.319230769230769
101317,12967,0.352272727272727
102399,12967,0.316037735849057
101503,12967,0.3
101504,12967,0.35408560311284
30028,12967,0.334615384615385
19907,12967,0.288973384030418
101433,12967,0.3
30031,12967,0.313953488372093
101612,12967,0.371212121212121
102770,12967,0.386138613861386
101269,12967,0.343511450381679
10659,101332,0.443262411347518
30001,101332,0.478764478764479
10970,101332,0.328413284132841
10971,101332,0.353159851301115
100824,101332,0.422924901185771
100850,101332,0.416666666666667
100854,101332,0.437262357414449
11364,101332,0.464944649446494
101032,101332,0.312977099236641
100140,101332,0.437908496732026
12967,101332,0.319230769230769
101332,101332,1
101317,101332,0.494208494208494
102399,101332,0.333333333333333
101503,101332,0.573899371069182
101504,101332,0.466403162055336
30028,101332,0.342105263157895
19907,101332,0.37037037037037
101433,101332,0.482213438735178
30031,101332,0.323308270676692
101612,101332,0.482625482625483
102770,101332,0.48046875
101269,101332,0.420634920634921
10659,101317,0.47843137254902
30001,101317,0.513761467889908
10970,101317,0.38996138996139
10971,101317,0.403755868544601
100824,101317,0.436170212765957
100850,101317,0.501930501930502
100854,101317,0.424528301886792
11364,101317,0.474509803921569
101032,101317,0.312925170068027
100140,101317,0.620779220779221
12967,101317,0.352272727272727
101332,101317,0.494208494208494
101317,101317,1
102399,101317,0.366071428571429
101503,101317,0.523255813953488
101504,101317,0.556603773584906
30028,101317,0.386100386100386
19907,101317,0.360153256704981
101433,101317,0.539877300613497
30031,101317,0.375478927203065
101612,101317,0.540272614622057
102770,101317,0.579439252336449
101269,101317,0.515384615384615
10659,102399,0.314176245210728
30001,102399,0.364312267657993
10970,102399,0.338345864661654
10971,102399,0.411392405063291
100824,102399,0.312741312741313
100850,102399,0.332089552238806
100854,102399,0.315068493150685
11364,102399,0.306513409961686
101032,102399,0.292452830188679
100140,102399,0.353159851301115
12967,102399,0.316037735849057
101332,102399,0.333333333333333
101317,102399,0.366071428571429
102399,102399,1
101503,102399,0.353846153846154
101504,102399,0.325892857142857
30028,102399,0.334615384615385
19907,102399,0.280898876404494
101433,102399,0.312741312741313
30031,102399,0.334600760456274
101612,102399,0.360594795539033
102770,102399,0.3125
101269,102399,0.343396226415094
10659,101503,0.453183520599251
30001,101503,0.503875968992248
10970,101503,0.357933579335793
10971,101503,0.391111111111111
100824,101503,0.426877470355731
100850,101503,0.405204460966543
100854,101503,0.424710424710425
11364,101503,0.466165413533835
101032,101503,0.305343511450382
100140,101503,0.511627906976744
12967,101503,0.3
101332,101503,0.573899371069182
101317,101503,0.523255813953488
102399,101503,0.353846153846154
101503,101503,1
101504,101503,0.466403162055336
30028,101503,0.364661654135338
19907,101503,0.381481481481481
101433,101503,0.478260869565217
30031,101503,0.360902255639098
101612,101503,0.5
102770,101503,0.48062015503876
101269,101503,0.420634920634921
10659,101504,0.509433962264151
30001,101504,0.550314465408805
10970,101504,0.363636363636364
10971,101504,0.375478927203065
100824,101504,0.4
100850,101504,0.447129909365559
100854,101504,0.42578125
11364,101504,0.426426426426426
101032,101504,0.315789473684211
100140,101504,0.547169811320755
12967,101504,0.35408560311284
101332,101504,0.466403162055336
101317,101504,0.556603773584906
102399,101504,0.325892857142857
101503,101504,0.466403162055336
101504,101504,1
30028,101504,0.346153846153846
19907,101504,0.343511450381679
101433,101504,0.526742301458671
30031,101504,0.362204724409449
101612,101504,0.537735849056604
102770,101504,0.635542168674699
101269,101504,0.453453453453453
10659,30028,0.382239382239382
30001,30028,0.386100386100386
10970,30028,0.823529411764706
10971,30028,0.494423791821561
100824,30028,0.324427480916031
100850,30028,0.371647509578544
100854,30028,0.371323529411765
11364,30028,0.378378378378378
101032,30028,0.316546762589928
100140,30028,0.378378378378378
12967,30028,0.334615384615385
101332,30028,0.342105263157895
101317,30028,0.386100386100386
102399,30028,0.334615384615385
101503,30028,0.364661654135338
101504,30028,0.346153846153846
30028,30028,1
19907,30028,0.389830508474576
101433,30028,0.342105263157895
30031,30028,0.731481481481482
101612,30028,0.382239382239382
102770,30028,0.362934362934363
101269,30028,0.383141762452107
10659,19907,0.345454545454545
30001,19907,0.35632183908046
10970,19907,0.413559322033898
10971,19907,0.374613003095975
100824,19907,0.318493150684932
100850,19907,0.334615384615385
100854,19907,0.347014925373134
11364,19907,0.335640138408304
101032,19907,0.288256227758007
100140,19907,0.35632183908046
12967,19907,0.288973384030418
101332,19907,0.37037037037037
101317,19907,0.360153256704981
102399,19907,0.280898876404494
101503,19907,0.381481481481481
101504,19907,0.343511450381679
30028,19907,0.389830508474576
19907,19907,1
101433,19907,0.347517730496454
30031,19907,0.377104377104377
101612,19907,0.352490421455939
102770,19907,0.362595419847328
101269,19907,0.335714285714286
10659,101433,0.410666666666667
30001,101433,0.534375
10970,101433,0.364661654135338
10971,101433,0.354243542435424
100824,101433,0.398773006134969
100850,101433,0.442815249266862
100854,101433,0.447058823529412
11364,101433,0.423529411764706
101032,101433,0.327067669172932
100140,101433,0.523076923076923
12967,101433,0.3
101332,101433,0.482213438735178
101317,101433,0.539877300613497
102399,101433,0.312741312741313
101503,101433,0.478260869565217
101504,101433,0.526742301458671
30028,101433,0.342105263157895
19907,101433,0.347517730496454
101433,101433,1
30031,101433,0.32996632996633
101612,101433,0.507163323782235
102770,101433,0.580060422960725
101269,101433,0.4375
10659,30031,0.386100386100386
30001,30031,0.367816091954023
10970,30031,0.694006309148265
10971,30031,0.51171875
100824,30031,0.36078431372549
100850,30031,0.357976653696498
100854,30031,0.349442379182156
11364,30031,0.38996138996139
101032,30031,0.273381294964029
100140,30031,0.363984674329502
12967,30031,0.313953488372093
101332,30031,0.323308270676692
101317,30031,0.375478927203065
102399,30031,0.334600760456274
101503,30031,0.360902255639098
101504,30031,0.362204724409449
30028,30031,0.731481481481482
19907,30031,0.377104377104377
101433,30031,0.32996632996633
30031,30031,1
101612,30031,0.360153256704981
102770,30031,0.352941176470588
101269,30031,0.361867704280156
10659,101612,0.484615384615385
30001,101612,0.665844636251541
10970,101612,0.382239382239382
10971,101612,0.369230769230769
100824,101612,0.437722419928826
100850,101612,0.488636363636364
100854,101612,0.423076923076923
11364,101612,0.476923076923077
101032,101612,0.335640138408304
100140,101612,0.684146341463415
12967,101612,0.371212121212121
101332,101612,0.482625482625483
101317,101612,0.540272614622057
102399,101612,0.360594795539033
101503,101612,0.5
101504,101612,0.537735849056604
30028,101612,0.382239382239382
19907,101612,0.352490421455939
101433,101612,0.507163323782235
30031,101612,0.360153256704981
101612,101612,1
102770,101612,0.620567375886525
101269,101612,0.501831501831502
10659,102770,0.486486486486486
30001,102770,0.582554517133956
10970,102770,0.363636363636364
10971,102770,0.386973180076628
100824,102770,0.397058823529412
100850,102770,0.43491124260355
100854,102770,0.397014925373134
11364,102770,0.478764478764479
101032,102770,0.319548872180451
100140,102770,0.579439252336449
12967,102770,0.386138613861386
101332,102770,0.48046875
101317,102770,0.579439252336449
102399,102770,0.3125
101503,102770,0.48062015503876
101504,102770,0.635542168674699
30028,102770,0.362934362934363
19907,102770,0.362595419847328
101433,102770,0.580060422960725
30031,102770,0.352941176470588
101612,102770,0.620567375886525
102770,102770,1
101269,102770,0.438235294117647
10659,101269,0.5
30001,101269,0.498168498168498
10970,101269,0.402298850574713
10971,101269,0.343511450381679
100824,101269,0.350194552529183
100850,101269,0.770212765957447
100854,101269,0.436781609195402
11364,101269,0.50390625
101032,101269,0.343859649122807
100140,101269,0.5
12967,101269,0.343511450381679
101332,101269,0.420634920634921
101317,101269,0.515384615384615
102399,101269,0.343396226415094
101503,101269,0.420634920634921
101504,101269,0.453453453453453
30028,101269,0.383141762452107
19907,101269,0.335714285714286
101433,101269,0.4375
30031,101269,0.361867704280156
101612,101269,0.501831501831502
102770,101269,0.438235294117647
101269,101269,1
