Var1,Var2,Freq
10659,10659,1
30001,10659,0.195811763028517
10970,10659,0.177354748718436
10971,10659,0.14387470663689
100824,10659,0.203996778211469
100850,10659,0.207080032894371
100854,10659,0.196017926330913
11364,10659,0.745184801701949
101032,10659,0.150453974856714
100140,10659,0.200082314099524
12967,10659,0.136789604088729
101332,10659,0.193540732451385
101317,10659,0.190676978760922
102399,10659,0.0677964516899862
101503,10659,0.193539670452875
101504,10659,0.193215249301869
30028,10659,0.177768630512873
19907,10659,0.122778402937508
101433,10659,0.202917522775782
30031,10659,0.150205059647134
101612,10659,0.194326717708663
102770,10659,0.152946499473087
101269,10659,0.202182398274285
10659,30001,0.195811763028517
30001,30001,1
10970,30001,0.141214123119365
10971,30001,0.116682372755089
100824,30001,0.212066553444216
100850,30001,0.175835297927602
100854,30001,0.166020391178585
11364,30001,0.192148597780418
101032,30001,0.117172476256039
100140,30001,0.540282326363365
12967,30001,0.132025076268354
101332,30001,0.169812472922539
101317,30001,0.407690927316254
102399,30001,0.0675915678803858
101503,30001,0.174869262480957
101504,30001,0.200346038441956
30028,30001,0.145851385802346
19907,30001,0.106447220128585
101433,30001,0.218433289950972
30031,30001,0.114284437351222
101612,30001,0.603586235483928
102770,30001,0.184159297830773
101269,30001,0.172894014278375
10659,10970,0.177354748718436
30001,10970,0.141214123119365
10970,10970,1
10971,10970,0.31404680625702
100824,10970,0.182109099986118
100850,10970,0.154632175116916
100854,10970,0.162863705926832
11364,10970,0.175871595674192
101032,10970,0.121952641286629
100140,10970,0.144146203914735
12967,10970,0.148784663219599
101332,10970,0.147890813688474
101317,10970,0.142556290049337
102399,10970,0.0702282665717556
101503,10970,0.15385952049781
101504,10970,0.132569027207847
30028,10970,0.715390954017887
19907,10970,0.246266827653861
101433,10970,0.146686798451859
30031,10970,0.515862985606827
101612,10970,0.13894174160653
102770,10970,0.111409411083946
101269,10970,0.159061806889484
10659,10971,0.14387470663689
30001,10971,0.116682372755089
10970,10971,0.31404680625702
10971,10971,1
100824,10971,0.143175532203983
100850,10971,0.110825509896739
100854,10971,0.13042306459457
11364,10971,0.145667262735567
101032,10971,0.0751750760828052
100140,10971,0.118426374251611
12967,10971,0.102183270515074
101332,10971,0.127346466138379
101317,10971,0.118062824290918
102399,10971,0.0628580632918826
101503,10971,0.126932013982357
101504,10971,0.116196777400231
30028,10971,0.311824000115304
19907,10971,0.187141169365913
101433,10971,0.125767151349877
30031,10971,0.266196792080221
101612,10971,0.115653421654269
102770,10971,0.102843058103928
101269,10971,0.112498524875274
10659,100824,0.203996778211469
30001,100824,0.212066553444216
10970,100824,0.182109099986118
10971,100824,0.143175532203983
100824,100824,1
100850,100824,0.166812708158002
100854,100824,0.17831001658439
11364,100824,0.203837984977869
101032,100824,0.13160852108834
100140,100824,0.216678053356536
12967,100824,0.129742365197452
101332,100824,0.173357630366523
101317,100824,0.212824626689283
102399,100824,0.0775093599608995
101503,100824,0.178951336623158
101504,100824,0.199934013456775
30028,100824,0.173285969151266
19907,100824,0.116145823547007
101433,100824,0.209949167290972
30031,100824,0.161542536155989
101612,100824,0.212408779088928
102770,100824,0.17181597353438
101269,100824,0.163335717503284
10659,100850,0.207080032894371
30001,100850,0.175835297927602
10970,100850,0.154632175116916
10971,100850,0.110825509896739
100824,100850,0.166812708158002
100850,100850,1
100854,100850,0.155442139359199
11364,100850,0.205941790336918
101032,100850,0.129578812276107
100140,100850,0.178645676819785
12967,100850,0.124503492539346
101332,100850,0.156035709819803
101317,100850,0.175583430792632
102399,100850,0.0660298105819523
101503,100850,0.153262781832967
101504,100850,0.168891007703764
30028,100850,0.153537697027316
19907,100850,0.1027918304884
101433,100850,0.182717992209017
30031,100850,0.120083048758255
101612,100850,0.17250234930418
102770,100850,0.14740702720593
101269,100850,0.643383998763916
10659,100854,0.196017926330913
30001,100854,0.166020391178585
10970,100854,0.162863705926832
10971,100854,0.13042306459457
100824,100854,0.17831001658439
100850,100854,0.155442139359199
100854,100854,1
11364,100854,0.199089007695812
101032,100854,0.121094716009239
100140,100854,0.171535895832636
12967,100854,0.130735113509801
101332,100854,0.15351132393321
101317,100854,0.170343518501048
102399,100854,0.0574107573346643
101503,100854,0.143505236914725
101504,100854,0.13465403347925
30028,100854,0.181972623129072
19907,100854,0.104060897593162
101433,100854,0.151008280782884
30031,100854,0.139644853860625
101612,100854,0.162084364540735
102770,100854,0.12069754455507
101269,100854,0.156789202995634
10659,11364,0.745184801701949
30001,11364,0.192148597780418
10970,11364,0.175871595674192
10971,11364,0.145667262735567
100824,11364,0.203837984977869
100850,11364,0.205941790336918
100854,11364,0.199089007695812
11364,11364,1
101032,11364,0.156135121919788
100140,11364,0.19574390187114
12967,11364,0.136012292499049
101332,11364,0.195377450149762
101317,11364,0.187320779344998
102399,11364,0.0672294947043991
101503,11364,0.197698060183267
101504,11364,0.193454503866732
30028,11364,0.177109631426336
19907,11364,0.121751651957339
101433,11364,0.202373724214017
30031,11364,0.144167872152471
101612,11364,0.190113104865352
102770,11364,0.149633175821549
101269,11364,0.201354568808808
10659,101032,0.150453974856714
30001,101032,0.117172476256039
10970,101032,0.121952641286629
10971,101032,0.0751750760828052
100824,101032,0.13160852108834
100850,101032,0.129578812276107
100854,101032,0.121094716009239
11364,101032,0.156135121919788
101032,101032,1
100140,101032,0.117555533792128
12967,101032,0.105615149869386
101332,101032,0.111510725688227
101317,101032,0.114221444773481
102399,101032,0.0433930941374843
101503,101032,0.107018110332328
101504,101032,0.0946792459994373
30028,101032,0.117334754992783
19907,101032,0.0859963428717894
101433,101032,0.105610667131669
30031,101032,0.0830087262592165
101612,101032,0.118088448749437
102770,101032,0.0799857736839077
101269,101032,0.126259093019197
10659,100140,0.200082314099524
30001,100140,0.540282326363365
10970,100140,0.144146203914735
10971,100140,0.118426374251611
100824,100140,0.216678053356536
100850,100140,0.178645676819785
100854,100140,0.171535895832636
11364,100140,0.19574390187114
101032,100140,0.117555533792128
100140,100140,1
12967,100140,0.129676038507186
101332,100140,0.175416940552837
101317,100140,0.564287247176478
102399,100140,0.0676274216605672
101503,100140,0.181466240827399
101504,100140,0.206637181885367
30028,100140,0.146370613733923
19907,100140,0.108613535766832
101433,100140,0.221269915610232
30031,100140,0.117592043017501
101612,100140,0.604640685697796
102770,100140,0.188062725429964
101269,100140,0.175925992769704
10659,12967,0.136789604088729
30001,12967,0.132025076268354
10970,12967,0.148784663219599
10971,12967,0.102183270515074
100824,12967,0.129742365197452
100850,12967,0.124503492539346
100854,12967,0.130735113509801
11364,12967,0.136012292499049
101032,12967,0.105615149869386
100140,12967,0.129676038507186
12967,12967,1
101332,12967,0.117560235392906
101317,12967,0.127302886148274
102399,12967,0.0546221342568264
101503,12967,0.106269097146929
101504,12967,0.111758267826014
30028,12967,0.153533719891055
19907,12967,0.0927870395115988
101433,12967,0.119086547693995
30031,12967,0.114240956012304
101612,12967,0.125945759084079
102770,12967,0.0882521702520269
101269,12967,0.122548348655995
10659,101332,0.193540732451385
30001,101332,0.169812472922539
10970,101332,0.147890813688474
10971,101332,0.127346466138379
100824,101332,0.173357630366523
100850,101332,0.156035709819803
100854,101332,0.15351132393321
11364,101332,0.195377450149762
101032,101332,0.111510725688227
100140,101332,0.175416940552837
12967,101332,0.117560235392906
101332,101332,1
101317,101332,0.179618054369149
102399,101332,0.076842383880288
101503,101332,0.440724533112431
101504,101332,0.147917529499082
30028,101332,0.155639397366799
19907,101332,0.124976692360004
101433,101332,0.166770052733757
30031,101332,0.121332559386561
101612,101332,0.170105082624548
102770,101332,0.13305648841274
101269,101332,0.154442314638954
10659,101317,0.190676978760922
30001,101317,0.407690927316254
10970,101317,0.142556290049337
10971,101317,0.118062824290918
100824,101317,0.212824626689283
100850,101317,0.175583430792632
100854,101317,0.170343518501048
11364,101317,0.187320779344998
101032,101317,0.114221444773481
100140,101317,0.564287247176478
12967,101317,0.127302886148274
101332,101317,0.179618054369149
101317,101317,1
102399,101317,0.0674324461991565
101503,101317,0.187402913072188
101504,101317,0.204416237104707
30028,101317,0.148338694525477
19907,101317,0.108631414975758
101433,101317,0.222121098104356
30031,101317,0.114364929853375
101612,101317,0.444207672233021
102770,101317,0.184700889151461
101269,101317,0.17566725208426
10659,102399,0.0677964516899862
30001,102399,0.0675915678803858
10970,102399,0.0702282665717556
10971,102399,0.0628580632918826
100824,102399,0.0775093599608995
100850,102399,0.0660298105819523
100854,102399,0.0574107573346643
11364,102399,0.0672294947043991
101032,102399,0.0433930941374843
100140,102399,0.0676274216605672
12967,102399,0.0546221342568264
101332,102399,0.076842383880288
101317,102399,0.0674324461991565
102399,102399,1
101503,102399,0.0726657686305845
101504,102399,0.0570706620544095
30028,102399,0.0630003844339921
19907,102399,0.0483824097369747
101433,102399,0.0570189909320323
30031,102399,0.0579064204532028
101612,102399,0.0654949132777913
102770,102399,0.0448537414504068
101269,102399,0.0684973019964845
10659,101503,0.193539670452875
30001,101503,0.174869262480957
10970,101503,0.15385952049781
10971,101503,0.126932013982357
100824,101503,0.178951336623158
100850,101503,0.153262781832967
100854,101503,0.143505236914725
11364,101503,0.197698060183267
101032,101503,0.107018110332328
100140,101503,0.181466240827399
12967,101503,0.106269097146929
101332,101503,0.440724533112431
101317,101503,0.187402913072188
102399,101503,0.0726657686305845
101503,101503,1
101504,101503,0.147629232141944
30028,101503,0.156286967995297
19907,101503,0.122185905888882
101433,101503,0.164134050896525
30031,101503,0.129525601441151
101612,101503,0.171357973963565
102770,101503,0.130185946030096
101269,101503,0.148836130686616
10659,101504,0.193215249301869
30001,101504,0.200346038441956
10970,101504,0.132569027207847
10971,101504,0.116196777400231
100824,101504,0.199934013456775
100850,101504,0.168891007703764
100854,101504,0.13465403347925
11364,101504,0.193454503866732
101032,101504,0.0946792459994373
100140,101504,0.206637181885367
12967,101504,0.111758267826014
101332,101504,0.147917529499082
101317,101504,0.204416237104707
102399,101504,0.0570706620544095
101503,101504,0.147629232141944
101504,101504,1
30028,101504,0.120661484967905
19907,101504,0.0932182386710658
101433,101504,0.323202380778321
30031,101504,0.101791011020573
101612,101504,0.198899123078634
102770,101504,0.197901148097576
101269,101504,0.161022492895346
10659,30028,0.177768630512873
30001,30028,0.145851385802346
10970,30028,0.715390954017887
10971,30028,0.311824000115304
100824,30028,0.173285969151266
100850,30028,0.153537697027316
100854,30028,0.181972623129072
11364,30028,0.177109631426336
101032,30028,0.117334754992783
100140,30028,0.146370613733923
12967,30028,0.153533719891055
101332,30028,0.155639397366799
101317,30028,0.148338694525477
102399,30028,0.0630003844339921
101503,30028,0.156286967995297
101504,30028,0.120661484967905
30028,30028,1
19907,30028,0.237867037697379
101433,30028,0.135470706311975
30031,30028,0.554746801024562
101612,30028,0.142860391816534
102770,30028,0.110896037629415
101269,30028,0.158636357376913
10659,19907,0.122778402937508
30001,19907,0.106447220128585
10970,19907,0.246266827653861
10971,19907,0.187141169365913
100824,19907,0.116145823547007
100850,19907,0.1027918304884
100854,19907,0.104060897593162
11364,19907,0.121751651957339
101032,19907,0.0859963428717894
100140,19907,0.108613535766832
12967,19907,0.0927870395115988
101332,19907,0.124976692360004
101317,19907,0.108631414975758
102399,19907,0.0483824097369747
101503,19907,0.122185905888882
101504,19907,0.0932182386710658
30028,19907,0.237867037697379
19907,19907,1
101433,19907,0.109443843890741
30031,19907,0.19681311327485
101612,19907,0.105180695514869
102770,19907,0.0892049156463703
101269,19907,0.110746232565215
10659,101433,0.202917522775782
30001,101433,0.218433289950972
10970,101433,0.146686798451859
10971,101433,0.125767151349877
100824,101433,0.209949167290972
100850,101433,0.182717992209017
100854,101433,0.151008280782884
11364,101433,0.202373724214017
101032,101433,0.105610667131669
100140,101433,0.221269915610232
12967,101433,0.119086547693995
101332,101433,0.166770052733757
101317,101433,0.222121098104356
102399,101433,0.0570189909320323
101503,101433,0.164134050896525
101504,101433,0.323202380778321
30028,101433,0.135470706311975
19907,101433,0.109443843890741
101433,101433,1
30031,101433,0.109483637531819
101612,101433,0.221734953222943
102770,101433,0.199563133159481
101269,101433,0.173701321359061
10659,30031,0.150205059647134
30001,30031,0.114284437351222
10970,30031,0.515862985606827
10971,30031,0.266196792080221
100824,30031,0.161542536155989
100850,30031,0.120083048758255
100854,30031,0.139644853860625
11364,30031,0.144167872152471
101032,30031,0.0830087262592165
100140,30031,0.117592043017501
12967,30031,0.114240956012304
101332,30031,0.121332559386561
101317,30031,0.114364929853375
102399,30031,0.0579064204532028
101503,30031,0.129525601441151
101504,30031,0.101791011020573
30028,30031,0.554746801024562
19907,30031,0.19681311327485
101433,30031,0.109483637531819
30031,30031,1
101612,30031,0.11016380989242
102770,30031,0.0870652781783504
101269,30031,0.122626620634791
10659,101612,0.194326717708663
30001,101612,0.603586235483928
10970,101612,0.13894174160653
10971,101612,0.115653421654269
100824,101612,0.212408779088928
100850,101612,0.17250234930418
100854,101612,0.162084364540735
11364,101612,0.190113104865352
101032,101612,0.118088448749437
100140,101612,0.604640685697796
12967,101612,0.125945759084079
101332,101612,0.170105082624548
101317,101612,0.444207672233021
102399,101612,0.0654949132777913
101503,101612,0.171357973963565
101504,101612,0.198899123078634
30028,101612,0.142860391816534
19907,101612,0.105180695514869
101433,101612,0.221734953222943
30031,101612,0.11016380989242
101612,101612,1
102770,101612,0.181314069274255
101269,101612,0.172812463248819
10659,102770,0.152946499473087
30001,102770,0.184159297830773
10970,102770,0.111409411083946
10971,102770,0.102843058103928
100824,102770,0.17181597353438
100850,102770,0.14740702720593
100854,102770,0.12069754455507
11364,102770,0.149633175821549
101032,102770,0.0799857736839077
100140,102770,0.188062725429964
12967,102770,0.0882521702520269
101332,102770,0.13305648841274
101317,102770,0.184700889151461
102399,102770,0.0448537414504068
101503,102770,0.130185946030096
101504,102770,0.197901148097576
30028,102770,0.110896037629415
19907,102770,0.0892049156463703
101433,102770,0.199563133159481
30031,102770,0.0870652781783504
101612,102770,0.181314069274255
102770,102770,1
101269,102770,0.140975456207548
10659,101269,0.202182398274285
30001,101269,0.172894014278375
10970,101269,0.159061806889484
10971,101269,0.112498524875274
100824,101269,0.163335717503284
100850,101269,0.643383998763916
100854,101269,0.156789202995634
11364,101269,0.201354568808808
101032,101269,0.126259093019197
100140,101269,0.175925992769704
12967,101269,0.122548348655995
101332,101269,0.154442314638954
101317,101269,0.17566725208426
102399,101269,0.0684973019964845
101503,101269,0.148836130686616
101504,101269,0.161022492895346
30028,101269,0.158636357376913
19907,101269,0.110746232565215
101433,101269,0.173701321359061
30031,101269,0.122626620634791
101612,101269,0.172812463248819
102770,101269,0.140975456207548
101269,101269,1
