Var1,Var2,Freq
259,259,1
87,259,0.479865771812081
10502,259,0.488372093023256
10501,259,0.488372093023256
10057,259,0.811111111111111
10294,259,0.827089337175793
259,87,0.479865771812081
87,87,1
10502,87,0.972515856236786
10501,87,0.970401691331924
10057,87,0.478964401294498
10294,87,0.482200647249191
259,10502,0.488372093023256
87,10502,0.972515856236786
10502,10502,1
10501,10502,0.997885835095137
10057,10502,0.488673139158576
10294,10502,0.495145631067961
259,10501,0.488372093023256
87,10501,0.970401691331924
10502,10501,0.997885835095137
10501,10501,1
10057,10501,0.488673139158576
10294,10501,0.495145631067961
259,10057,0.811111111111111
87,10057,0.478964401294498
10502,10057,0.488673139158576
10501,10057,0.488673139158576
10057,10057,1
10294,10057,0.936599423631124
259,10294,0.827089337175793
87,10294,0.482200647249191
10502,10294,0.495145631067961
10501,10294,0.495145631067961
10057,10294,0.936599423631124
10294,10294,1
