Var1,Var2,Freq
259,259,1
87,259,0.312358766220883
10502,259,0.316118140918249
10501,259,0.316053249582059
10057,259,0.819229168109973
10294,259,0.821108185192667
259,87,0.312358766220883
87,87,1
10502,87,0.96895021213546
10501,87,0.967517756014124
10057,87,0.326898358222699
10294,87,0.33377612680819
259,10502,0.316118140918249
87,10502,0.96895021213546
10502,10502,1
10501,10502,0.998562944467423
10057,10502,0.32924218134546
10294,10502,0.338556073152194
259,10501,0.316053249582059
87,10501,0.967517756014124
10502,10501,0.998562944467423
10501,10501,1
10057,10501,0.329174595964199
10294,10501,0.338486575856347
259,10057,0.819229168109973
87,10057,0.326898358222699
10502,10057,0.32924218134546
10501,10057,0.329174595964199
10057,10057,1
10294,10057,0.924006515428503
259,10294,0.821108185192667
87,10294,0.33377612680819
10502,10294,0.338556073152194
10501,10294,0.338486575856347
10057,10294,0.924006515428503
10294,10294,1
