Var1,Var2,Freq
10580,10580,1
10547,10580,0.570175438596491
10579,10580,0.503012048192771
11811,10580,0.56140350877193
100436,10580,0.424698795180723
12406,10580,0.819209039548023
10548,10580,0.533132530120482
11575,10580,0.783050847457627
100432,10580,0.360544217687075
100288,10580,0.275449101796407
102807,10580,0.977272727272727
100860,10580,0.755882352941177
103584,10580,0.571428571428572
100858,10580,0.510574018126888
10580,10547,0.570175438596491
10547,10547,1
10579,10547,0.501510574018127
11811,10547,0.8
100436,10547,0.44336569579288
12406,10547,0.567251461988304
10548,10547,0.632478632478632
11575,10547,0.576802507836991
100432,10547,0.36271186440678
100288,10547,0.309248554913295
102807,10547,0.584302325581395
100860,10547,0.560344827586207
103584,10547,0.666666666666667
100858,10547,0.492917847025496
10580,10579,0.503012048192771
10547,10579,0.501510574018127
10579,10579,1
11811,10579,0.471299093655589
100436,10579,0.472049689440994
12406,10579,0.48695652173913
10548,10579,0.493333333333333
11575,10579,0.531468531468531
100432,10579,0.409785932721713
100288,10579,0.331058020477816
102807,10579,0.509036144578313
100860,10579,0.504531722054381
103584,10579,0.5
100858,10579,0.866666666666667
10580,11811,0.56140350877193
10547,11811,0.8
10579,11811,0.471299093655589
11811,11811,1
100436,11811,0.43042071197411
12406,11811,0.541076487252125
10548,11811,0.586894586894587
11575,11811,0.553691275167785
100432,11811,0.326599326599327
100288,11811,0.337620578778135
102807,11811,0.563953488372093
100860,11811,0.550724637681159
103584,11811,0.666666666666667
100858,11811,0.458923512747875
10580,100436,0.424698795180723
10547,100436,0.44336569579288
10579,100436,0.472049689440994
11811,100436,0.43042071197411
100436,100436,1
12406,100436,0.423423423423423
10548,100436,0.383040935672515
11575,100436,0.429530201342282
100432,100436,0.345794392523364
100288,100436,0.285714285714286
102807,100436,0.424698795180723
100860,100436,0.422619047619048
103584,100436,0.5
100858,100436,0.469055374592834
10580,12406,0.819209039548023
10547,12406,0.567251461988304
10579,12406,0.48695652173913
11811,12406,0.541076487252125
100436,12406,0.423423423423423
12406,12406,1
10548,12406,0.519886363636364
11575,12406,0.760517799352751
100432,12406,0.368589743589744
100288,12406,0.272727272727273
102807,12406,0.827683615819209
100860,12406,0.8
103584,12406,0.466666666666667
100858,12406,0.510144927536232
10580,10548,0.533132530120482
10547,10548,0.632478632478632
10579,10548,0.493333333333333
11811,10548,0.586894586894587
100436,10548,0.383040935672515
12406,10548,0.519886363636364
10548,10548,1
11575,10548,0.550335570469799
100432,10548,0.375
100288,10548,0.289473684210526
102807,10548,0.545180722891566
100860,10548,0.52112676056338
103584,10548,0.333333333333333
100858,10548,0.462025316455696
10580,11575,0.783050847457627
10547,11575,0.576802507836991
10579,11575,0.531468531468531
11811,11575,0.553691275167785
100436,11575,0.429530201342282
12406,11575,0.760517799352751
10548,11575,0.550335570469799
11575,11575,1
100432,11575,0.368600682593857
100288,11575,0.315789473684211
102807,11575,0.785234899328859
100860,11575,0.772307692307692
103584,11575,0.411764705882353
100858,11575,0.523809523809524
10580,100432,0.360544217687075
10547,100432,0.36271186440678
10579,100432,0.409785932721713
11811,100432,0.326599326599327
100436,100432,0.345794392523364
12406,100432,0.368589743589744
10548,100432,0.375
11575,100432,0.368600682593857
100432,100432,1
100288,100432,0.326732673267327
102807,100432,0.374149659863946
100860,100432,0.376712328767123
103584,100432,0.333333333333333
100858,100432,0.388379204892966
10580,100288,0.275449101796407
10547,100288,0.309248554913295
10579,100288,0.331058020477816
11811,100288,0.337620578778135
100436,100288,0.285714285714286
12406,100288,0.272727272727273
10548,100288,0.289473684210526
11575,100288,0.315789473684211
100432,100288,0.326732673267327
100288,100288,1
102807,100288,0.279883381924198
100860,100288,0.294985250737463
103584,100288,0.6
100858,100288,0.325423728813559
10580,102807,0.977272727272727
10547,102807,0.584302325581395
10579,102807,0.509036144578313
11811,102807,0.563953488372093
100436,102807,0.424698795180723
12406,102807,0.827683615819209
10548,102807,0.545180722891566
11575,102807,0.785234899328859
100432,102807,0.374149659863946
100288,102807,0.279883381924198
102807,102807,1
100860,102807,0.752906976744186
103584,102807,0.571428571428572
100858,102807,0.516616314199396
10580,100860,0.755882352941177
10547,100860,0.560344827586207
10579,100860,0.504531722054381
11811,100860,0.550724637681159
100436,100860,0.422619047619048
12406,100860,0.8
10548,100860,0.52112676056338
11575,100860,0.772307692307692
100432,100860,0.376712328767123
100288,100860,0.294985250737463
102807,100860,0.752906976744186
100860,100860,1
103584,100860,0.4375
100858,100860,0.521212121212121
10580,103584,0.571428571428572
10547,103584,0.666666666666667
10579,103584,0.5
11811,103584,0.666666666666667
100436,103584,0.5
12406,103584,0.466666666666667
10548,103584,0.333333333333333
11575,103584,0.411764705882353
100432,103584,0.333333333333333
100288,103584,0.6
102807,103584,0.571428571428572
100860,103584,0.4375
103584,103584,1
100858,103584,0.5
10580,100858,0.510574018126888
10547,100858,0.492917847025496
10579,100858,0.866666666666667
11811,100858,0.458923512747875
100436,100858,0.469055374592834
12406,100858,0.510144927536232
10548,100858,0.462025316455696
11575,100858,0.523809523809524
100432,100858,0.388379204892966
100288,100858,0.325423728813559
102807,100858,0.516616314199396
100860,100858,0.521212121212121
103584,100858,0.5
100858,100858,1
