Var1,Var2,Freq
10580,10580,1
10547,10580,0.563619649587739
10579,10580,0.478101336220501
11811,10580,0.545207731201955
100436,10580,0.395336748784987
12406,10580,0.832685086086317
10548,10580,0.502303514772612
11575,10580,0.63326764633016
100432,10580,0.281920573045986
100288,10580,0.214654875764727
102807,10580,0.985058444390955
100860,10580,0.709736806712308
103584,10580,0.0266780403390547
100858,10580,0.481567855832166
10580,10547,0.563619649587739
10547,10547,1
10579,10547,0.457872932914324
11811,10547,0.830314910736881
100436,10547,0.388108618404655
12406,10547,0.555471812925234
10548,10547,0.635554379747383
11575,10547,0.491467461120325
100432,10547,0.286827455056601
100288,10547,0.225276410351217
102807,10547,0.572979450434843
100860,10547,0.530184065682315
103584,10547,0.0287188380760513
100858,10547,0.464521945184299
10580,10579,0.478101336220501
10547,10579,0.457872932914324
10579,10579,1
11811,10579,0.439969324251823
100436,10579,0.438304366786152
12406,10579,0.466942565014667
10548,10579,0.422004431399951
11575,10579,0.422330492166737
100432,10579,0.334391626455863
100288,10579,0.237155143929316
102807,10579,0.479302304015797
100860,10579,0.460680174550424
103584,10579,0.028398798580932
100858,10579,0.900211318716051
10580,11811,0.545207731201955
10547,11811,0.830314910736881
10579,11811,0.439969324251823
11811,11811,1
100436,11811,0.38384421269676
12406,11811,0.537730815473099
10548,11811,0.601734773305429
11575,11811,0.462485352252097
100432,11811,0.266982204526898
100288,11811,0.228110240923838
102807,11811,0.551874062946404
100860,11811,0.518654206435912
103584,11811,0.0298712934909316
100858,11811,0.443414832941559
10580,100436,0.395336748784987
10547,100436,0.388108618404655
10579,100436,0.438304366786152
11811,100436,0.38384421269676
100436,100436,1
12406,100436,0.399254347868335
10548,100436,0.357741790919439
11575,100436,0.364873799262803
100432,100436,0.279342046267711
100288,100436,0.224562393239229
102807,100436,0.397613952301245
100860,100436,0.391213272020765
103584,100436,0.0330269946881728
100858,100436,0.431583447664915
10580,12406,0.832685086086317
10547,12406,0.555471812925234
10579,12406,0.466942565014667
11811,12406,0.537730815473099
100436,12406,0.399254347868335
12406,12406,1
10548,12406,0.500541676831208
11575,12406,0.637716276188362
100432,12406,0.283413553293081
100288,12406,0.206546134414905
102807,12406,0.839380542673983
100860,12406,0.739604764995768
103584,12406,0.0254115554351111
100858,12406,0.48153968843431
10580,10548,0.502303514772612
10547,10548,0.635554379747383
10579,10548,0.422004431399951
11811,10548,0.601734773305429
100436,10548,0.357741790919439
12406,10548,0.500541676831208
10548,10548,1
11575,10548,0.450521139051811
100432,10548,0.288866327774056
100288,10548,0.207435465263826
102807,10548,0.508395638206343
100860,10548,0.486132335484186
103584,10548,0.0319012132549222
100858,10548,0.419558355181337
10580,11575,0.63326764633016
10547,11575,0.491467461120325
10579,11575,0.422330492166737
11811,11575,0.462485352252097
100436,11575,0.364873799262803
12406,11575,0.637716276188362
10548,11575,0.450521139051811
11575,11575,1
100432,11575,0.267401446903833
100288,11575,0.221620478733626
102807,11575,0.636591147881278
100860,11575,0.673428338230414
103584,11575,0.0247581927148007
100858,11575,0.425660545710508
10580,100432,0.281920573045986
10547,100432,0.286827455056601
10579,100432,0.334391626455863
11811,100432,0.266982204526898
100436,100432,0.279342046267711
12406,100432,0.283413553293081
10548,100432,0.288866327774056
11575,100432,0.267401446903833
100432,100432,1
100288,100432,0.192898634033422
102807,100432,0.287307852687068
100860,100432,0.270719469948801
103584,100432,0.0281620144707656
100858,100432,0.320955121551934
10580,100288,0.214654875764727
10547,100288,0.225276410351217
10579,100288,0.237155143929316
11811,100288,0.228110240923838
100436,100288,0.224562393239229
12406,100288,0.206546134414905
10548,100288,0.207435465263826
11575,100288,0.221620478733626
100432,100288,0.192898634033422
100288,100288,1
102807,100288,0.216876555129272
100860,100288,0.226095265067245
103584,100288,0.0414269120841032
100858,100288,0.227682532402566
10580,102807,0.985058444390955
10547,102807,0.572979450434843
10579,102807,0.479302304015797
11811,102807,0.551874062946404
100436,102807,0.397613952301245
12406,102807,0.839380542673983
10548,102807,0.508395638206343
11575,102807,0.636591147881278
100432,102807,0.287307852687068
100288,102807,0.216876555129272
102807,102807,1
100860,102807,0.714127306120979
103584,102807,0.0266852888218237
100858,102807,0.48277033114297
10580,100860,0.709736806712308
10547,100860,0.530184065682315
10579,100860,0.460680174550424
11811,100860,0.518654206435912
100436,100860,0.391213272020765
12406,100860,0.739604764995768
10548,100860,0.486132335484186
11575,100860,0.673428338230414
100432,100860,0.270719469948801
100288,100860,0.226095265067245
102807,100860,0.714127306120979
100860,100860,1
103584,100860,0.0257636413605262
100858,100860,0.47333891715137
10580,103584,0.0266780403390547
10547,103584,0.0287188380760513
10579,103584,0.028398798580932
11811,103584,0.0298712934909316
100436,103584,0.0330269946881728
12406,103584,0.0254115554351111
10548,103584,0.0319012132549222
11575,103584,0.0247581927148007
100432,103584,0.0281620144707656
100288,103584,0.0414269120841032
102807,103584,0.0266852888218237
100860,103584,0.0257636413605262
103584,103584,1
100858,103584,0.0294661594652182
10580,100858,0.481567855832166
10547,100858,0.464521945184299
10579,100858,0.900211318716051
11811,100858,0.443414832941559
100436,100858,0.431583447664915
12406,100858,0.48153968843431
10548,100858,0.419558355181337
11575,100858,0.425660545710508
100432,100858,0.320955121551934
100288,100858,0.227682532402566
102807,100858,0.48277033114297
100860,100858,0.47333891715137
103584,100858,0.0294661594652182
100858,100858,1
