Var1,Var2,Freq
11522,11522,1
10472,11522,0.506142506142506
12824,11522,0.509803921568627
13067,11522,0.876106194690265
11528,11522,0.905286343612335
10466,11522,0.519607843137255
100286,11522,0.887912087912088
11524,11522,0.876923076923077
17120,11522,0.508474576271186
11522,10472,0.506142506142506
10472,10472,1
12824,10472,0.91588785046729
13067,10472,0.5
11528,10472,0.492718446601942
10466,10472,0.894252873563218
100286,10472,0.492682926829268
11524,10472,0.48910411622276
17120,10472,0.923076923076923
11522,12824,0.509803921568627
10472,12824,0.91588785046729
12824,12824,1
13067,12824,0.493946731234867
11528,12824,0.498789346246973
10466,12824,0.947126436781609
100286,12824,0.498783454987835
11524,12824,0.485507246376812
17120,12824,0.904651162790698
11522,13067,0.876106194690265
10472,13067,0.5
12824,13067,0.493946731234867
13067,13067,1
11528,13067,0.863436123348018
10466,13067,0.506053268765133
100286,13067,0.854945054945055
11524,13067,0.929359823399559
17120,13067,0.486682808716707
11522,11528,0.905286343612335
10472,11528,0.492718446601942
12824,11528,0.498789346246973
13067,11528,0.863436123348018
11528,11528,1
10466,11528,0.508474576271186
100286,11528,0.912087912087912
11524,11528,0.854945054945055
17120,11528,0.497607655502392
11522,10466,0.519607843137255
10472,10466,0.894252873563218
12824,10466,0.947126436781609
13067,10466,0.506053268765133
11528,10466,0.508474576271186
10466,10466,1
100286,10466,0.515815085158151
11524,10466,0.502415458937198
17120,10466,0.889908256880734
11522,100286,0.887912087912088
10472,100286,0.492682926829268
12824,100286,0.498783454987835
13067,100286,0.854945054945055
11528,100286,0.912087912087912
10466,100286,0.515815085158151
100286,100286,1
11524,100286,0.848684210526316
17120,100286,0.497596153846154
11522,11524,0.876923076923077
10472,11524,0.48910411622276
12824,11524,0.485507246376812
13067,11524,0.929359823399559
11528,11524,0.854945054945055
10466,11524,0.502415458937198
100286,11524,0.848684210526316
11524,11524,1
17120,11524,0.489260143198091
11522,17120,0.508474576271186
10472,17120,0.923076923076923
12824,17120,0.904651162790698
13067,17120,0.486682808716707
11528,17120,0.497607655502392
10466,17120,0.889908256880734
100286,17120,0.497596153846154
11524,17120,0.489260143198091
17120,17120,1
