Var1,Var2,Freq
11522,11522,1
10472,11522,0.399723908712335
12824,11522,0.397309207699198
13067,11522,0.875013939627033
11528,11522,0.90127101816995
10466,11522,0.419119630463348
100286,11522,0.870558248634552
11524,11522,0.866680232829059
17120,11522,0.403222486566062
11522,10472,0.399723908712335
10472,10472,1
12824,10472,0.904714147800492
13067,10472,0.384073903566246
11528,10472,0.391178203379243
10466,10472,0.887481709165304
100286,10472,0.396105211360624
11524,10472,0.38486704839195
17120,10472,0.913136489128531
11522,12824,0.397309207699198
10472,12824,0.904714147800492
12824,12824,1
13067,12824,0.375861381571647
11528,12824,0.388003240155994
10466,12824,0.924732029752121
100286,12824,0.389840742937921
11524,12824,0.377501396510366
17120,12824,0.890198046445969
11522,13067,0.875013939627033
10472,13067,0.384073903566246
12824,13067,0.375861381571647
13067,13067,1
11528,13067,0.865874675313267
10466,13067,0.400780675728839
100286,13067,0.849843513397754
11524,13067,0.933956275040806
17120,13067,0.381039009568253
11522,11528,0.90127101816995
10472,11528,0.391178203379243
12824,11528,0.388003240155994
13067,11528,0.865874675313267
11528,11528,1
10466,11528,0.408674766881573
100286,11528,0.897643669659838
11524,11528,0.854657503932118
17120,11528,0.392476923756878
11522,10466,0.419119630463348
10472,10466,0.887481709165304
12824,10466,0.924732029752121
13067,10466,0.400780675728839
11528,10466,0.408674766881573
10466,10466,1
100286,10466,0.40972100295068
11524,10466,0.403731147795088
17120,10466,0.875595714687361
11522,100286,0.870558248634552
10472,100286,0.396105211360624
12824,100286,0.389840742937921
13067,100286,0.849843513397754
11528,100286,0.897643669659838
10466,100286,0.40972100295068
100286,100286,1
11524,100286,0.835608483433894
17120,100286,0.395210941750081
11522,11524,0.866680232829059
10472,11524,0.38486704839195
12824,11524,0.377501396510366
13067,11524,0.933956275040806
11528,11524,0.854657503932118
10466,11524,0.403731147795088
100286,11524,0.835608483433894
11524,11524,1
17120,11524,0.383573373980701
11522,17120,0.403222486566062
10472,17120,0.913136489128531
12824,17120,0.890198046445969
13067,17120,0.381039009568253
11528,17120,0.392476923756878
10466,17120,0.875595714687361
100286,17120,0.395210941750081
11524,17120,0.383573373980701
17120,17120,1
