Var1,Var2,Freq
10262,10262,1
10368,10262,0.413993075824002
11629,10262,0.77904547685119
101058,10262,0.721791743912514
10967,10262,0.417845118140202
101222,10262,0.40120241816765
11720,10262,0.419723598944535
10262,10368,0.413993075824002
10368,10368,1
11629,10368,0.415336123884433
101058,10368,0.401319371164658
10967,10368,0.81828729739749
101222,10368,0.59253613100487
11720,10368,0.622251641655487
10262,11629,0.77904547685119
10368,11629,0.415336123884433
11629,11629,1
101058,11629,0.71991791386485
10967,11629,0.419220561302071
101222,11629,0.403264375471719
11720,11629,0.423439427594324
10262,101058,0.721791743912514
10368,101058,0.401319371164658
11629,101058,0.71991791386485
101058,101058,1
10967,101058,0.405496655400368
101222,101058,0.389830656598793
11720,101058,0.406832979653997
10262,10967,0.417845118140202
10368,10967,0.81828729739749
11629,10967,0.419220561302071
101058,10967,0.405496655400368
10967,10967,1
101222,10967,0.592598770548218
11720,10967,0.623288701710435
10262,101222,0.40120241816765
10368,101222,0.59253613100487
11629,101222,0.403264375471719
101058,101222,0.389830656598793
10967,101222,0.592598770548218
101222,101222,1
11720,101222,0.917494179912431
10262,11720,0.419723598944535
10368,11720,0.622251641655487
11629,11720,0.423439427594324
101058,11720,0.406832979653997
10967,11720,0.623288701710435
101222,11720,0.917494179912431
11720,11720,1
