Var1,Var2,Freq
12090,12090,1
100790,12090,0.439306358381503
100853,12090,0.39039039039039
100851,12090,0.416201117318436
100852,12090,0.388724035608309
100796,12090,0.99213630406291
101183,12090,0.379821958456973
103106,12090,0.3841642228739
101014,12090,0.73921568627451
12090,100790,0.439306358381503
100790,100790,1
100853,100790,0.421940928270042
100851,100790,0.652509652509653
100852,100790,0.400749063670412
100796,100790,0.439306358381503
101183,100790,0.417721518987342
103106,100790,0.394308943089431
101014,100790,0.443478260869565
12090,100853,0.39039039039039
100790,100853,0.421940928270042
100853,100853,1
100851,100853,0.39662447257384
100852,100853,0.500395882818686
100796,100853,0.437246963562753
101183,100853,0.445945945945946
103106,100853,0.484507042253521
101014,100853,0.410852713178295
12090,100851,0.416201117318436
100790,100851,0.652509652509653
100853,100851,0.39662447257384
100851,100851,1
100852,100851,0.372623574144487
100796,100851,0.416201117318436
101183,100851,0.397489539748954
103106,100851,0.378048780487805
101014,100851,0.422096317280453
12090,100852,0.388724035608309
100790,100852,0.400749063670412
100853,100852,0.500395882818686
100851,100852,0.372623574144487
100852,100852,1
100796,100852,0.388724035608309
101183,100852,0.630071599045346
103106,100852,0.50561797752809
101014,100852,0.413385826771654
12090,100796,0.99213630406291
100790,100796,0.439306358381503
100853,100796,0.437246963562753
100851,100796,0.416201117318436
100852,100796,0.388724035608309
100796,100796,1
101183,100796,0.379821958456973
103106,100796,0.3841642228739
101014,100796,0.73921568627451
12090,101183,0.379821958456973
100790,101183,0.417721518987342
100853,101183,0.445945945945946
100851,101183,0.397489539748954
100852,101183,0.630071599045346
100796,101183,0.379821958456973
101183,101183,1
103106,101183,0.495774647887324
101014,101183,0.417322834645669
12090,103106,0.3841642228739
100790,103106,0.394308943089431
100853,103106,0.484507042253521
100851,103106,0.378048780487805
100852,103106,0.50561797752809
100796,103106,0.3841642228739
101183,103106,0.495774647887324
103106,103106,1
101014,103106,0.380530973451327
12090,101014,0.73921568627451
100790,101014,0.443478260869565
100853,101014,0.410852713178295
100851,101014,0.422096317280453
100852,101014,0.413385826771654
100796,101014,0.73921568627451
101183,101014,0.417322834645669
103106,101014,0.380530973451327
101014,101014,1
