Var1,Var2,Freq
11639,11639,1
11638,11639,0.88150289017341
12261,11639,0.408045977011494
12536,11639,0.491279069767442
11408,11639,0.413597733711048
11081,11639,0.440579710144928
10188,11639,0.491279069767442
11407,11639,0.39943342776204
101078,11639,0.445454545454545
20110,11639,0.410764872521246
12983,11639,0.426470588235294
100931,11639,0.447916666666667
100949,11639,0.511764705882353
12506,11639,0.476470588235294
100895,11639,0.878612716763006
101538,11639,0.425076452599388
10120,11639,0.476470588235294
100833,11639,0.452459016393443
101299,11639,0.402266288951841
12077,11639,0.491279069767442
11639,11638,0.88150289017341
11638,11638,1
12261,11638,0.41643059490085
12536,11638,0.489736070381232
11408,11638,0.424929178470255
11081,11638,0.424581005586592
10188,11638,0.489736070381232
11407,11638,0.406779661016949
101078,11638,0.439393939393939
20110,11638,0.422096317280453
12983,11638,0.415730337078652
100931,11638,0.463667820069204
100949,11638,0.508771929824561
12506,11638,0.460227272727273
100895,11638,0.994397759103641
101538,11638,0.422018348623853
10120,11638,0.460227272727273
100833,11638,0.451612903225806
101299,11638,0.41643059490085
12077,11638,0.49266862170088
11639,12261,0.408045977011494
11638,12261,0.41643059490085
12261,12261,1
12536,12261,0.473684210526316
11408,12261,0.908665105386417
11081,12261,0.465181058495822
10188,12261,0.473684210526316
11407,12261,0.807962529274005
101078,12261,0.310769230769231
20110,12261,0.903981264637002
12983,12261,0.448
100931,12261,0.395973154362416
100949,12261,0.401114206128134
12506,12261,0.479108635097493
100895,12261,0.41643059490085
101538,12261,0.312302839116719
10120,12261,0.479108635097493
100833,12261,0.344729344729345
101299,12261,0.987834549878345
12077,12261,0.473684210526316
11639,12536,0.491279069767442
11638,12536,0.489736070381232
12261,12536,0.473684210526316
12536,12536,1
11408,12536,0.48314606741573
11081,12536,0.622093023255814
10188,12536,0.994444444444444
11407,12536,0.50140056022409
101078,12536,0.364431486880467
20110,12536,0.480337078651685
12983,12536,0.636887608069164
100931,12536,0.466666666666667
100949,12536,0.464705882352941
12506,12536,0.76
100895,12536,0.489736070381232
101538,12536,0.342857142857143
10120,12536,0.754985754985755
100833,12536,0.395894428152493
101299,12536,0.473684210526316
12077,12536,0.991666666666667
11639,11408,0.413597733711048
11638,11408,0.424929178470255
12261,11408,0.908665105386417
12536,11408,0.48314606741573
11408,11408,1
11081,11408,0.476056338028169
10188,11408,0.48314606741573
11407,11408,0.84037558685446
101078,11408,0.316923076923077
20110,11408,0.987068965517241
12983,11408,0.451612903225806
100931,11408,0.406040268456376
100949,11408,0.401129943502825
12506,11408,0.480337078651685
100895,11408,0.422096317280453
101538,11408,0.309148264984227
10120,11408,0.480337078651685
100833,11408,0.357142857142857
101299,11408,0.900243309002433
12077,11408,0.48314606741573
11639,11081,0.440579710144928
11638,11081,0.424581005586592
12261,11081,0.465181058495822
12536,11081,0.622093023255814
11408,11081,0.476056338028169
11081,11081,1
10188,11081,0.622093023255814
11407,11081,0.471910112359551
101078,11081,0.373219373219373
20110,11081,0.473239436619718
12983,11081,0.671469740634006
100931,11081,0.404844290657439
100949,11081,0.445121951219512
12506,11081,0.600574712643678
100895,11081,0.434782608695652
101538,11081,0.378125
10120,11081,0.605187319884726
100833,11081,0.390029325513196
101299,11081,0.465181058495822
12077,11081,0.619186046511628
11639,10188,0.491279069767442
11638,10188,0.489736070381232
12261,10188,0.473684210526316
12536,10188,0.994444444444444
11408,10188,0.48314606741573
11081,10188,0.622093023255814
10188,10188,1
11407,10188,0.50140056022409
101078,10188,0.364431486880467
20110,10188,0.480337078651685
12983,10188,0.636887608069164
100931,10188,0.466666666666667
100949,10188,0.464705882352941
12506,10188,0.76
100895,10188,0.489736070381232
101538,10188,0.342857142857143
10120,10188,0.754985754985755
100833,10188,0.395894428152493
101299,10188,0.473684210526316
12077,10188,0.986111111111111
11639,11407,0.39943342776204
11638,11407,0.406779661016949
12261,11407,0.807962529274005
12536,11407,0.50140056022409
11408,11407,0.84037558685446
11081,11407,0.471910112359551
10188,11407,0.50140056022409
11407,11407,1
101078,11407,0.301538461538462
20110,11407,0.835680751173709
12983,11407,0.461111111111111
100931,11407,0.410774410774411
100949,11407,0.391666666666667
12506,11407,0.472067039106145
100895,11407,0.403954802259887
101538,11407,0.299684542586751
10120,11407,0.472067039106145
100833,11407,0.35042735042735
101299,11407,0.81021897810219
12077,11407,0.50140056022409
11639,101078,0.445454545454545
11638,101078,0.439393939393939
12261,101078,0.310769230769231
12536,101078,0.364431486880467
11408,101078,0.316923076923077
11081,101078,0.373219373219373
10188,101078,0.364431486880467
11407,101078,0.301538461538462
101078,101078,1
20110,101078,0.313846153846154
12983,101078,0.354354354354354
100931,101078,0.365771812080537
100949,101078,0.41358024691358
12506,101078,0.347692307692308
100895,101078,0.439393939393939
101538,101078,0.622680412371134
10120,101078,0.347692307692308
100833,101078,0.384126984126984
101299,101078,0.310769230769231
12077,101078,0.355113636363636
11639,20110,0.410764872521246
11638,20110,0.422096317280453
12261,20110,0.903981264637002
12536,20110,0.480337078651685
11408,20110,0.987068965517241
11081,20110,0.473239436619718
10188,20110,0.480337078651685
11407,20110,0.835680751173709
101078,20110,0.313846153846154
20110,20110,1
12983,20110,0.448924731182796
100931,20110,0.402684563758389
100949,20110,0.398305084745763
12506,20110,0.47752808988764
100895,20110,0.419263456090652
101538,20110,0.305993690851735
10120,20110,0.47752808988764
100833,20110,0.36
101299,20110,0.895377128953771
12077,20110,0.480337078651685
11639,12983,0.426470588235294
11638,12983,0.415730337078652
12261,12983,0.448
12536,12983,0.636887608069164
11408,12983,0.451612903225806
11081,12983,0.671469740634006
10188,12983,0.636887608069164
11407,12983,0.461111111111111
101078,12983,0.354354354354354
20110,12983,0.448924731182796
12983,12983,1
100931,12983,0.40625
100949,12983,0.389048991354467
12506,12983,0.630057803468208
100895,12983,0.418338108882522
101538,12983,0.35474006116208
10120,12983,0.639769452449568
100833,12983,0.39202657807309
101299,12983,0.448
12077,12983,0.636887608069164
11639,100931,0.447916666666667
11638,100931,0.463667820069204
12261,100931,0.395973154362416
12536,100931,0.466666666666667
11408,100931,0.406040268456376
11081,100931,0.404844290657439
10188,100931,0.466666666666667
11407,100931,0.410774410774411
101078,100931,0.365771812080537
20110,100931,0.402684563758389
12983,100931,0.40625
100931,100931,1
100949,100931,0.471641791044776
12506,100931,0.468965517241379
100895,100931,0.463667820069204
101538,100931,0.345762711864407
10120,100931,0.468965517241379
100833,100931,0.398625429553265
101299,100931,0.395973154362416
12077,100931,0.466666666666667
11639,100949,0.511764705882353
11638,100949,0.508771929824561
12261,100949,0.401114206128134
12536,100949,0.464705882352941
11408,100949,0.401129943502825
11081,100949,0.445121951219512
10188,100949,0.464705882352941
11407,100949,0.391666666666667
101078,100949,0.41358024691358
20110,100949,0.398305084745763
12983,100949,0.389048991354467
100931,100949,0.471641791044776
100949,100949,1
12506,100949,0.476608187134503
100895,100949,0.511695906432749
101538,100949,0.383177570093458
10120,100949,0.470760233918129
100833,100949,0.434640522875817
101299,100949,0.401114206128134
12077,100949,0.45906432748538
11639,12506,0.476470588235294
11638,12506,0.460227272727273
12261,12506,0.479108635097493
12536,12506,0.76
11408,12506,0.480337078651685
11081,12506,0.600574712643678
10188,12506,0.76
11407,12506,0.472067039106145
101078,12506,0.347692307692308
20110,12506,0.47752808988764
12983,12506,0.630057803468208
100931,12506,0.468965517241379
100949,12506,0.476608187134503
12506,12506,1
100895,12506,0.469208211143695
101538,12506,0.344936708860759
10120,12506,0.972527472527473
100833,12506,0.397590361445783
101299,12506,0.479108635097493
12077,12506,0.765714285714286
11639,100895,0.878612716763006
11638,100895,0.994397759103641
12261,100895,0.41643059490085
12536,100895,0.489736070381232
11408,100895,0.422096317280453
11081,100895,0.434782608695652
10188,100895,0.489736070381232
11407,100895,0.403954802259887
101078,100895,0.439393939393939
20110,100895,0.419263456090652
12983,100895,0.418338108882522
100931,100895,0.463667820069204
100949,100895,0.511695906432749
12506,100895,0.469208211143695
100895,100895,1
101538,100895,0.422018348623853
10120,100895,0.469208211143695
100833,100895,0.451612903225806
101299,100895,0.41643059490085
12077,100895,0.49266862170088
11639,101538,0.425076452599388
11638,101538,0.422018348623853
12261,101538,0.312302839116719
12536,101538,0.342857142857143
11408,101538,0.309148264984227
11081,101538,0.378125
10188,101538,0.342857142857143
11407,101538,0.299684542586751
101078,101538,0.622680412371134
20110,101538,0.305993690851735
12983,101538,0.35474006116208
100931,101538,0.345762711864407
100949,101538,0.383177570093458
12506,101538,0.344936708860759
100895,101538,0.422018348623853
101538,101538,1
10120,101538,0.348101265822785
100833,101538,0.381410256410256
101299,101538,0.312302839116719
12077,101538,0.341772151898734
11639,10120,0.476470588235294
11638,10120,0.460227272727273
12261,10120,0.479108635097493
12536,10120,0.754985754985755
11408,10120,0.480337078651685
11081,10120,0.605187319884726
10188,10120,0.754985754985755
11407,10120,0.472067039106145
101078,10120,0.347692307692308
20110,10120,0.47752808988764
12983,10120,0.639769452449568
100931,10120,0.468965517241379
100949,10120,0.470760233918129
12506,10120,0.972527472527473
100895,10120,0.469208211143695
101538,10120,0.348101265822785
10120,10120,1
100833,10120,0.397590361445783
101299,10120,0.479108635097493
12077,10120,0.760683760683761
11639,100833,0.452459016393443
11638,100833,0.451612903225806
12261,100833,0.344729344729345
12536,100833,0.395894428152493
11408,100833,0.357142857142857
11081,100833,0.390029325513196
10188,100833,0.395894428152493
11407,100833,0.35042735042735
101078,100833,0.384126984126984
20110,100833,0.36
12983,100833,0.39202657807309
100931,100833,0.398625429553265
100949,100833,0.434640522875817
12506,100833,0.397590361445783
100895,100833,0.451612903225806
101538,100833,0.381410256410256
10120,100833,0.397590361445783
100833,100833,1
101299,100833,0.344729344729345
12077,100833,0.390029325513196
11639,101299,0.402266288951841
11638,101299,0.41643059490085
12261,101299,0.987834549878345
12536,101299,0.473684210526316
11408,101299,0.900243309002433
11081,101299,0.465181058495822
10188,101299,0.473684210526316
11407,101299,0.81021897810219
101078,101299,0.310769230769231
20110,101299,0.895377128953771
12983,101299,0.448
100931,101299,0.395973154362416
100949,101299,0.401114206128134
12506,101299,0.479108635097493
100895,101299,0.41643059490085
101538,101299,0.312302839116719
10120,101299,0.479108635097493
100833,101299,0.344729344729345
101299,101299,1
12077,101299,0.473684210526316
11639,12077,0.491279069767442
11638,12077,0.49266862170088
12261,12077,0.473684210526316
12536,12077,0.991666666666667
11408,12077,0.48314606741573
11081,12077,0.619186046511628
10188,12077,0.986111111111111
11407,12077,0.50140056022409
101078,12077,0.355113636363636
20110,12077,0.480337078651685
12983,12077,0.636887608069164
100931,12077,0.466666666666667
100949,12077,0.45906432748538
12506,12077,0.765714285714286
100895,12077,0.49266862170088
101538,12077,0.341772151898734
10120,12077,0.760683760683761
100833,12077,0.390029325513196
101299,12077,0.473684210526316
12077,12077,1
