Var1,Var2,Freq
11678,11678,1
12947,11678,0.57353932994471
12071,11678,0.654857796378738
12829,11678,0.396628698596127
30022,11678,0.403794979027006
100914,11678,0.403072976059823
12828,11678,0.762423440059369
20128,11678,0.290156706941146
101553,11678,0.389949201764776
100976,11678,0.268001281261235
101338,11678,0.268277683606021
101407,11678,0.195347016875508
11626,11678,0.284973644410058
101300,11678,0.193692118961469
101360,11678,0.344934623187522
101460,11678,0.3681668261134
11678,12947,0.57353932994471
12947,12947,1
12071,12947,0.533723917269704
12829,12947,0.385825713353778
30022,12947,0.429865438045369
100914,12947,0.42504780509278
12828,12947,0.586548293735557
20128,12947,0.270345493366251
101553,12947,0.416221122358275
100976,12947,0.238529560940444
101338,12947,0.237019865008119
101407,12947,0.185303468548218
11626,12947,0.285914059209511
101300,12947,0.18735822413313
101360,12947,0.376440943001718
101460,12947,0.390114226029891
11678,12071,0.654857796378738
12947,12071,0.533723917269704
12071,12071,1
12829,12071,0.374649581207037
30022,12071,0.405248887327789
100914,12071,0.410153089500241
12828,12071,0.652477138097833
20128,12071,0.269465353615971
101553,12071,0.412333489062406
100976,12071,0.25094766122928
101338,12071,0.250945120089708
101407,12071,0.198753443868956
11626,12071,0.303063379261463
101300,12071,0.202253319386439
101360,12071,0.32388649077502
101460,12071,0.351478990150609
11678,12829,0.396628698596127
12947,12829,0.385825713353778
12071,12829,0.374649581207037
12829,12829,1
30022,12829,0.260228379443644
100914,12829,0.262041919240789
12828,12829,0.399345784065629
20128,12829,0.312029043028215
101553,12829,0.246704723711833
100976,12829,0.219741378601142
101338,12829,0.216521864446681
101407,12829,0.153864348509728
11626,12829,0.251959690158525
101300,12829,0.151432856605838
101360,12829,0.250066048378976
101460,12829,0.260361337916339
11678,30022,0.403794979027006
12947,30022,0.429865438045369
12071,30022,0.405248887327789
12829,30022,0.260228379443644
30022,30022,1
100914,30022,0.616909962475526
12828,30022,0.410868663385199
20128,30022,0.199657910584253
101553,30022,0.68868379528319
100976,30022,0.180565654793349
101338,30022,0.181269369772644
101407,30022,0.120303409708181
11626,30022,0.229903149910968
101300,30022,0.127028901625427
101360,30022,0.368334824512516
101460,30022,0.380803363783015
11678,100914,0.403072976059823
12947,100914,0.42504780509278
12071,100914,0.410153089500241
12829,100914,0.262041919240789
30022,100914,0.616909962475526
100914,100914,1
12828,100914,0.40177677488768
20128,100914,0.183182111241748
101553,100914,0.637351688135952
100976,100914,0.175278555893978
101338,100914,0.175738278573186
101407,100914,0.115662624598527
11626,100914,0.225308700373874
101300,100914,0.121887315112302
101360,100914,0.36764150126855
101460,100914,0.380585015908776
11678,12828,0.762423440059369
12947,12828,0.586548293735557
12071,12828,0.652477138097833
12829,12828,0.399345784065629
30022,12828,0.410868663385199
100914,12828,0.40177677488768
12828,12828,1
20128,12828,0.288009667492189
101553,12828,0.397794806624652
100976,12828,0.26703241332996
101338,12828,0.266905453678047
101407,12828,0.201738286372097
11626,12828,0.290221990783392
101300,12828,0.20588092328103
101360,12828,0.370829309599634
101460,12828,0.380860097317283
11678,20128,0.290156706941146
12947,20128,0.270345493366251
12071,20128,0.269465353615971
12829,20128,0.312029043028215
30022,20128,0.199657910584253
100914,20128,0.183182111241748
12828,20128,0.288009667492189
20128,20128,1
101553,20128,0.193772272519855
100976,20128,0.168258970644573
101338,20128,0.168696897435053
101407,20128,0.120758795126438
11626,20128,0.198762664769685
101300,20128,0.124737794119324
101360,20128,0.186277760950118
101460,20128,0.200351096737911
11678,101553,0.389949201764776
12947,101553,0.416221122358275
12071,101553,0.412333489062406
12829,101553,0.246704723711833
30022,101553,0.68868379528319
100914,101553,0.637351688135952
12828,101553,0.397794806624652
20128,101553,0.193772272519855
101553,101553,1
100976,101553,0.179451062550868
101338,101553,0.179808712768729
101407,101553,0.121946233610035
11626,101553,0.216180370113914
101300,101553,0.122518525148636
101360,101553,0.349913284317104
101460,101553,0.366871695535612
11678,100976,0.268001281261235
12947,100976,0.238529560940444
12071,100976,0.25094766122928
12829,100976,0.219741378601142
30022,100976,0.180565654793349
100914,100976,0.175278555893978
12828,100976,0.26703241332996
20128,100976,0.168258970644573
101553,100976,0.179451062550868
100976,100976,1
101338,100976,0.962412561178966
101407,100976,0.12425016016815
11626,100976,0.196269425694032
101300,100976,0.130535441974794
101360,100976,0.168919396238982
101460,100976,0.17984603516103
11678,101338,0.268277683606021
12947,101338,0.237019865008119
12071,101338,0.250945120089708
12829,101338,0.216521864446681
30022,101338,0.181269369772644
100914,101338,0.175738278573186
12828,101338,0.266905453678047
20128,101338,0.168696897435053
101553,101338,0.179808712768729
100976,101338,0.962412561178966
101338,101338,1
101407,101338,0.124969414444649
11626,101338,0.193969187907014
101300,101338,0.131264526897696
101360,101338,0.17011415194224
101460,101338,0.180906271395085
11678,101407,0.195347016875508
12947,101407,0.185303468548218
12071,101407,0.198753443868956
12829,101407,0.153864348509728
30022,101407,0.120303409708181
100914,101407,0.115662624598527
12828,101407,0.201738286372097
20128,101407,0.120758795126438
101553,101407,0.121946233610035
100976,101407,0.12425016016815
101338,101407,0.124969414444649
101407,101407,1
11626,101407,0.140923747129232
101300,101407,0.736111957318348
101360,101407,0.115586054848585
101460,101407,0.129008220775355
11678,11626,0.284973644410058
12947,11626,0.285914059209511
12071,11626,0.303063379261463
12829,11626,0.251959690158525
30022,11626,0.229903149910968
100914,11626,0.225308700373874
12828,11626,0.290221990783392
20128,11626,0.198762664769685
101553,11626,0.216180370113914
100976,11626,0.196269425694032
101338,11626,0.193969187907014
101407,11626,0.140923747129232
11626,11626,1
101300,11626,0.13788195691066
101360,11626,0.210104278331504
101460,11626,0.203125207855809
11678,101300,0.193692118961469
12947,101300,0.18735822413313
12071,101300,0.202253319386439
12829,101300,0.151432856605838
30022,101300,0.127028901625427
100914,101300,0.121887315112302
12828,101300,0.20588092328103
20128,101300,0.124737794119324
101553,101300,0.122518525148636
100976,101300,0.130535441974794
101338,101300,0.131264526897696
101407,101300,0.736111957318348
11626,101300,0.13788195691066
101300,101300,1
101360,101300,0.116078095185647
101460,101300,0.127220108897667
11678,101360,0.344934623187522
12947,101360,0.376440943001718
12071,101360,0.32388649077502
12829,101360,0.250066048378976
30022,101360,0.368334824512516
100914,101360,0.36764150126855
12828,101360,0.370829309599634
20128,101360,0.186277760950118
101553,101360,0.349913284317104
100976,101360,0.168919396238982
101338,101360,0.17011415194224
101407,101360,0.115586054848585
11626,101360,0.210104278331504
101300,101360,0.116078095185647
101360,101360,1
101460,101360,0.498540236626638
11678,101460,0.3681668261134
12947,101460,0.390114226029891
12071,101460,0.351478990150609
12829,101460,0.260361337916339
30022,101460,0.380803363783015
100914,101460,0.380585015908776
12828,101460,0.380860097317283
20128,101460,0.200351096737911
101553,101460,0.366871695535612
100976,101460,0.17984603516103
101338,101460,0.180906271395085
101407,101460,0.129008220775355
11626,101460,0.203125207855809
101300,101460,0.127220108897667
101360,101460,0.498540236626638
101460,101460,1
