Var1,Var2,Freq
11678,11678,1
12947,11678,0.597269624573379
12071,11678,0.659863945578231
12829,11678,0.446666666666667
30022,11678,0.554006968641115
100914,11678,0.531986531986532
12828,11678,0.783216783216783
20128,11678,0.391304347826087
101553,11678,0.53448275862069
100976,11678,0.447811447811448
101338,11678,0.451178451178451
101407,11678,0.383647798742138
11626,11678,0.398671096345515
101300,11678,0.371069182389937
101360,11678,0.494809688581315
101460,11678,0.517123287671233
11678,12947,0.597269624573379
12947,12947,1
12071,12947,0.568965517241379
12829,12947,0.458620689655172
30022,12947,0.579861111111111
100914,12947,0.569444444444444
12828,12947,0.618055555555556
20128,12947,0.412162162162162
101553,12947,0.563139931740614
100976,12947,0.417808219178082
101338,12947,0.417808219178082
101407,12947,0.371428571428571
11626,12947,0.401993355481728
101300,12947,0.36741214057508
101360,12947,0.520689655172414
101460,12947,0.542372881355932
11678,12071,0.659863945578231
12947,12071,0.568965517241379
12071,12071,1
12829,12071,0.442906574394464
30022,12071,0.516778523489933
100914,12071,0.506711409395973
12828,12071,0.670138888888889
20128,12071,0.385135135135135
101553,12071,0.549152542372881
100976,12071,0.416382252559727
101338,12071,0.419795221843003
101407,12071,0.375796178343949
11626,12071,0.403973509933775
101300,12071,0.365384615384615
101360,12071,0.456666666666667
101460,12071,0.501706484641638
11678,12829,0.446666666666667
12947,12829,0.458620689655172
12071,12829,0.442906574394464
12829,12829,1
30022,12829,0.407534246575342
100914,12829,0.402061855670103
12828,12829,0.461279461279461
20128,12829,0.42258064516129
101553,12829,0.388316151202749
100976,12829,0.403846153846154
101338,12829,0.403846153846154
101407,12829,0.381381381381381
11626,12829,0.400641025641026
101300,12829,0.390572390572391
101360,12829,0.402027027027027
101460,12829,0.416107382550336
11678,30022,0.554006968641115
12947,30022,0.579861111111111
12071,30022,0.516778523489933
12829,30022,0.407534246575342
30022,30022,1
100914,30022,0.73469387755102
12828,30022,0.543252595155709
20128,30022,0.372549019607843
101553,30022,0.793838862559242
100976,30022,0.416382252559727
101338,30022,0.419795221843003
101407,30022,0.344051446945338
11626,30022,0.402640264026403
101300,30022,0.359872611464968
101360,30022,0.534124629080119
101460,30022,0.601880877742947
11678,100914,0.531986531986532
12947,100914,0.569444444444444
12071,100914,0.506711409395973
12829,100914,0.402061855670103
30022,100914,0.73469387755102
100914,100914,1
12828,100914,0.525951557093426
20128,100914,0.355263157894737
101553,100914,0.76
100976,100914,0.397959183673469
101338,100914,0.401360544217687
101407,100914,0.347133757961783
11626,100914,0.396039603960396
101300,100914,0.32475884244373
101360,100914,0.543478260869565
101460,100914,0.576470588235294
11678,12828,0.783216783216783
12947,12828,0.618055555555556
12071,12828,0.670138888888889
12829,12828,0.461279461279461
30022,12828,0.543252595155709
100914,12828,0.525951557093426
12828,12828,1
20128,12828,0.40133779264214
101553,12828,0.534246575342466
100976,12828,0.46551724137931
101338,12828,0.468965517241379
101407,12828,0.391025641025641
11626,12828,0.399350649350649
101300,12828,0.384615384615385
101360,12828,0.519031141868512
101460,12828,0.537414965986395
11678,20128,0.391304347826087
12947,20128,0.412162162162162
12071,20128,0.385135135135135
12829,20128,0.42258064516129
30022,20128,0.372549019607843
100914,20128,0.355263157894737
12828,20128,0.40133779264214
20128,20128,1
101553,20128,0.375
100976,20128,0.373801916932907
101338,20128,0.376996805111821
101407,20128,0.329268292682927
11626,20128,0.334394904458599
101300,20128,0.326219512195122
101360,20128,0.356913183279743
101460,20128,0.377483443708609
11678,101553,0.53448275862069
12947,101553,0.563139931740614
12071,101553,0.549152542372881
12829,101553,0.388316151202749
30022,101553,0.793838862559242
100914,101553,0.76
12828,101553,0.534246575342466
20128,101553,0.375
101553,101553,1
100976,101553,0.414965986394558
101338,101553,0.418367346938776
101407,101553,0.356687898089172
11626,101553,0.37953795379538
101300,101553,0.344051446945338
101360,101553,0.525373134328358
101460,101553,0.580838323353293
11678,100976,0.447811447811448
12947,100976,0.417808219178082
12071,100976,0.416382252559727
12829,100976,0.403846153846154
30022,100976,0.416382252559727
100914,100976,0.397959183673469
12828,100976,0.46551724137931
20128,100976,0.373801916932907
101553,100976,0.414965986394558
100976,100976,1
101338,100976,0.974842767295597
101407,100976,0.359375
11626,100976,0.37620578778135
101300,100976,0.36875
101360,100976,0.397923875432526
101460,100976,0.408783783783784
11678,101338,0.451178451178451
12947,101338,0.417808219178082
12071,101338,0.419795221843003
12829,101338,0.403846153846154
30022,101338,0.419795221843003
100914,101338,0.401360544217687
12828,101338,0.468965517241379
20128,101338,0.376996805111821
101553,101338,0.418367346938776
100976,101338,0.974842767295597
101338,101338,1
101407,101338,0.359375
11626,101338,0.37620578778135
101300,101338,0.36875
101360,101338,0.401384083044983
101460,101338,0.412162162162162
11678,101407,0.383647798742138
12947,101407,0.371428571428571
12071,101407,0.375796178343949
12829,101407,0.381381381381381
30022,101407,0.344051446945338
100914,101407,0.347133757961783
12828,101407,0.391025641025641
20128,101407,0.329268292682927
101553,101407,0.356687898089172
100976,101407,0.359375
101338,101407,0.359375
101407,101407,1
11626,101407,0.322834645669291
101300,101407,0.774900398406374
101360,101407,0.341269841269841
101460,101407,0.333333333333333
11678,11626,0.398671096345515
12947,11626,0.401993355481728
12071,11626,0.403973509933775
12829,11626,0.400641025641026
30022,11626,0.402640264026403
100914,11626,0.396039603960396
12828,11626,0.399350649350649
20128,11626,0.334394904458599
101553,11626,0.37953795379538
100976,11626,0.37620578778135
101338,11626,0.37620578778135
101407,11626,0.322834645669291
11626,11626,1
101300,11626,0.330357142857143
101360,11626,0.386885245901639
101460,11626,0.363344051446945
11678,101300,0.371069182389937
12947,101300,0.36741214057508
12071,101300,0.365384615384615
12829,101300,0.390572390572391
30022,101300,0.359872611464968
100914,101300,0.32475884244373
12828,101300,0.384615384615385
20128,101300,0.326219512195122
101553,101300,0.344051446945338
100976,101300,0.36875
101338,101300,0.36875
101407,101300,0.774900398406374
11626,101300,0.330357142857143
101300,101300,1
101360,101300,0.33596837944664
101460,101300,0.333333333333333
11678,101360,0.494809688581315
12947,101360,0.520689655172414
12071,101360,0.456666666666667
12829,101360,0.402027027027027
30022,101360,0.534124629080119
100914,101360,0.543478260869565
12828,101360,0.519031141868512
20128,101360,0.356913183279743
101553,101360,0.525373134328358
100976,101360,0.397923875432526
101338,101360,0.401384083044983
101407,101360,0.341269841269841
11626,101360,0.386885245901639
101300,101360,0.33596837944664
101360,101360,1
101460,101360,0.675675675675676
11678,101460,0.517123287671233
12947,101460,0.542372881355932
12071,101460,0.501706484641638
12829,101460,0.416107382550336
30022,101460,0.601880877742947
100914,101460,0.576470588235294
12828,101460,0.537414965986395
20128,101460,0.377483443708609
101553,101460,0.580838323353293
100976,101460,0.408783783783784
101338,101460,0.412162162162162
101407,101460,0.333333333333333
11626,101460,0.363344051446945
101300,101460,0.333333333333333
101360,101460,0.675675675675676
101460,101460,1
