Var1,Var2,Freq
12090,12090,1
100790,12090,0.189659630129602
100853,12090,0.0997088811626786
100851,12090,0.19243237102383
100852,12090,0.105009566549333
100796,12090,0.992989979897889
101183,12090,0.104400595813058
103106,12090,0.123380965752727
101014,12090,0.52253977267497
12090,100790,0.189659630129602
100790,100790,1
100853,100790,0.106685213066395
100851,100790,0.554114758155087
100852,100790,0.108129701334193
100796,100790,0.190334459073318
101183,100790,0.107419355634571
103106,100790,0.130967844001011
101014,100790,0.212379259660342
12090,100853,0.0997088811626786
100790,100853,0.106685213066395
100853,100853,1
100851,100853,0.099027256305869
100852,100853,0.382405508852093
100796,100853,0.0995742018512722
101183,100853,0.316807305156859
103106,100853,0.175666401631127
101014,100853,0.10750123958373
12090,100851,0.19243237102383
100790,100851,0.554114758155087
100853,100851,0.099027256305869
100851,100851,1
100852,100851,0.101063766304425
100796,100851,0.193112112385686
101183,100851,0.103280191666852
103106,100851,0.126401426786616
101014,100851,0.210199169884023
12090,100852,0.105009566549333
100790,100852,0.108129701334193
100853,100852,0.382405508852093
100851,100852,0.101063766304425
100852,100852,1
100796,100852,0.104875906870214
101183,100852,0.55207252331007
103106,100852,0.183862397270361
101014,100852,0.110258592180996
12090,100796,0.992989979897889
100790,100796,0.190334459073318
100853,100796,0.0995742018512722
100851,100796,0.193112112385686
100852,100796,0.104875906870214
100796,100796,1
101183,100796,0.104266212366854
103106,100796,0.123456859815235
101014,100796,0.523132250161979
12090,101183,0.104400595813058
100790,101183,0.107419355634571
100853,101183,0.316807305156859
100851,101183,0.103280191666852
100852,101183,0.55207252331007
100796,101183,0.104266212366854
101183,101183,1
103106,101183,0.184186228498776
101014,101183,0.113733563133688
12090,103106,0.123380965752727
100790,103106,0.130967844001011
100853,103106,0.175666401631127
100851,103106,0.126401426786616
100852,103106,0.183862397270361
100796,103106,0.123456859815235
101183,103106,0.184186228498776
103106,103106,1
101014,103106,0.131731673605271
12090,101014,0.52253977267497
100790,101014,0.212379259660342
100853,101014,0.10750123958373
100851,101014,0.210199169884023
100852,101014,0.110258592180996
100796,101014,0.523132250161979
101183,101014,0.113733563133688
103106,101014,0.131731673605271
101014,101014,1
