Var1,Var2,Freq
10473,10473,1
10773,10473,0.383275261324042
11574,10473,0.383838383838384
12825,10473,0.375
103111,10473,0.367549668874172
103163,10473,0.338509316770186
100861,10473,0.367549668874172
104499,10473,0.310469314079422
10473,10773,0.383275261324042
10773,10773,1
11574,10773,0.811728395061728
12825,10773,0.407079646017699
103111,10773,0.414790996784566
103163,10773,0.387755102040816
100861,10773,0.430921052631579
104499,10773,0.330985915492958
10473,11574,0.383838383838384
10773,11574,0.811728395061728
11574,11574,1
12825,11574,0.417763157894737
103111,11574,0.375
103163,11574,0.398089171974522
100861,11574,0.39171974522293
104499,11574,0.316901408450704
10473,12825,0.375
10773,12825,0.407079646017699
11574,12825,0.417763157894737
12825,12825,1
103111,12825,0.864130434782609
103163,12825,0.433021806853583
100861,12825,0.864130434782609
104499,12825,0.310469314079422
10473,103111,0.367549668874172
10773,103111,0.414790996784566
11574,103111,0.375
12825,103111,0.864130434782609
103111,103111,1
103163,103111,0.39938080495356
100861,103111,0.961852861035422
104499,103111,0.303030303030303
10473,103163,0.338509316770186
10773,103163,0.387755102040816
11574,103163,0.398089171974522
12825,103163,0.433021806853583
103111,103163,0.39938080495356
103163,103163,1
100861,103163,0.39938080495356
104499,103163,0.268370607028754
10473,100861,0.367549668874172
10773,100861,0.430921052631579
11574,100861,0.39171974522293
12825,100861,0.864130434782609
103111,100861,0.961852861035422
103163,100861,0.39938080495356
100861,100861,1
104499,100861,0.305647840531561
10473,104499,0.310469314079422
10773,104499,0.330985915492958
11574,104499,0.316901408450704
12825,104499,0.310469314079422
103111,104499,0.303030303030303
103163,104499,0.268370607028754
100861,104499,0.305647840531561
104499,104499,1
