Var1,Var2,Freq
10473,10473,1
10773,10473,0.287504246017974
11574,10473,0.29110834352477
12825,10473,0.300304589759495
103111,10473,0.303458864128974
103163,10473,0.26976991157747
100861,10473,0.301155900435633
104499,10473,0.231603793140593
10473,10773,0.287504246017974
10773,10773,1
11574,10773,0.741785871499227
12825,10773,0.326361757949844
103111,10773,0.329009350918821
103163,10773,0.298295068161753
100861,10773,0.326704575016995
104499,10773,0.240456148754008
10473,11574,0.29110834352477
10773,11574,0.741785871499227
11574,11574,1
12825,11574,0.313044491561353
103111,11574,0.311390601738004
103163,11574,0.277554792697169
100861,11574,0.30371455319022
104499,11574,0.235670139272953
10473,12825,0.300304589759495
10773,12825,0.326361757949844
11574,12825,0.313044491561353
12825,12825,1
103111,12825,0.864496871424582
103163,12825,0.312457421117976
100861,12825,0.859318058882645
104499,12825,0.207492859476267
10473,103111,0.303458864128974
10773,103111,0.329009350918821
11574,103111,0.311390601738004
12825,103111,0.864496871424582
103111,103111,1
103163,103111,0.298937434698593
100861,103111,0.964774055531523
104499,103111,0.216741617251374
10473,103163,0.26976991157747
10773,103163,0.298295068161753
11574,103163,0.277554792697169
12825,103163,0.312457421117976
103111,103163,0.298937434698593
103163,103163,1
100861,103163,0.299817737561999
104499,103163,0.18121754352754
10473,100861,0.301155900435633
10773,100861,0.326704575016995
11574,100861,0.30371455319022
12825,100861,0.859318058882645
103111,100861,0.964774055531523
103163,100861,0.299817737561999
100861,100861,1
104499,100861,0.220823870674007
10473,104499,0.231603793140593
10773,104499,0.240456148754008
11574,104499,0.235670139272953
12825,104499,0.207492859476267
103111,104499,0.216741617251374
103163,104499,0.18121754352754
100861,104499,0.220823870674007
104499,104499,1
