Var1,Var2,Freq
10497,10497,1
12396,10497,0.333333333333333
12238,10497,0.766467065868263
11567,10497,0.40453074433657
12162,10497,0.326530612244898
10495,10497,0.534743202416918
10493,10497,0.367952522255193
10498,10497,0.772455089820359
10452,10497,0.376899696048632
12933,10497,0.326530612244898
100671,10497,0.51044776119403
12587,10497,0.794029850746269
10496,10497,0.518292682926829
20105,10497,0.528700906344411
11534,10497,0.498489425981873
100590,10497,0.383259911894273
10378,10497,0.326530612244898
100452,10497,0.391111111111111
100942,10497,0.763473053892216
10436,10497,0.354632587859425
100063,10497,0.442687747035573
102988,10497,0.284552845528455
102913,10497,0.512578616352201
101105,10497,0.333333333333333
102826,10497,0.509146341463415
10497,12396,0.333333333333333
12396,12396,1
12238,12396,0.343891402714932
11567,12396,0.380952380952381
12162,12396,0.332046332046332
10495,12396,0.323943661971831
10493,12396,0.323008849557522
10498,12396,0.344978165938865
10452,12396,0.322175732217573
12933,12396,0.318007662835249
100671,12396,0.330645161290323
12587,12396,0.356223175965665
10496,12396,0.347417840375587
20105,12396,0.328638497652582
11534,12396,0.334801762114537
100590,12396,0.30952380952381
10378,12396,0.336996336996337
100452,12396,0.296650717703349
100942,12396,0.34375
10436,12396,0.341013824884793
100063,12396,0.298245614035088
102988,12396,0.479591836734694
102913,12396,0.353413654618474
101105,12396,0.304526748971193
102826,12396,0.342723004694836
10497,12238,0.766467065868263
12396,12238,0.343891402714932
12238,12238,1
11567,12238,0.414239482200647
12162,12238,0.306122448979592
10495,12238,0.485714285714286
10493,12238,0.4
10498,12238,0.732732732732733
10452,12238,0.388888888888889
12933,12238,0.307692307692308
100671,12238,0.513761467889908
12587,12238,0.754491017964072
10496,12238,0.492063492063492
20105,12238,0.478787878787879
11534,12238,0.492447129909366
100590,12238,0.382222222222222
10378,12238,0.306122448979592
100452,12238,0.377777777777778
100942,12238,0.94311377245509
10436,12238,0.367088607594937
100063,12238,0.40117994100295
102988,12238,0.282258064516129
102913,12238,0.506369426751592
101105,12238,0.337078651685393
102826,12238,0.488888888888889
10497,11567,0.40453074433657
12396,11567,0.380952380952381
12238,11567,0.414239482200647
11567,11567,1
12162,11567,0.388888888888889
10495,11567,0.409090909090909
10493,11567,0.36241610738255
10498,11567,0.375
10452,11567,0.329305135951662
12933,11567,0.406593406593407
100671,11567,0.370481927710843
12587,11567,0.40655737704918
10496,11567,0.402597402597403
20105,11567,0.405844155844156
11534,11567,0.403703703703704
100590,11567,0.373205741626794
10378,11567,0.363636363636364
100452,11567,0.337579617834395
100942,11567,0.411003236245955
10436,11567,0.394822006472492
100063,11567,0.349514563106796
102988,11567,0.386792452830189
102913,11567,0.392592592592593
101105,11567,0.443037974683544
102826,11567,0.396103896103896
10497,12162,0.326530612244898
12396,12162,0.332046332046332
12238,12162,0.306122448979592
11567,12162,0.388888888888889
12162,12162,1
10495,12162,0.309090909090909
10493,12162,0.275229357798165
10498,12162,0.333333333333333
10452,12162,0.267782426778243
12933,12162,0.785074626865672
100671,12162,0.369565217391304
12587,12162,0.368421052631579
10496,12162,0.304347826086957
20105,12162,0.3
11534,12162,0.366336633663366
100590,12162,0.30379746835443
10378,12162,0.835820895522388
100452,12162,0.292307692307692
100942,12162,0.316326530612245
10436,12162,0.379746835443038
100063,12162,0.264957264957265
102988,12162,0.452830188679245
102913,12162,0.354838709677419
101105,12162,0.8
102826,12162,0.282608695652174
10497,10495,0.534743202416918
12396,10495,0.323943661971831
12238,10495,0.485714285714286
11567,10495,0.409090909090909
12162,10495,0.309090909090909
10495,10495,1
10493,10495,0.407582938388626
10498,10495,0.509090909090909
10452,10495,0.361022364217252
12933,10495,0.318181818181818
100671,10495,0.554878048780488
12587,10495,0.506024096385542
10496,10495,0.875379939209726
20105,10495,0.942249240121581
11534,10495,0.561514195583596
100590,10495,0.420792079207921
10378,10495,0.318181818181818
100452,10495,0.356913183279743
100942,10495,0.495238095238095
10436,10495,0.39
100063,10495,0.353125
102988,10495,0.342592592592593
102913,10495,0.562300319488818
101105,10495,0.318181818181818
102826,10495,0.860182370820669
10497,10493,0.367952522255193
12396,10493,0.323008849557522
12238,10493,0.4
11567,10493,0.36241610738255
12162,10493,0.275229357798165
10495,10493,0.407582938388626
10493,10493,1
10498,10493,0.376666666666667
10452,10493,0.451298701298701
12933,10493,0.293577981651376
100671,10493,0.307432432432432
12587,10493,0.375415282392027
10496,10493,0.407582938388626
20105,10493,0.346938775510204
11534,10493,0.308474576271186
100590,10493,0.38785046728972
10378,10493,0.280373831775701
100452,10493,0.340836012861736
100942,10493,0.39672131147541
10436,10493,0.329931972789116
100063,10493,0.430921052631579
102988,10493,0.36734693877551
102913,10493,0.34765625
101105,10493,0.275229357798165
102826,10493,0.353741496598639
10497,10498,0.772455089820359
12396,10498,0.344978165938865
12238,10498,0.732732732732733
11567,10498,0.375
12162,10498,0.333333333333333
10495,10498,0.509090909090909
10493,10498,0.376666666666667
10498,10498,1
10452,10498,0.374631268436578
12933,10498,0.356164383561644
100671,10498,0.512269938650307
12587,10498,0.772455089820359
10496,10498,0.501538461538461
20105,10498,0.5
11534,10498,0.48048048048048
100590,10498,0.370044052863436
10378,10498,0.310344827586207
100452,10498,0.382075471698113
100942,10498,0.720720720720721
10436,10498,0.342424242424242
100063,10498,0.390532544378698
102988,10498,0.280851063829787
102913,10498,0.512658227848101
101105,10498,0.346153846153846
102826,10498,0.495384615384615
10497,10452,0.376899696048632
12396,10452,0.322175732217573
12238,10452,0.388888888888889
11567,10452,0.329305135951662
12162,10452,0.267782426778243
10495,10452,0.361022364217252
10493,10452,0.451298701298701
10498,10452,0.374631268436578
10452,10452,1
12933,10452,0.262295081967213
100671,10452,0.335384615384615
12587,10452,0.372307692307692
10496,10452,0.345047923322684
20105,10452,0.354632587859425
11534,10452,0.348765432098765
100590,10452,0.395121951219512
10378,10452,0.292929292929293
100452,10452,0.348387096774194
100942,10452,0.389380530973451
10436,10452,0.322475570032573
100063,10452,0.596371882086168
102988,10452,0.37
102913,10452,0.405660377358491
101105,10452,0.262295081967213
102826,10452,0.332268370607029
10497,12933,0.326530612244898
12396,12933,0.318007662835249
12238,12933,0.307692307692308
11567,12933,0.406593406593407
12162,12933,0.785074626865672
10495,12933,0.318181818181818
10493,12933,0.293577981651376
10498,12933,0.356164383561644
10452,12933,0.262295081967213
12933,12933,1
100671,12933,0.373626373626374
12587,12933,0.382978723404255
10496,12933,0.327272727272727
20105,12933,0.318181818181818
11534,12933,0.324324324324324
100590,12933,0.285714285714286
10378,12933,0.788690476190476
100452,12933,0.291666666666667
100942,12933,0.307692307692308
10436,12933,0.408163265306122
100063,12933,0.262626262626263
102988,12933,0.432515337423313
102913,12933,0.411764705882353
101105,12933,0.92330383480826
102826,12933,0.309090909090909
10497,100671,0.51044776119403
12396,100671,0.330645161290323
12238,100671,0.513761467889908
11567,100671,0.370481927710843
12162,100671,0.369565217391304
10495,100671,0.554878048780488
10493,100671,0.307432432432432
10498,100671,0.512269938650307
10452,100671,0.335384615384615
12933,100671,0.373626373626374
100671,100671,1
12587,100671,0.526813880126183
10496,100671,0.543543543543544
20105,100671,0.548780487804878
11534,100671,0.753086419753086
100590,100671,0.390243902439024
10378,100671,0.288702928870293
100452,100671,0.405660377358491
100942,100671,0.507598784194529
10436,100671,0.36
100063,100671,0.365625
102988,100671,0.366666666666667
102913,100671,0.823717948717949
101105,100671,0.397590361445783
102826,100671,0.537537537537538
10497,12587,0.794029850746269
12396,12587,0.356223175965665
12238,12587,0.754491017964072
11567,12587,0.40655737704918
12162,12587,0.368421052631579
10495,12587,0.506024096385542
10493,12587,0.375415282392027
10498,12587,0.772455089820359
10452,12587,0.372307692307692
12933,12587,0.382978723404255
100671,12587,0.526813880126183
12587,12587,1
10496,12587,0.498498498498498
20105,12587,0.493975903614458
11534,12587,0.509493670886076
100590,12587,0.393805309734513
10378,12587,0.368421052631579
100452,12587,0.376106194690265
100942,12587,0.751497005988024
10436,12587,0.369774919614148
100063,12587,0.376543209876543
102988,12587,0.290322580645161
102913,12587,0.522151898734177
101105,12587,0.333333333333333
102826,12587,0.50788643533123
10497,10496,0.518292682926829
12396,10496,0.347417840375587
12238,10496,0.492063492063492
11567,10496,0.402597402597403
12162,10496,0.304347826086957
10495,10496,0.875379939209726
10493,10496,0.407582938388626
10498,10496,0.501538461538461
10452,10496,0.345047923322684
12933,10496,0.327272727272727
100671,10496,0.543543543543544
12587,10496,0.498498498498498
10496,10496,1
20105,10496,0.899696048632219
11534,10496,0.558359621451104
100590,10496,0.425742574257426
10378,10496,0.318181818181818
100452,10496,0.366559485530547
100942,10496,0.495238095238095
10436,10496,0.37741935483871
100063,10496,0.348242811501597
102988,10496,0.333333333333333
102913,10496,0.540625
101105,10496,0.327272727272727
102826,10496,0.954407294832827
10497,20105,0.528700906344411
12396,20105,0.328638497652582
12238,20105,0.478787878787879
11567,20105,0.405844155844156
12162,20105,0.3
10495,20105,0.942249240121581
10493,20105,0.346938775510204
10498,20105,0.5
10452,20105,0.354632587859425
12933,20105,0.318181818181818
100671,20105,0.548780487804878
12587,20105,0.493975903614458
10496,20105,0.899696048632219
20105,20105,1
11534,20105,0.56782334384858
100590,20105,0.420792079207921
10378,20105,0.318181818181818
100452,20105,0.360128617363344
100942,20105,0.484848484848485
10436,20105,0.383870967741936
100063,20105,0.346875
102988,20105,0.333333333333333
102913,20105,0.552715654952077
101105,20105,0.318181818181818
102826,20105,0.884498480243161
10497,11534,0.498489425981873
12396,11534,0.334801762114537
12238,11534,0.492447129909366
11567,11534,0.403703703703704
12162,11534,0.366336633663366
10495,11534,0.561514195583596
10493,11534,0.308474576271186
10498,11534,0.48048048048048
10452,11534,0.348765432098765
12933,11534,0.324324324324324
100671,11534,0.753086419753086
12587,11534,0.509493670886076
10496,11534,0.558359621451104
20105,11534,0.56782334384858
11534,11534,1
100590,11534,0.368663594470046
10378,11534,0.369565217391304
100452,11534,0.321766561514196
100942,11534,0.495495495495495
10436,11534,0.383838383838384
100063,11534,0.365625
102988,11534,0.366666666666667
102913,11534,0.769230769230769
101105,11534,0.355555555555556
102826,11534,0.545741324921136
10497,100590,0.383259911894273
12396,100590,0.30952380952381
12238,100590,0.382222222222222
11567,100590,0.373205741626794
12162,100590,0.30379746835443
10495,100590,0.420792079207921
10493,100590,0.38785046728972
10498,100590,0.370044052863436
10452,100590,0.395121951219512
12933,100590,0.285714285714286
100671,100590,0.390243902439024
12587,100590,0.393805309734513
10496,100590,0.425742574257426
20105,100590,0.420792079207921
11534,100590,0.368663594470046
100590,100590,1
10378,100590,0.323529411764706
100452,100590,0.665289256198347
100942,100590,0.383259911894273
10436,100590,0.35
100063,100590,0.393203883495146
102988,100590,0.316326530612245
102913,100590,0.365384615384615
101105,100590,0.316455696202532
102826,100590,0.432835820895522
10497,10378,0.326530612244898
12396,10378,0.336996336996337
12238,10378,0.306122448979592
11567,10378,0.363636363636364
12162,10378,0.835820895522388
10495,10378,0.318181818181818
10493,10378,0.280373831775701
10498,10378,0.310344827586207
10452,10378,0.292929292929293
12933,10378,0.788690476190476
100671,10378,0.288702928870293
12587,10378,0.368421052631579
10496,10378,0.318181818181818
20105,10378,0.318181818181818
11534,10378,0.369565217391304
100590,10378,0.323529411764706
10378,10378,1
100452,10378,0.319444444444444
100942,10378,0.316326530612245
10436,10378,0.405063291139241
100063,10378,0.282828282828283
102988,10378,0.496062992125984
102913,10378,0.405797101449275
101105,10378,0.794642857142857
102826,10378,0.3
10497,100452,0.391111111111111
12396,100452,0.296650717703349
12238,100452,0.377777777777778
11567,100452,0.337579617834395
12162,100452,0.292307692307692
10495,100452,0.356913183279743
10493,100452,0.340836012861736
10498,100452,0.382075471698113
10452,100452,0.348387096774194
12933,100452,0.291666666666667
100671,100452,0.405660377358491
12587,100452,0.376106194690265
10496,100452,0.366559485530547
20105,100452,0.360128617363344
11534,100452,0.321766561514196
100590,100452,0.665289256198347
10378,100452,0.319444444444444
100452,100452,1
100942,100452,0.374449339207048
10436,100452,0.351681957186544
100063,100452,0.345161290322581
102988,100452,0.311111111111111
102913,100452,0.376744186046512
101105,100452,0.295774647887324
102826,100452,0.363344051446945
10497,100942,0.763473053892216
12396,100942,0.34375
12238,100942,0.94311377245509
11567,100942,0.411003236245955
12162,100942,0.316326530612245
10495,100942,0.495238095238095
10493,100942,0.39672131147541
10498,100942,0.720720720720721
10452,100942,0.389380530973451
12933,100942,0.307692307692308
100671,100942,0.507598784194529
12587,100942,0.751497005988024
10496,100942,0.495238095238095
20105,100942,0.484848484848485
11534,100942,0.495495495495495
100590,100942,0.383259911894273
10378,100942,0.316326530612245
100452,100942,0.374449339207048
100942,100942,1
10436,100942,0.370253164556962
100063,100942,0.397058823529412
102988,100942,0.278225806451613
102913,100942,0.509493670886076
101105,100942,0.307692307692308
102826,100942,0.488888888888889
10497,10436,0.354632587859425
12396,10436,0.341013824884793
12238,10436,0.367088607594937
11567,10436,0.394822006472492
12162,10436,0.379746835443038
10495,10436,0.39
10493,10436,0.329931972789116
10498,10436,0.342424242424242
10452,10436,0.322475570032573
12933,10436,0.408163265306122
100671,10436,0.36
12587,10436,0.369774919614148
10496,10436,0.37741935483871
20105,10436,0.383870967741936
11534,10436,0.383838383838384
100590,10436,0.35
10378,10436,0.405063291139241
100452,10436,0.351681957186544
100942,10436,0.370253164556962
10436,10436,1
100063,10436,0.352542372881356
102988,10436,0.4
102913,10436,0.32996632996633
101105,10436,0.406593406593407
102826,10436,0.367741935483871
10497,100063,0.442687747035573
12396,100063,0.298245614035088
12238,100063,0.40117994100295
11567,100063,0.349514563106796
12162,100063,0.264957264957265
10495,100063,0.353125
10493,100063,0.430921052631579
10498,100063,0.390532544378698
10452,100063,0.596371882086168
12933,100063,0.262626262626263
100671,100063,0.365625
12587,100063,0.376543209876543
10496,100063,0.348242811501597
20105,100063,0.346875
11534,100063,0.365625
100590,100063,0.393203883495146
10378,100063,0.282828282828283
100452,100063,0.345161290322581
100942,100063,0.397058823529412
10436,100063,0.352542372881356
100063,100063,1
102988,100063,0.36
102913,100063,0.422535211267606
101105,100063,0.274725274725275
102826,100063,0.34640522875817
10497,102988,0.284552845528455
12396,102988,0.479591836734694
12238,102988,0.282258064516129
11567,102988,0.386792452830189
12162,102988,0.452830188679245
10495,102988,0.342592592592593
10493,102988,0.36734693877551
10498,102988,0.280851063829787
10452,102988,0.37
12933,102988,0.432515337423313
100671,102988,0.366666666666667
12587,102988,0.290322580645161
10496,102988,0.333333333333333
20105,102988,0.333333333333333
11534,102988,0.366666666666667
100590,102988,0.316326530612245
10378,102988,0.496062992125984
100452,102988,0.311111111111111
100942,102988,0.278225806451613
10436,102988,0.4
100063,102988,0.36
102988,102988,1
102913,102988,0.351648351648352
101105,102988,0.480314960629921
102826,102988,0.31858407079646
10497,102913,0.512578616352201
12396,102913,0.353413654618474
12238,102913,0.506369426751592
11567,102913,0.392592592592593
12162,102913,0.354838709677419
10495,102913,0.562300319488818
10493,102913,0.34765625
10498,102913,0.512658227848101
10452,102913,0.405660377358491
12933,102913,0.411764705882353
100671,102913,0.823717948717949
12587,102913,0.522151898734177
10496,102913,0.540625
20105,102913,0.552715654952077
11534,102913,0.769230769230769
100590,102913,0.365384615384615
10378,102913,0.405797101449275
100452,102913,0.376744186046512
100942,102913,0.509493670886076
10436,102913,0.32996632996633
100063,102913,0.422535211267606
102988,102913,0.351648351648352
102913,102913,1
101105,102913,0.411764705882353
102826,102913,0.5375
10497,101105,0.333333333333333
12396,101105,0.304526748971193
12238,101105,0.337078651685393
11567,101105,0.443037974683544
12162,101105,0.8
10495,101105,0.318181818181818
10493,101105,0.275229357798165
10498,101105,0.346153846153846
10452,101105,0.262295081967213
12933,101105,0.92330383480826
100671,101105,0.397590361445783
12587,101105,0.333333333333333
10496,101105,0.327272727272727
20105,101105,0.318181818181818
11534,101105,0.355555555555556
100590,101105,0.316455696202532
10378,101105,0.794642857142857
100452,101105,0.295774647887324
100942,101105,0.307692307692308
10436,101105,0.406593406593407
100063,101105,0.274725274725275
102988,101105,0.480314960629921
102913,101105,0.411764705882353
101105,101105,1
102826,101105,0.309090909090909
10497,102826,0.509146341463415
12396,102826,0.342723004694836
12238,102826,0.488888888888889
11567,102826,0.396103896103896
12162,102826,0.282608695652174
10495,102826,0.860182370820669
10493,102826,0.353741496598639
10498,102826,0.495384615384615
10452,102826,0.332268370607029
12933,102826,0.309090909090909
100671,102826,0.537537537537538
12587,102826,0.50788643533123
10496,102826,0.954407294832827
20105,102826,0.884498480243161
11534,102826,0.545741324921136
100590,102826,0.432835820895522
10378,102826,0.3
100452,102826,0.363344051446945
100942,102826,0.488888888888889
10436,102826,0.367741935483871
100063,102826,0.34640522875817
102988,102826,0.31858407079646
102913,102826,0.5375
101105,102826,0.309090909090909
102826,102826,1
