Var1,Var2,Freq
12014,12014,1
10131,12014,0.161899960197613
11089,12014,0.0620412468135566
12013,12014,0.118544300651659
10244,12014,0.109477375860502
11090,12014,0.0563288382334661
10187,12014,0.128564869306645
12067,12014,0.133257110744373
11810,12014,0.0764352023304532
11624,12014,0.0654308771110523
12014,10131,0.161899960197613
10131,10131,1
11089,10131,0.0780457435166231
12013,10131,0.317018477618535
10244,10131,0.180721602218683
11090,10131,0.0648798090578958
10187,10131,0.14032579307858
12067,10131,0.463710242294805
11810,10131,0.08868379879043
11624,10131,0.0758425841425146
12014,11089,0.0620412468135566
10131,11089,0.0780457435166231
11089,11089,1
12013,11089,0.0589682969929541
10244,11089,0.043621903728277
11090,11089,0.67405862590335
10187,11089,0.0879477823823478
12067,11089,0.0614174458201507
11810,11089,0.382641398329416
11624,11089,0.423466925747955
12014,12013,0.118544300651659
10131,12013,0.317018477618535
11089,12013,0.0589682969929541
12013,12013,1
10244,12013,0.138684907381842
11090,12013,0.0605647699497881
10187,12013,0.131980383827142
12067,12013,0.275244680304914
11810,12013,0.0856903571173394
11624,12013,0.0688746109892374
12014,10244,0.109477375860502
10131,10244,0.180721602218683
11089,10244,0.043621903728277
12013,10244,0.138684907381842
10244,10244,1
11090,10244,0.0425582958048891
10187,10244,0.105905086746185
12067,10244,0.176937876596622
11810,10244,0.0662101903360113
11624,10244,0.0485087137592582
12014,11090,0.0563288382334661
10131,11090,0.0648798090578958
11089,11090,0.67405862590335
12013,11090,0.0605647699497881
10244,11090,0.0425582958048891
11090,11090,1
10187,11090,0.0836928293767036
12067,11090,0.0643478664874969
11810,11090,0.341498167003131
11624,11090,0.379348937959688
12014,10187,0.128564869306645
10131,10187,0.14032579307858
11089,10187,0.0879477823823478
12013,10187,0.131980383827142
10244,10187,0.105905086746185
11090,10187,0.0836928293767036
10187,10187,1
12067,10187,0.140117481886713
11810,10187,0.0902173450260679
11624,10187,0.0992641497953562
12014,12067,0.133257110744373
10131,12067,0.463710242294805
11089,12067,0.0614174458201507
12013,12067,0.275244680304914
10244,12067,0.176937876596622
11090,12067,0.0643478664874969
10187,12067,0.140117481886713
12067,12067,1
11810,12067,0.0598834426708993
11624,12067,0.0629391618457653
12014,11810,0.0764352023304532
10131,11810,0.08868379879043
11089,11810,0.382641398329416
12013,11810,0.0856903571173394
10244,11810,0.0662101903360113
11090,11810,0.341498167003131
10187,11810,0.0902173450260679
12067,11810,0.0598834426708993
11810,11810,1
11624,11810,0.592366075155495
12014,11624,0.0654308771110523
10131,11624,0.0758425841425146
11089,11624,0.423466925747955
12013,11624,0.0688746109892374
10244,11624,0.0485087137592582
11090,11624,0.379348937959688
10187,11624,0.0992641497953562
12067,11624,0.0629391618457653
11810,11624,0.592366075155495
11624,11624,1
