Var1,Var2,Freq
11066,11066,1
11694,11066,0.451776649746193
20129,11066,0.5
11602,11066,0.494318181818182
17085,11066,0.461928934010152
12955,11066,0.5
11066,11694,0.451776649746193
11694,11694,1
20129,11694,0.631276901004304
11602,11694,0.630372492836676
17085,11694,0.959876543209877
12955,11694,0.631276901004304
11066,20129,0.5
11694,20129,0.631276901004304
20129,20129,1
11602,20129,0.892156862745098
17085,20129,0.56832298136646
12955,20129,0.892156862745098
11066,11602,0.494318181818182
11694,11602,0.630372492836676
20129,11602,0.892156862745098
11602,11602,1
17085,11602,0.560371517027864
12955,11602,0.948251748251748
11066,17085,0.461928934010152
11694,17085,0.959876543209877
20129,17085,0.56832298136646
11602,17085,0.560371517027864
17085,17085,1
12955,17085,0.559006211180124
11066,12955,0.5
11694,12955,0.631276901004304
20129,12955,0.892156862745098
11602,12955,0.948251748251748
17085,12955,0.559006211180124
12955,12955,1
