Var1,Var2,Freq
10497,10497,1
12396,10497,0.102890110522086
12238,10497,0.783463181850657
11567,10497,0.287493906463267
12162,10497,0.0703207457927621
10495,10497,0.468454382606821
10493,10497,0.201686254105858
10498,10497,0.788214955173277
10452,10497,0.206610166957593
12933,10497,0.0666065596093663
100671,10497,0.438471059697742
12587,10497,0.79925381711417
10496,10497,0.45358357294977
20105,10497,0.463482579017833
11534,10497,0.438925459231753
100590,10497,0.234637722104614
10378,10497,0.0691262817799241
100452,10497,0.16166418732011
100942,10497,0.780913228655734
10436,10497,0.216525234911469
100063,10497,0.204548454542249
102988,10497,0.0660790087013721
102913,10497,0.40353066546349
101105,10497,0.0634094447481167
102826,10497,0.442382031369363
10497,12396,0.102890110522086
12396,12396,1
12238,12396,0.0999172688157947
11567,12396,0.153076354605429
12162,12396,0.0976647337217051
10495,12396,0.116078705349153
10493,12396,0.0963638778207616
10498,12396,0.10598667359723
10452,12396,0.0716328325535083
12933,12396,0.0955811558534666
100671,12396,0.103985063836931
12587,12396,0.121327635921323
10496,12396,0.123942628383065
20105,12396,0.117494299316825
11534,12396,0.109994789487491
100590,12396,0.102681586544263
10378,12396,0.101740497711618
100452,12396,0.0762815877286909
100942,12396,0.104413621436991
10436,12396,0.101930091486622
100063,12396,0.0758065153222647
102988,12396,0.099578168933954
102913,12396,0.105840811966213
101105,12396,0.0873884853517409
102826,12396,0.120124172878684
10497,12238,0.783463181850657
12396,12238,0.0999172688157947
12238,12238,1
11567,12238,0.303478106734017
12162,12238,0.0629766375786546
10495,12238,0.425970210973037
10493,12238,0.211008438987266
10498,12238,0.764601336885015
10452,12238,0.229252645672614
12933,12238,0.0619792637866512
100671,12238,0.438585221321926
12587,12238,0.76308504886384
10496,12238,0.442046461834892
20105,12238,0.430401630593043
11534,12238,0.456055590263534
100590,12238,0.214649874047873
10378,12238,0.0623831272299866
100452,12238,0.144194999955535
100942,12238,0.958691072210824
10436,12238,0.224695139292869
100063,12238,0.225092750621341
102988,12238,0.0678750852407138
102913,12238,0.405729444367363
101105,12238,0.0609106557903296
102826,12238,0.435259438054821
10497,11567,0.287493906463267
12396,11567,0.153076354605429
12238,11567,0.303478106734017
11567,11567,1
12162,11567,0.099093087234134
10495,11567,0.29711164746899
10493,11567,0.201709414109431
10498,11567,0.288532368349341
10452,11567,0.160816645918377
12933,11567,0.0999595509245561
100671,11567,0.262298501419171
12587,11567,0.299821339889287
10496,11567,0.296208600248193
20105,11567,0.293804282191042
11534,11567,0.261910691839596
100590,11567,0.187945550252011
10378,11567,0.0976286145486457
100452,11567,0.135723492186901
100942,11567,0.300581108708383
10436,11567,0.241380186248758
100063,11567,0.180901327375494
102988,11567,0.110965560571525
102913,11567,0.25001979086928
101105,11567,0.0973010522297541
102826,11567,0.293362554411145
10497,12162,0.0703207457927621
12396,12162,0.0976647337217051
12238,12162,0.0629766375786546
11567,12162,0.099093087234134
12162,12162,1
10495,12162,0.0743272166623524
10493,12162,0.0687886275053396
10498,12162,0.0692192497136289
10452,12162,0.0704521408577128
12933,12162,0.815520364141797
100671,12162,0.0857985429756295
12587,12162,0.0767478547461249
10496,12162,0.0739681389687109
20105,12162,0.0721411220546361
11534,12162,0.0856550258851155
100590,12162,0.061053942028895
10378,12162,0.848012765823963
100452,12162,0.0366996265123298
100942,12162,0.0669456463302704
10436,12162,0.0630352762902512
100063,12162,0.0643245870995646
102988,12162,0.333244857430875
102913,12162,0.0829903636673047
101105,12162,0.819737664021005
102826,12162,0.0706606970148967
10497,10495,0.468454382606821
12396,10495,0.116078705349153
12238,10495,0.425970210973037
11567,10495,0.29711164746899
12162,10495,0.0743272166623524
10495,10495,1
10493,10495,0.18424322592733
10498,10495,0.458011133166096
10452,10495,0.198905111317378
12933,10495,0.0748656956782041
100671,10495,0.507836959738116
12587,10495,0.460540172210807
10496,10495,0.881874843346823
20105,10495,0.947131608548931
11534,10495,0.519961224400583
100590,10495,0.226452884730802
10378,10495,0.0801232117473102
100452,10495,0.161795106461263
100942,10495,0.432810106159744
10436,10495,0.247385048939183
100063,10495,0.213085702743984
102988,10495,0.0683699417768037
102913,10495,0.486756773279678
101105,10495,0.0754082007193505
102826,10495,0.87542499876358
10497,10493,0.201686254105858
12396,10493,0.0963638778207616
12238,10493,0.211008438987266
11567,10493,0.201709414109431
12162,10493,0.0687886275053396
10495,10493,0.18424322592733
10493,10493,1
10498,10493,0.200396753617442
10452,10493,0.233785703677958
12933,10493,0.0687350260302931
100671,10493,0.165025575399607
12587,10493,0.186377709738432
10496,10493,0.18706132777537
20105,10493,0.183305601367904
11534,10493,0.173458111029781
100590,10493,0.15711765253171
10378,10493,0.0694941249088542
100452,10493,0.123204311162158
100942,10493,0.211644443396818
10436,10493,0.167257089401968
100063,10493,0.225948424966835
102988,10493,0.0738585788585082
102913,10493,0.150754840012541
101105,10493,0.0624041683696082
102826,10493,0.186538607578631
10497,10498,0.788214955173277
12396,10498,0.10598667359723
12238,10498,0.764601336885015
11567,10498,0.288532368349341
12162,10498,0.0692192497136289
10495,10498,0.458011133166096
10493,10498,0.200396753617442
10498,10498,1
10452,10498,0.212388187385868
12933,10498,0.0681734786924163
100671,10498,0.443346547873625
12587,10498,0.782058456359921
10496,10498,0.455269252327741
20105,10498,0.455228562490725
11534,10498,0.442176357414292
100590,10498,0.222775874644155
10378,10498,0.0696382650770364
100452,10498,0.151788811858575
100942,10498,0.754261608553639
10436,10498,0.210513453692834
100063,10498,0.218494182395351
102988,10498,0.0627799755900156
102913,10498,0.420880152477327
101105,10498,0.0665630815579498
102826,10498,0.443985219499227
10497,10452,0.206610166957593
12396,10452,0.0716328325535083
12238,10452,0.229252645672614
11567,10452,0.160816645918377
12162,10452,0.0704521408577128
10495,10452,0.198905111317378
10493,10452,0.233785703677958
10498,10452,0.212388187385868
10452,10452,1
12933,10452,0.0717744745239146
100671,10452,0.169764871076041
12587,10452,0.19293105331435
10496,10452,0.191759206075721
20105,10452,0.194135204571158
11534,10452,0.183108141859209
100590,10452,0.170404782468173
10378,10452,0.0697881791682268
100452,10452,0.123771852180984
100942,10452,0.228058856343729
10436,10452,0.172972271962695
100063,10452,0.56222671536638
102988,10452,0.0751470362036737
102913,10452,0.156698614829041
101105,10452,0.0676336394552272
102826,10452,0.178797209237093
10497,12933,0.0666065596093663
12396,12933,0.0955811558534666
12238,12933,0.0619792637866512
11567,12933,0.0999595509245561
12162,12933,0.815520364141797
10495,12933,0.0748656956782041
10493,12933,0.0687350260302931
10498,12933,0.0681734786924163
10452,12933,0.0717744745239146
12933,12933,1
100671,12933,0.0835806876944624
12587,12933,0.0767200283233424
10496,12933,0.0788630814163783
20105,12933,0.0732381805547649
11534,12933,0.0791057249566325
100590,12933,0.0606050098941285
10378,12933,0.818278547467232
100452,12933,0.0395780246143764
100942,12933,0.0632379055307187
10436,12933,0.0699955452772049
100063,12933,0.0619873253170577
102988,12933,0.321825584618706
102913,12933,0.0807648354179812
101105,12933,0.937728937728938
102826,12933,0.0755784226080033
10497,100671,0.438471059697742
12396,100671,0.103985063836931
12238,100671,0.438585221321926
11567,100671,0.262298501419171
12162,100671,0.0857985429756295
10495,100671,0.507836959738116
10493,100671,0.165025575399607
10498,100671,0.443346547873625
10452,100671,0.169764871076041
12933,100671,0.0835806876944624
100671,100671,1
12587,100671,0.450153208196841
10496,100671,0.509127161573961
20105,100671,0.498513819008582
11534,100671,0.742562087255853
100590,100671,0.197199274627881
10378,100671,0.0839341764757728
100452,100671,0.149581154308326
100942,100671,0.436114865907065
10436,100671,0.211740096071242
100063,100671,0.196941426137407
102988,100671,0.0746669321495641
102913,100671,0.76256826703476
101105,100671,0.0825227043059249
102826,100671,0.50128810784064
10497,12587,0.79925381711417
12396,12587,0.121327635921323
12238,12587,0.76308504886384
11567,12587,0.299821339889287
12162,12587,0.0767478547461249
10495,12587,0.460540172210807
10493,12587,0.186377709738432
10498,12587,0.782058456359921
10452,12587,0.19293105331435
12933,12587,0.0767200283233424
100671,12587,0.450153208196841
12587,12587,1
10496,12587,0.466728801910483
20105,12587,0.458871548398449
11534,12587,0.453519329406523
100590,12587,0.222006053968307
10378,12587,0.0760245603979151
100452,12587,0.1526275173361
100942,12587,0.765934528399203
10436,12587,0.228338510844795
100063,12587,0.192570477239288
102988,12587,0.0676136138443952
102913,12587,0.427272968647654
101105,12587,0.0713549913776541
102826,12587,0.459907377139519
10497,10496,0.45358357294977
12396,10496,0.123942628383065
12238,10496,0.442046461834892
11567,10496,0.296208600248193
12162,10496,0.0739681389687109
10495,10496,0.881874843346823
10493,10496,0.18706132777537
10498,10496,0.455269252327741
10452,10496,0.191759206075721
12933,10496,0.0788630814163783
100671,10496,0.509127161573961
12587,10496,0.466728801910483
10496,10496,1
20105,10496,0.907248480143886
11534,10496,0.522960176023315
100590,10496,0.234902017679086
10378,10496,0.0808695198548956
100452,10496,0.170152859819997
100942,10496,0.446163885168984
10436,10496,0.240848715213302
100063,10496,0.207329668148944
102988,10496,0.0712853869246177
102913,10496,0.477920160504452
101105,10496,0.0766875481359265
102826,10496,0.966939852108511
10497,20105,0.463482579017833
12396,20105,0.117494299316825
12238,20105,0.430401630593043
11567,20105,0.293804282191042
12162,20105,0.0721411220546361
10495,20105,0.947131608548931
10493,20105,0.183305601367904
10498,20105,0.455228562490725
10452,20105,0.194135204571158
12933,20105,0.0732381805547649
100671,20105,0.498513819008582
12587,20105,0.458871548398449
10496,20105,0.907248480143886
20105,20105,1
11534,20105,0.519961224400583
100590,20105,0.229725325261593
10378,20105,0.0790404656426168
100452,20105,0.159463764869602
100942,20105,0.435588091436764
10436,20105,0.24518607072639
100063,20105,0.215018452882252
102988,20105,0.0667290631741604
102913,20105,0.472801590559504
101105,20105,0.0732381805547649
102826,20105,0.900227767563063
10497,11534,0.438925459231753
12396,11534,0.109994789487491
12238,11534,0.456055590263534
11567,11534,0.261910691839596
12162,11534,0.0856550258851155
10495,11534,0.519961224400583
10493,11534,0.173458111029781
10498,11534,0.442176357414292
10452,11534,0.183108141859209
12933,11534,0.0791057249566325
100671,11534,0.742562087255853
12587,11534,0.453519329406523
10496,11534,0.522960176023315
20105,11534,0.519961224400583
11534,11534,1
100590,11534,0.19216764668413
10378,11534,0.0848477877372428
100452,11534,0.147078715841318
100942,11534,0.459083557943672
10436,11534,0.227396508492472
100063,11534,0.207534555924451
102988,11534,0.0770424958194394
102913,11534,0.716500663547483
101105,11534,0.0774913224064972
102826,11534,0.51162927278498
10497,100590,0.234637722104614
12396,100590,0.102681586544263
12238,100590,0.214649874047873
11567,100590,0.187945550252011
12162,100590,0.061053942028895
10495,100590,0.226452884730802
10493,100590,0.15711765253171
10498,100590,0.222775874644155
10452,100590,0.170404782468173
12933,100590,0.0606050098941285
100671,100590,0.197199274627881
12587,100590,0.222006053968307
10496,100590,0.234902017679086
20105,100590,0.229725325261593
11534,100590,0.19216764668413
100590,100590,1
10378,100590,0.0617385215560656
100452,100590,0.488870930264749
100942,100590,0.21723646547255
10436,100590,0.182322098303936
100063,100590,0.175429986911465
102988,100590,0.0496458916383022
102913,100590,0.172786843311723
101105,100590,0.058711103334937
102826,100590,0.233523720786228
10497,10378,0.0691262817799241
12396,10378,0.101740497711618
12238,10378,0.0623831272299866
11567,10378,0.0976286145486457
12162,10378,0.848012765823963
10495,10378,0.0801232117473102
10493,10378,0.0694941249088542
10498,10378,0.0696382650770364
10452,10378,0.0697881791682268
12933,10378,0.818278547467232
100671,10378,0.0839341764757728
12587,10378,0.0760245603979151
10496,10378,0.0808695198548956
20105,10378,0.0790404656426168
11534,10378,0.0848477877372428
100590,10378,0.0617385215560656
10378,10378,1
100452,10378,0.0417395004331862
100942,10378,0.0663147308761758
10436,10378,0.0650870274365618
100063,10378,0.0665089589693132
102988,10378,0.326945367475812
102913,10378,0.0816709293340069
101105,10378,0.816711964415285
102826,10378,0.077591101440418
10497,100452,0.16166418732011
12396,100452,0.0762815877286909
12238,100452,0.144194999955535
11567,100452,0.135723492186901
12162,100452,0.0366996265123298
10495,100452,0.161795106461263
10493,100452,0.123204311162158
10498,100452,0.151788811858575
10452,100452,0.123771852180984
12933,100452,0.0395780246143764
100671,100452,0.149581154308326
12587,100452,0.1526275173361
10496,100452,0.170152859819997
20105,100452,0.159463764869602
11534,100452,0.147078715841318
100590,100452,0.488870930264749
10378,100452,0.0417395004331862
100452,100452,1
100942,100452,0.142787205200989
10436,100452,0.162703469959856
100063,100452,0.126982141753744
102988,100452,0.0353685669586339
102913,100452,0.13003776676471
101105,100452,0.0386785240549588
102826,100452,0.163094974588136
10497,100942,0.780913228655734
12396,100942,0.104413621436991
12238,100942,0.958691072210824
11567,100942,0.300581108708383
12162,100942,0.0669456463302704
10495,100942,0.432810106159744
10493,100942,0.211644443396818
10498,100942,0.754261608553639
10452,100942,0.228058856343729
12933,100942,0.0632379055307187
100671,100942,0.436114865907065
12587,100942,0.765934528399203
10496,100942,0.446163885168984
20105,100942,0.435588091436764
11534,100942,0.459083557943672
100590,100942,0.21723646547255
10378,100942,0.0663147308761758
100452,100942,0.142787205200989
100942,100942,1
10436,100942,0.219941736867498
100063,100942,0.221952666317359
102988,100942,0.0653780946231762
102913,100942,0.408055212860482
101105,100942,0.0616301621697683
102826,100942,0.437128212743787
10497,10436,0.216525234911469
12396,10436,0.101930091486622
12238,10436,0.224695139292869
11567,10436,0.241380186248758
12162,10436,0.0630352762902512
10495,10436,0.247385048939183
10493,10436,0.167257089401968
10498,10436,0.210513453692834
10452,10436,0.172972271962695
12933,10436,0.0699955452772049
100671,10436,0.211740096071242
12587,10436,0.228338510844795
10496,10436,0.240848715213302
20105,10436,0.24518607072639
11534,10436,0.227396508492472
100590,10436,0.182322098303936
10378,10436,0.0650870274365618
100452,10436,0.162703469959856
100942,10436,0.219941736867498
10436,10436,1
100063,10436,0.193166460226601
102988,10436,0.0481160977211669
102913,10436,0.183873063201186
101105,10436,0.0662836603003835
102826,10436,0.234719828596199
10497,100063,0.204548454542249
12396,100063,0.0758065153222647
12238,100063,0.225092750621341
11567,100063,0.180901327375494
12162,100063,0.0643245870995646
10495,100063,0.213085702743984
10493,100063,0.225948424966835
10498,100063,0.218494182395351
10452,100063,0.56222671536638
12933,100063,0.0619873253170577
100671,100063,0.196941426137407
12587,100063,0.192570477239288
10496,100063,0.207329668148944
20105,100063,0.215018452882252
11534,100063,0.207534555924451
100590,100063,0.175429986911465
10378,100063,0.0665089589693132
100452,100063,0.126982141753744
100942,100063,0.221952666317359
10436,100063,0.193166460226601
100063,100063,1
102988,100063,0.0761233145323717
102913,100063,0.171202937879389
101105,100063,0.0596569747412285
102826,100063,0.200491196633146
10497,102988,0.0660790087013721
12396,102988,0.099578168933954
12238,102988,0.0678750852407138
11567,102988,0.110965560571525
12162,102988,0.333244857430875
10495,102988,0.0683699417768037
10493,102988,0.0738585788585082
10498,102988,0.0627799755900156
10452,102988,0.0751470362036737
12933,102988,0.321825584618706
100671,102988,0.0746669321495641
12587,102988,0.0676136138443952
10496,102988,0.0712853869246177
20105,102988,0.0667290631741604
11534,102988,0.0770424958194394
100590,102988,0.0496458916383022
10378,102988,0.326945367475812
100452,102988,0.0353685669586339
100942,102988,0.0653780946231762
10436,102988,0.0481160977211669
100063,102988,0.0761233145323717
102988,102988,1
102913,102988,0.0716566339506109
101105,102988,0.314439423660244
102826,102988,0.0696206643423774
10497,102913,0.40353066546349
12396,102913,0.105840811966213
12238,102913,0.405729444367363
11567,102913,0.25001979086928
12162,102913,0.0829903636673047
10495,102913,0.486756773279678
10493,102913,0.150754840012541
10498,102913,0.420880152477327
10452,102913,0.156698614829041
12933,102913,0.0807648354179812
100671,102913,0.76256826703476
12587,102913,0.427272968647654
10496,102913,0.477920160504452
20105,102913,0.472801590559504
11534,102913,0.716500663547483
100590,102913,0.172786843311723
10378,102913,0.0816709293340069
100452,102913,0.13003776676471
100942,102913,0.408055212860482
10436,102913,0.183873063201186
100063,102913,0.171202937879389
102988,102913,0.0716566339506109
102913,102913,1
101105,102913,0.0807648354179812
102826,102913,0.473868864131016
10497,101105,0.0634094447481167
12396,101105,0.0873884853517409
12238,101105,0.0609106557903296
11567,101105,0.0973010522297541
12162,101105,0.819737664021005
10495,101105,0.0754082007193505
10493,101105,0.0624041683696082
10498,101105,0.0665630815579498
10452,101105,0.0676336394552272
12933,101105,0.937728937728938
100671,101105,0.0825227043059249
12587,101105,0.0713549913776541
10496,101105,0.0766875481359265
20105,101105,0.0732381805547649
11534,101105,0.0774913224064972
100590,101105,0.058711103334937
10378,101105,0.816711964415285
100452,101105,0.0386785240549588
100942,101105,0.0616301621697683
10436,101105,0.0662836603003835
100063,101105,0.0596569747412285
102988,101105,0.314439423660244
102913,101105,0.0807648354179812
101105,101105,1
102826,101105,0.0734035039718018
10497,102826,0.442382031369363
12396,102826,0.120124172878684
12238,102826,0.435259438054821
11567,102826,0.293362554411145
12162,102826,0.0706606970148967
10495,102826,0.87542499876358
10493,102826,0.186538607578631
10498,102826,0.443985219499227
10452,102826,0.178797209237093
12933,102826,0.0755784226080033
100671,102826,0.50128810784064
12587,102826,0.459907377139519
10496,102826,0.966939852108511
20105,102826,0.900227767563063
11534,102826,0.51162927278498
100590,102826,0.233523720786228
10378,102826,0.077591101440418
100452,102826,0.163094974588136
100942,102826,0.437128212743787
10436,102826,0.234719828596199
100063,102826,0.200491196633146
102988,102826,0.0696206643423774
102913,102826,0.473868864131016
101105,102826,0.0734035039718018
102826,102826,1
