Var1,Var2,Freq
11066,11066,1
11694,11066,0.203460863576136
20129,11066,0.208782425219452
11602,11066,0.208569484111963
17085,11066,0.29812008751701
12955,11066,0.210447274556806
11066,11694,0.203460863576136
11694,11694,1
20129,11694,0.645948629791877
11602,11694,0.650109259073463
17085,11694,0.649699222534737
12955,11694,0.65642596870239
11066,20129,0.208782425219452
11694,20129,0.645948629791877
20129,20129,1
11602,20129,0.902148478882607
17085,20129,0.390435202195387
12955,20129,0.903809225545402
11066,11602,0.208569484111963
11694,11602,0.650109259073463
20129,11602,0.902148478882607
11602,11602,1
17085,11602,0.385691146397255
12955,11602,0.95444303155949
11066,17085,0.29812008751701
11694,17085,0.649699222534737
20129,17085,0.390435202195387
11602,17085,0.385691146397255
17085,17085,1
12955,17085,0.38952095528404
11066,12955,0.210447274556806
11694,12955,0.65642596870239
20129,12955,0.903809225545402
11602,12955,0.95444303155949
17085,12955,0.38952095528404
12955,12955,1
