Var1,Var2,Freq
12014,12014,1
10131,12014,0.340080971659919
11089,12014,0.273127753303965
12013,12014,0.313559322033898
10244,12014,0.333333333333333
11090,12014,0.269911504424779
10187,12014,0.345528455284553
12067,12014,0.3375
11810,12014,0.292887029288703
11624,12014,0.273542600896861
12014,10131,0.340080971659919
10131,10131,1
11089,10131,0.294117647058824
12013,10131,0.415686274509804
10244,10131,0.390557939914163
11090,10131,0.282926829268293
10187,10131,0.291828793774319
12067,10131,0.567901234567901
11810,10131,0.314720812182741
11624,10131,0.314553990610329
12014,11089,0.273127753303965
10131,11089,0.294117647058824
11089,11089,1
12013,11089,0.264423076923077
10244,11089,0.288288288288288
11090,11089,0.73209549071618
10187,11089,0.302325581395349
12067,11089,0.251282051282051
11810,11089,0.556363636363636
11624,11089,0.590747330960854
12014,12013,0.313559322033898
10131,12013,0.415686274509804
11089,12013,0.264423076923077
12013,12013,1
10244,12013,0.336633663366337
11090,12013,0.260683760683761
10187,12013,0.280155642023346
12067,12013,0.3828125
11810,12013,0.287804878048781
11624,12013,0.26457399103139
12014,10244,0.333333333333333
10131,10244,0.390557939914163
11089,10244,0.288288288288288
12013,10244,0.336633663366337
10244,10244,1
11090,10244,0.230769230769231
10187,10244,0.322429906542056
12067,10244,0.398230088495575
11810,10244,0.267379679144385
11624,10244,0.247706422018349
12014,11090,0.269911504424779
10131,11090,0.282926829268293
11089,11090,0.73209549071618
12013,11090,0.260683760683761
10244,11090,0.230769230769231
11090,11090,1
10187,11090,0.299539170506912
12067,11090,0.241379310344828
11810,11090,0.556363636363636
11624,11090,0.569444444444444
12014,10187,0.345528455284553
10131,10187,0.291828793774319
11089,10187,0.302325581395349
12013,10187,0.280155642023346
10244,10187,0.322429906542056
11090,10187,0.299539170506912
10187,10187,1
12067,10187,0.299212598425197
11810,10187,0.302325581395349
11624,10187,0.307086614173228
12014,12067,0.3375
10131,12067,0.567901234567901
11089,12067,0.251282051282051
12013,12067,0.3828125
10244,12067,0.398230088495575
11090,12067,0.241379310344828
10187,12067,0.299212598425197
12067,12067,1
11810,12067,0.258883248730964
11624,12067,0.273584905660377
12014,11810,0.292887029288703
10131,11810,0.314720812182741
11089,11810,0.556363636363636
12013,11810,0.287804878048781
10244,11810,0.267379679144385
11090,11810,0.556363636363636
10187,11810,0.302325581395349
12067,11810,0.258883248730964
11810,11810,1
11624,11810,0.621287128712871
12014,11624,0.273542600896861
10131,11624,0.314553990610329
11089,11624,0.590747330960854
12013,11624,0.26457399103139
10244,11624,0.247706422018349
11090,11624,0.569444444444444
10187,11624,0.307086614173228
12067,11624,0.273584905660377
11810,11624,0.621287128712871
11624,11624,1
