Var1,Var2,Freq
72,72,1
130,72,0.377650204937527
220,72,0.124768203429143
90,72,0.207382052077277
88,72,0.124516034781422
12755,72,0.124716784585305
10453,72,0.136715545235368
11104,72,0.123954606965997
10304,72,0.121056023393782
11430,72,0.425048496551221
14037,72,0.959486610741098
12173,72,0.180460269762594
12163,72,0.124328045405702
11427,72,0.956728844847906
11426,72,0.959227556155722
20112,72,0.124328045405702
100027,72,0.993988836410477
72,130,0.377650204937527
130,130,1
220,130,0.105865889602445
90,130,0.188349475188203
88,130,0.116601272928327
12755,130,0.104686865807017
10453,130,0.130884288573847
11104,130,0.113355011544494
10304,130,0.110275606692283
11430,130,0.754490956840155
14037,130,0.377990403575226
12173,130,0.292486546188233
12163,130,0.115515660814059
11427,130,0.37774792066548
11426,130,0.386562392640065
20112,130,0.115060874747861
100027,130,0.374926765959612
72,220,0.124768203429143
130,220,0.105865889602445
220,220,1
90,220,0.100295313010882
88,220,0.468260722160283
12755,220,0.794887392646192
10453,220,0.523187282696948
11104,220,0.464509463422225
10304,220,0.464497679374685
11430,220,0.103725414162244
14037,220,0.124990930844656
12173,220,0.0932891686115188
12163,220,0.470021062842613
11427,220,0.126139378792311
11426,220,0.12512491194309
20112,220,0.472899582037624
100027,220,0.124768203429143
72,90,0.207382052077277
130,90,0.188349475188203
220,90,0.100295313010882
90,90,1
88,90,0.0957911845808884
12755,90,0.0949000476474417
10453,90,0.107195818018527
11104,90,0.0937151482501081
10304,90,0.0987321641500067
11430,90,0.22442311817789
14037,90,0.209125377779019
12173,90,0.532050631117369
12163,90,0.0956465628458604
11427,90,0.208991222706228
11426,90,0.209760840591534
20112,90,0.0956465628458604
100027,90,0.206147635100627
72,88,0.124516034781422
130,88,0.116601272928327
220,88,0.468260722160283
90,88,0.0957911845808884
88,88,1
12755,88,0.479385225453518
10453,88,0.656677659610977
11104,88,0.905109306569109
10304,88,0.897701472855048
11430,88,0.113192462019817
14037,88,0.123899128663082
12173,88,0.102090360357809
12163,88,0.954026558393836
11427,88,0.123819646694892
11426,88,0.123601272973408
20112,88,0.952299813491765
100027,88,0.123654332118575
72,12755,0.124716784585305
130,12755,0.104686865807017
220,12755,0.794887392646192
90,12755,0.0949000476474417
88,12755,0.479385225453518
12755,12755,1
10453,12755,0.527261419447849
11104,12755,0.4619095303077
10304,12755,0.459406081282894
11430,12755,0.1026465622906
14037,12755,0.123702342351136
12173,12755,0.0977340991890996
12163,12755,0.479076613013093
11427,12755,0.12362298662244
11426,12755,0.123834942177341
20112,12755,0.484888634314812
100027,12755,0.124716784585305
72,10453,0.136715545235368
130,10453,0.130884288573847
220,10453,0.523187282696948
90,10453,0.107195818018527
88,10453,0.656677659610977
12755,10453,0.527261419447849
10453,10453,1
11104,10453,0.64798661008326
10304,10453,0.643763345351319
11430,10453,0.125108689640246
14037,10453,0.135555933087991
12173,10453,0.113781030785576
12163,10453,0.665744240206186
11427,10453,0.135468973216054
11426,10453,0.136179060357341
20112,10453,0.660954713298228
100027,10453,0.135281466089542
72,11104,0.123954606965997
130,11104,0.113355011544494
220,11104,0.464509463422225
90,11104,0.0937151482501081
88,11104,0.905109306569109
12755,11104,0.4619095303077
10453,11104,0.64798661008326
11104,11104,1
10304,11104,0.980703619675762
11430,11104,0.110968294772922
14037,11104,0.122912216839201
12173,11104,0.0997905893414036
12163,11104,0.908040206443221
11427,11104,0.122833367980339
11426,11104,0.123043969708884
20112,11104,0.91233760448602
100027,11104,0.123096789616751
72,10304,0.121056023393782
130,10304,0.110275606692283
220,10304,0.464497679374685
90,10304,0.0987321641500067
88,10304,0.897701472855048
12755,10304,0.459406081282894
10453,10304,0.643763345351319
11104,10304,0.980703619675762
10304,10304,1
11430,10304,0.108061789312764
14037,10304,0.121731776597542
12173,10304,0.105399318142721
12163,10304,0.9070988717769
11427,10304,0.121653684997547
11426,10304,0.120145894204768
20112,10304,0.911830065513053
100027,10304,0.12019747003638
72,11430,0.425048496551221
130,11430,0.754490956840155
220,11430,0.103725414162244
90,11430,0.22442311817789
88,11430,0.113192462019817
12755,11430,0.1026465622906
10453,11430,0.125108689640246
11104,11430,0.110968294772922
10304,11430,0.108061789312764
11430,11430,1
14037,11430,0.426552501644056
12173,11430,0.205559416753951
12163,11430,0.111302609308469
11427,11430,0.426278865882989
11426,11430,0.434298053362716
20112,11430,0.112591828721308
100027,11430,0.42333286185273
72,14037,0.959486610741098
130,14037,0.377990403575226
220,14037,0.124990930844656
90,14037,0.209125377779019
88,14037,0.123899128663082
12755,14037,0.123702342351136
10453,14037,0.135555933087991
11104,14037,0.122912216839201
10304,14037,0.121731776597542
11430,14037,0.426552501644056
14037,14037,1
12173,14037,0.178351015246378
12163,14037,0.123712070667776
11427,14037,0.997219456661066
11426,14037,0.969788428854251
20112,14037,0.125000738070565
100027,14037,0.958200435659676
72,12173,0.180460269762594
130,12173,0.292486546188233
220,12173,0.0932891686115188
90,12173,0.532050631117369
88,12173,0.102090360357809
12755,12173,0.0977340991890996
10453,12173,0.113781030785576
11104,12173,0.0997905893414036
10304,12173,0.105399318142721
11430,12173,0.205559416753951
14037,12173,0.178351015246378
12173,12173,1
12163,12173,0.10193622837678
11427,12173,0.178236602095345
11426,12173,0.180382835616243
20112,12173,0.10193622837678
100027,12173,0.181841343255675
72,12163,0.124328045405702
130,12163,0.115515660814059
220,12163,0.470021062842613
90,12163,0.0956465628458604
88,12163,0.954026558393836
12755,12163,0.479076613013093
10453,12163,0.665744240206186
11104,12163,0.908040206443221
10304,12163,0.9070988717769
11430,12163,0.111302609308469
14037,12163,0.123712070667776
12173,12163,0.10193622837678
12163,12163,1
11427,12163,0.123632708698312
11426,12163,0.12341466466882
20112,12163,0.968534482758621
100027,12163,0.123467643707392
72,11427,0.956728844847906
130,11427,0.37774792066548
220,11427,0.126139378792311
90,11427,0.208991222706228
88,11427,0.123819646694892
12755,11427,0.12362298662244
10453,11427,0.135468973216054
11104,11427,0.122833367980339
10304,11427,0.121653684997547
11430,11427,0.426278865882989
14037,11427,0.997219456661066
12173,11427,0.178236602095345
12163,11427,0.123632708698312
11427,11427,1
11426,11427,0.967024973511816
20112,11427,0.124920549413919
100027,11427,0.955443494854828
72,11426,0.959227556155722
130,11426,0.386562392640065
220,11426,0.12512491194309
90,11426,0.209760840591534
88,11426,0.123601272973408
12755,11426,0.123834942177341
10453,11426,0.136179060357341
11104,11426,0.123043969708884
10304,11426,0.120145894204768
11430,11426,0.434298053362716
14037,11426,0.969788428854251
12173,11426,0.180382835616243
12163,11426,0.12341466466882
11427,11426,0.967024973511816
11426,11426,1
20112,11426,0.12341466466882
100027,11426,0.958369186977954
72,20112,0.124328045405702
130,20112,0.115060874747861
220,20112,0.472899582037624
90,20112,0.0956465628458604
88,20112,0.952299813491765
12755,20112,0.484888634314812
10453,20112,0.660954713298228
11104,20112,0.91233760448602
10304,20112,0.911830065513053
11430,20112,0.112591828721308
14037,20112,0.125000738070565
12173,20112,0.10193622837678
12163,20112,0.968534482758621
11427,20112,0.124920549413919
11426,20112,0.12341466466882
20112,20112,1
100027,20112,0.123467643707392
72,100027,0.993988836410477
130,100027,0.374926765959612
220,100027,0.124768203429143
90,100027,0.206147635100627
88,100027,0.123654332118575
12755,100027,0.124716784585305
10453,100027,0.135281466089542
11104,100027,0.123096789616751
10304,100027,0.12019747003638
11430,100027,0.42333286185273
14037,100027,0.958200435659676
12173,100027,0.181841343255675
12163,100027,0.123467643707392
11427,100027,0.955443494854828
11426,100027,0.958369186977954
20112,100027,0.123467643707392
100027,100027,1
