Var1,Var2,Freq
72,72,1
130,72,0.530373831775701
220,72,0.519083969465649
90,72,0.370283018867925
88,72,0.480916030534351
12755,72,0.526717557251908
10453,72,0.475177304964539
11104,72,0.480916030534351
10304,72,0.473282442748092
11430,72,0.512820512820513
14037,72,0.957207207207207
12173,72,0.37283950617284
12163,72,0.480916030534351
11427,72,0.954954954954955
11426,72,0.963963963963964
20112,72,0.480916030534351
100027,72,0.990970654627539
72,130,0.530373831775701
130,130,1
220,130,0.4609375
90,130,0.368303571428571
88,130,0.393203883495146
12755,130,0.453125
10453,130,0.48062015503876
11104,130,0.410596026490066
10304,130,0.4375
11430,130,0.796420581655481
14037,130,0.519540229885057
12173,130,0.430939226519337
12163,130,0.388349514563107
11427,130,0.529137529137529
11426,130,0.526436781609195
20112,130,0.388349514563107
100027,130,0.52803738317757
72,220,0.519083969465649
130,220,0.4609375
220,220,1
90,220,0.428571428571429
88,220,0.653739612188366
12755,220,0.823899371069182
10453,220,0.686046511627907
11104,220,0.656509695290859
10304,220,0.659279778393352
11430,220,0.4765625
14037,220,0.519083969465649
12173,220,0.425196850393701
12163,220,0.656509695290859
11427,220,0.496598639455782
11426,220,0.519083969465649
20112,220,0.659279778393352
100027,220,0.519083969465649
72,90,0.370283018867925
130,90,0.368303571428571
220,90,0.428571428571429
90,90,1
88,90,0.428571428571429
12755,90,0.421768707482993
10453,90,0.436507936507937
11104,90,0.420634920634921
10304,90,0.436507936507937
11430,90,0.365256124721604
14037,90,0.367924528301887
12173,90,0.653104925053533
12163,90,0.428571428571429
11427,90,0.367924528301887
11426,90,0.367924528301887
20112,90,0.428571428571429
100027,90,0.369411764705882
72,88,0.480916030534351
130,88,0.393203883495146
220,88,0.653739612188366
90,88,0.428571428571429
88,88,1
12755,88,0.593220338983051
10453,88,0.752066115702479
11104,88,0.91647855530474
10304,88,0.90744920993228
11430,88,0.39
14037,88,0.360730593607306
12173,88,0.428571428571429
12163,88,0.943946188340807
11427,88,0.360730593607306
11426,88,0.473282442748092
20112,88,0.946188340807175
100027,88,0.473282442748092
72,12755,0.526717557251908
130,12755,0.453125
220,12755,0.823899371069182
90,12755,0.421768707482993
88,12755,0.593220338983051
12755,12755,1
10453,12755,0.687134502923977
11104,12755,0.589805825242718
10304,12755,0.58252427184466
11430,12755,0.46875
14037,12755,0.526717557251908
12173,12755,0.409722222222222
12163,12755,0.599514563106796
11427,12755,0.474358974358974
11426,12755,0.526717557251908
20112,12755,0.601941747572815
100027,12755,0.526717557251908
72,10453,0.475177304964539
130,10453,0.48062015503876
220,10453,0.686046511627907
90,10453,0.436507936507937
88,10453,0.752066115702479
12755,10453,0.687134502923977
10453,10453,1
11104,10453,0.752066115702479
10304,10453,0.74931129476584
11430,10453,0.48062015503876
14037,10453,0.468085106382979
12173,10453,0.428571428571429
12163,10453,0.768595041322314
11427,10453,0.496124031007752
11426,10453,0.468085106382979
20112,10453,0.763085399449036
100027,10453,0.468085106382979
72,11104,0.480916030534351
130,11104,0.410596026490066
220,11104,0.656509695290859
90,11104,0.420634920634921
88,11104,0.91647855530474
12755,11104,0.589805825242718
10453,11104,0.752066115702479
11104,11104,1
10304,11104,0.977578475336323
11430,11104,0.423841059602649
14037,11104,0.473282442748092
12173,11104,0.420634920634921
12163,11104,0.923250564334086
11427,11104,0.473282442748092
11426,11104,0.473282442748092
20112,11104,0.927765237020316
100027,11104,0.473282442748092
72,10304,0.473282442748092
130,10304,0.4375
220,10304,0.659279778393352
90,10304,0.436507936507937
88,10304,0.90744920993228
12755,10304,0.58252427184466
10453,10304,0.74931129476584
11104,10304,0.977578475336323
10304,10304,1
11430,10304,0.453125
14037,10304,0.359090909090909
12173,10304,0.436507936507937
12163,10304,0.923250564334086
11427,10304,0.359090909090909
11426,10304,0.465648854961832
20112,10304,0.927765237020316
100027,10304,0.465648854961832
72,11430,0.512820512820513
130,11430,0.796420581655481
220,11430,0.4765625
90,11430,0.365256124721604
88,11430,0.39
12755,11430,0.46875
10453,11430,0.48062015503876
11104,11430,0.423841059602649
10304,11430,0.453125
11430,11430,1
14037,11430,0.522458628841608
12173,11430,0.392156862745098
12163,11430,0.423841059602649
11427,11430,0.522458628841608
11426,11430,0.519721577726218
20112,11430,0.38
100027,11430,0.51048951048951
72,14037,0.957207207207207
130,14037,0.519540229885057
220,14037,0.519083969465649
90,14037,0.367924528301887
88,14037,0.360730593607306
12755,14037,0.526717557251908
10453,14037,0.468085106382979
11104,14037,0.473282442748092
10304,14037,0.359090909090909
11430,14037,0.522458628841608
14037,14037,1
12173,14037,0.376847290640394
12163,14037,0.360730593607306
11427,14037,0.997747747747748
11426,14037,0.963963963963964
20112,14037,0.360730593607306
100027,14037,0.954954954954955
72,12173,0.37283950617284
130,12173,0.430939226519337
220,12173,0.425196850393701
90,12173,0.653104925053533
88,12173,0.428571428571429
12755,12173,0.409722222222222
10453,12173,0.428571428571429
11104,12173,0.420634920634921
10304,12173,0.436507936507937
11430,12173,0.392156862745098
14037,12173,0.376847290640394
12173,12173,1
12163,12173,0.428571428571429
11427,12173,0.376847290640394
11426,12173,0.369458128078818
20112,12173,0.428571428571429
100027,12173,0.375308641975309
72,12163,0.480916030534351
130,12163,0.388349514563107
220,12163,0.656509695290859
90,12163,0.428571428571429
88,12163,0.943946188340807
12755,12163,0.599514563106796
10453,12163,0.768595041322314
11104,12163,0.923250564334086
10304,12163,0.923250564334086
11430,12163,0.423841059602649
14037,12163,0.360730593607306
12173,12163,0.428571428571429
12163,12163,1
11427,12163,0.360730593607306
11426,12163,0.473282442748092
20112,12163,0.966367713004484
100027,12163,0.473282442748092
72,11427,0.954954954954955
130,11427,0.529137529137529
220,11427,0.496598639455782
90,11427,0.367924528301887
88,11427,0.360730593607306
12755,11427,0.474358974358974
10453,11427,0.496124031007752
11104,11427,0.473282442748092
10304,11427,0.359090909090909
11430,11427,0.522458628841608
14037,11427,0.997747747747748
12173,11427,0.376847290640394
12163,11427,0.360730593607306
11427,11427,1
11426,11427,0.961711711711712
20112,11427,0.360730593607306
100027,11427,0.952702702702703
72,11426,0.963963963963964
130,11426,0.526436781609195
220,11426,0.519083969465649
90,11426,0.367924528301887
88,11426,0.473282442748092
12755,11426,0.526717557251908
10453,11426,0.468085106382979
11104,11426,0.473282442748092
10304,11426,0.465648854961832
11430,11426,0.519721577726218
14037,11426,0.963963963963964
12173,11426,0.369458128078818
12163,11426,0.473282442748092
11427,11426,0.961711711711712
11426,11426,1
20112,11426,0.473282442748092
100027,11426,0.961711711711712
72,20112,0.480916030534351
130,20112,0.388349514563107
220,20112,0.659279778393352
90,20112,0.428571428571429
88,20112,0.946188340807175
12755,20112,0.601941747572815
10453,20112,0.763085399449036
11104,20112,0.927765237020316
10304,20112,0.927765237020316
11430,20112,0.38
14037,20112,0.360730593607306
12173,20112,0.428571428571429
12163,20112,0.966367713004484
11427,20112,0.360730593607306
11426,20112,0.473282442748092
20112,20112,1
100027,20112,0.473282442748092
72,100027,0.990970654627539
130,100027,0.52803738317757
220,100027,0.519083969465649
90,100027,0.369411764705882
88,100027,0.473282442748092
12755,100027,0.526717557251908
10453,100027,0.468085106382979
11104,100027,0.473282442748092
10304,100027,0.465648854961832
11430,100027,0.51048951048951
14037,100027,0.954954954954955
12173,100027,0.375308641975309
12163,100027,0.473282442748092
11427,100027,0.952702702702703
11426,100027,0.961711711711712
20112,100027,0.473282442748092
100027,100027,1
