Var1,Var2,Freq
12023,12023,1
10814,12023,0.232840194949197
19689,12023,0.217093928802261
10808,12023,0.238939612511227
100435,12023,0.244374074509464
11562,12023,0.346725787942984
10950,12023,0.365386537069526
10809,12023,0.294630827163828
100433,12023,0.216049495936414
11631,12023,0.394112511063021
101397,12023,0.0193406690348014
101505,12023,0.0229635537159436
105654,12023,0.0225435809397645
12023,10814,0.232840194949197
10814,10814,1
19689,10814,0.464652596845756
10808,10814,0.515184863308132
100435,10814,0.516942106277153
11562,10814,0.248062966190286
10950,10814,0.253465846121303
10809,10814,0.226391952977099
100433,10814,0.472279477836081
11631,10814,0.27765627058787
101397,10814,0.0285611091682505
101505,10814,0.025394270724438
105654,10814,0.0277546499726902
12023,19689,0.217093928802261
10814,19689,0.464652596845756
19689,19689,1
10808,19689,0.501511434719194
100435,19689,0.500044688423464
11562,19689,0.241804767303285
10950,19689,0.262551105838436
10809,19689,0.202673684437263
100433,19689,0.919710751511395
11631,19689,0.270639730853472
101397,19689,0.0271536394376081
101505,19689,0.0261572834437312
105654,19689,0.0252279669349024
12023,10808,0.238939612511227
10814,10808,0.515184863308132
19689,10808,0.501511434719194
10808,10808,1
100435,10808,0.976498854066549
11562,10808,0.253908983452709
10950,10808,0.28530060116365
10809,10808,0.207917981272105
100433,10808,0.505098065819827
11631,10808,0.309893389977295
101397,10808,0.023133863380614
101505,10808,0.0210859983886656
105654,10808,0.0270789640060717
12023,100435,0.244374074509464
10814,100435,0.516942106277153
19689,100435,0.500044688423464
10808,100435,0.976498854066549
100435,100435,1
11562,100435,0.252628312308346
10950,100435,0.285074680103146
10809,100435,0.21034377782029
100433,100435,0.504164586185782
11631,100435,0.308089363773384
101397,100435,0.0236408976432227
101505,100435,0.0210693010136923
105654,100435,0.0270575209798718
12023,11562,0.346725787942984
10814,11562,0.248062966190286
19689,11562,0.241804767303285
10808,11562,0.253908983452709
100435,11562,0.252628312308346
11562,11562,1
10950,11562,0.391652843067055
10809,11562,0.268693386744716
100433,11562,0.238488447755904
11631,11562,0.432605263179574
101397,11562,0.0381553269719889
101505,11562,0.0323285904095116
105654,11562,0.0199280994699141
12023,10950,0.365386537069526
10814,10950,0.253465846121303
19689,10950,0.262551105838436
10808,10950,0.28530060116365
100435,10950,0.285074680103146
11562,10950,0.391652843067055
10950,10950,1
10809,10950,0.321248851000253
100433,10950,0.259283421312853
11631,10950,0.489629082539116
101397,10950,0.0321092705763722
101505,10950,0.0197315423808704
105654,10950,0.0224054974898257
12023,10809,0.294630827163828
10814,10809,0.226391952977099
19689,10809,0.202673684437263
10808,10809,0.207917981272105
100435,10809,0.21034377782029
11562,10809,0.268693386744716
10950,10809,0.321248851000253
10809,10809,1
100433,10809,0.20113358879225
11631,10809,0.303495200933547
101397,10809,0.0221785298606046
101505,10809,0.0330965679744798
105654,10809,0.0244392954472402
12023,100433,0.216049495936414
10814,100433,0.472279477836081
19689,100433,0.919710751511395
10808,100433,0.505098065819827
100435,100433,0.504164586185782
11562,100433,0.238488447755904
10950,100433,0.259283421312853
10809,100433,0.20113358879225
100433,100433,1
11631,100433,0.270507296047848
101397,100433,0.0260253914898147
101505,100433,0.0314189661558852
105654,100433,0.027355064687743
12023,11631,0.394112511063021
10814,11631,0.27765627058787
19689,11631,0.270639730853472
10808,11631,0.309893389977295
100435,11631,0.308089363773384
11562,11631,0.432605263179574
10950,11631,0.489629082539116
10809,11631,0.303495200933547
100433,11631,0.270507296047848
11631,11631,1
101397,11631,0.0377577003288666
101505,11631,0.0248921609377712
105654,11631,0.0277046437146161
12023,101397,0.0193406690348014
10814,101397,0.0285611091682505
19689,101397,0.0271536394376081
10808,101397,0.023133863380614
100435,101397,0.0236408976432227
11562,101397,0.0381553269719889
10950,101397,0.0321092705763722
10809,101397,0.0221785298606046
100433,101397,0.0260253914898147
11631,101397,0.0377577003288666
101397,101397,1
101505,101397,0.25118072702768
105654,101397,0.508569905121072
12023,101505,0.0229635537159436
10814,101505,0.025394270724438
19689,101505,0.0261572834437312
10808,101505,0.0210859983886656
100435,101505,0.0210693010136923
11562,101505,0.0323285904095116
10950,101505,0.0197315423808704
10809,101505,0.0330965679744798
100433,101505,0.0314189661558852
11631,101505,0.0248921609377712
101397,101505,0.25118072702768
101505,101505,1
105654,101505,0.272237461707068
12023,105654,0.0225435809397645
10814,105654,0.0277546499726902
19689,105654,0.0252279669349024
10808,105654,0.0270789640060717
100435,105654,0.0270575209798718
11562,105654,0.0199280994699141
10950,105654,0.0224054974898257
10809,105654,0.0244392954472402
100433,105654,0.027355064687743
11631,105654,0.0277046437146161
101397,105654,0.508569905121072
101505,105654,0.272237461707068
105654,105654,1
