Var1,Var2,Freq
12023,12023,1
10814,12023,0.358974358974359
19689,12023,0.342960288808664
10808,12023,0.341389728096677
100435,12023,0.34441087613293
11562,12023,0.483974358974359
10950,12023,0.463722397476341
10809,12023,0.450793650793651
100433,12023,0.335714285714286
11631,12023,0.508038585209003
101397,12023,0.32
101505,12023,0.310344827586207
105654,12023,0.269230769230769
12023,10814,0.358974358974359
10814,10814,1
19689,10814,0.506451612903226
10808,10814,0.57328990228013
100435,10814,0.583061889250814
11562,10814,0.377104377104377
10950,10814,0.356643356643357
10809,10814,0.389937106918239
100433,10814,0.511254019292605
11631,10814,0.376237623762376
101397,10814,0.203125
101505,10814,0.315789473684211
105654,10814,0.225
12023,19689,0.342960288808664
10814,19689,0.506451612903226
19689,19689,1
10808,19689,0.528662420382166
100435,19689,0.53015873015873
11562,19689,0.337883959044369
10950,19689,0.355704697986577
10809,19689,0.346863468634686
100433,19689,0.912429378531074
11631,19689,0.34
101397,19689,0.21656050955414
101505,19689,0.314285714285714
105654,19689,0.20625
12023,10808,0.341389728096677
10814,10808,0.57328990228013
19689,10808,0.528662420382166
10808,10808,1
100435,10808,0.972527472527473
11562,10808,0.344481605351171
10950,10808,0.391459074733096
10809,10808,0.348754448398576
100433,10808,0.545454545454545
11631,10808,0.395424836601307
101397,10808,0.269230769230769
101505,10808,0.285714285714286
105654,10808,0.23728813559322
12023,100435,0.34441087613293
10814,100435,0.583061889250814
19689,100435,0.53015873015873
10808,100435,0.972527472527473
100435,100435,1
11562,100435,0.344481605351171
10950,100435,0.380327868852459
10809,100435,0.343042071197411
100433,100435,0.538216560509554
11631,100435,0.395424836601307
101397,100435,0.307692307692308
101505,100435,0.285714285714286
105654,100435,0.23728813559322
12023,11562,0.483974358974359
10814,11562,0.377104377104377
19689,11562,0.337883959044369
10808,11562,0.344481605351171
100435,11562,0.344481605351171
11562,11562,1
10950,11562,0.493197278911565
10809,11562,0.417857142857143
100433,11562,0.354014598540146
11631,11562,0.511111111111111
101397,11562,0.232876712328767
101505,11562,0.451612903225806
105654,11562,0.321428571428571
12023,10950,0.463722397476341
10814,10950,0.356643356643357
19689,10950,0.355704697986577
10808,10950,0.391459074733096
100435,10950,0.380327868852459
11562,10950,0.493197278911565
10950,10950,1
10809,10950,0.422018348623853
100433,10950,0.354515050167224
11631,10950,0.533898305084746
101397,10950,0.193661971830986
101505,10950,0.214285714285714
105654,10950,0.176470588235294
12023,10809,0.450793650793651
10814,10809,0.389937106918239
19689,10809,0.346863468634686
10808,10809,0.348754448398576
100435,10809,0.343042071197411
11562,10809,0.417857142857143
10950,10809,0.422018348623853
10809,10809,1
100433,10809,0.346863468634686
11631,10809,0.398203592814371
101397,10809,0.529411764705882
101505,10809,0.241071428571429
105654,10809,0.346153846153846
12023,100433,0.335714285714286
10814,100433,0.511254019292605
19689,100433,0.912429378531074
10808,100433,0.545454545454545
100435,100433,0.538216560509554
11562,100433,0.354014598540146
10950,100433,0.354515050167224
10809,100433,0.346863468634686
100433,100433,1
11631,100433,0.360544217687075
101397,100433,0.21656050955414
101505,100433,0.361111111111111
105654,100433,0.215311004784689
12023,11631,0.508038585209003
10814,11631,0.376237623762376
19689,11631,0.34
10808,11631,0.395424836601307
100435,11631,0.395424836601307
11562,11631,0.511111111111111
10950,11631,0.533898305084746
10809,11631,0.398203592814371
100433,11631,0.360544217687075
11631,11631,1
101397,11631,0.170542635658915
101505,11631,0.277777777777778
105654,11631,0.352941176470588
12023,101397,0.32
10814,101397,0.203125
19689,101397,0.21656050955414
10808,101397,0.269230769230769
100435,101397,0.307692307692308
11562,101397,0.232876712328767
10950,101397,0.193661971830986
10809,101397,0.529411764705882
100433,101397,0.21656050955414
11631,101397,0.170542635658915
101397,101397,1
101505,101397,0.366782006920415
105654,101397,0.591216216216216
12023,101505,0.310344827586207
10814,101505,0.315789473684211
19689,101505,0.314285714285714
10808,101505,0.285714285714286
100435,101505,0.285714285714286
11562,101505,0.451612903225806
10950,101505,0.214285714285714
10809,101505,0.241071428571429
100433,101505,0.361111111111111
11631,101505,0.277777777777778
101397,101505,0.366782006920415
101505,101505,1
105654,101505,0.374570446735395
12023,105654,0.269230769230769
10814,105654,0.225
19689,105654,0.20625
10808,105654,0.23728813559322
100435,105654,0.23728813559322
11562,105654,0.321428571428571
10950,105654,0.176470588235294
10809,105654,0.346153846153846
100433,105654,0.215311004784689
11631,105654,0.352941176470588
101397,105654,0.591216216216216
101505,105654,0.374570446735395
105654,105654,1
