Var1,Var2,Freq
247,247,1
249,247,0.637883008356546
12863,247,0.637883008356546
12790,247,0.884875846501129
17081,247,0.900677200902934
12789,247,0.635097493036212
12569,247,0.636871508379888
11286,247,0.887133182844244
103910,247,0.887133182844244
247,249,0.637883008356546
249,249,1
12863,249,0.92271662763466
12790,249,0.623955431754875
17081,249,0.637883008356546
12789,249,0.94847775175644
12569,249,0.927400468384075
11286,249,0.629526462395543
103910,249,0.626740947075209
247,12863,0.637883008356546
249,12863,0.92271662763466
12863,12863,1
12790,12863,0.626740947075209
17081,12863,0.643454038997214
12789,12863,0.911007025761124
12569,12863,0.957845433255269
11286,12863,0.680124223602484
103910,12863,0.677018633540373
247,12790,0.884875846501129
249,12790,0.623955431754875
12863,12790,0.626740947075209
12790,12790,1
17081,12790,0.90744920993228
12789,12790,0.623955431754875
12569,12790,0.625698324022346
11286,12790,0.85972850678733
103910,12790,0.861990950226244
247,17081,0.900677200902934
249,17081,0.637883008356546
12863,17081,0.643454038997214
12790,17081,0.90744920993228
17081,17081,1
12789,17081,0.64066852367688
12569,17081,0.642458100558659
11286,17081,0.869074492099323
103910,17081,0.871331828442438
247,12789,0.635097493036212
249,12789,0.94847775175644
12863,12789,0.911007025761124
12790,12789,0.623955431754875
17081,12789,0.64066852367688
12789,12789,1
12569,12789,0.911007025761124
11286,12789,0.632311977715877
103910,12789,0.629526462395543
247,12569,0.636871508379888
249,12569,0.927400468384075
12863,12569,0.957845433255269
12790,12569,0.625698324022346
17081,12569,0.642458100558659
12789,12569,0.911007025761124
12569,12569,1
11286,12569,0.634078212290503
103910,12569,0.631284916201117
247,11286,0.887133182844244
249,11286,0.629526462395543
12863,11286,0.680124223602484
12790,11286,0.85972850678733
17081,11286,0.869074492099323
12789,11286,0.632311977715877
12569,11286,0.634078212290503
11286,11286,1
103910,11286,0.975113122171946
247,103910,0.887133182844244
249,103910,0.626740947075209
12863,103910,0.677018633540373
12790,103910,0.861990950226244
17081,103910,0.871331828442438
12789,103910,0.629526462395543
12569,103910,0.631284916201117
11286,103910,0.975113122171946
103910,103910,1
