Var1,Var2,Freq
247,247,1
249,247,0.521460357639597
12863,247,0.518728649740387
12790,247,0.8702714453938
17081,247,0.903970011173158
12789,247,0.51854475608786
12569,247,0.525526926885375
11286,247,0.884273161686968
103910,247,0.882089583714218
247,249,0.521460357639597
249,249,1
12863,249,0.930619948789069
12790,249,0.512915022883054
17081,249,0.523386262302364
12789,249,0.958579904676385
12569,249,0.924260860134946
11286,249,0.523027316528288
103910,249,0.520508490353532
247,12863,0.518728649740387
249,12863,0.930619948789069
12863,12863,1
12790,12863,0.511921664403801
17081,12863,0.52367725883313
12789,12863,0.918126886567328
12569,12863,0.957022054304321
11286,12863,0.52375598266798
103910,12863,0.52123795859469
247,12790,0.8702714453938
249,12790,0.512915022883054
12863,12790,0.511921664403801
12790,12790,1
17081,12790,0.901601860168544
12789,12790,0.513460377166177
12569,12790,0.520001210153633
11286,12790,0.85745241834739
103910,12790,0.854024676869896
247,17081,0.903970011173158
249,17081,0.523386262302364
12863,17081,0.52367725883313
12790,17081,0.901601860168544
17081,17081,1
12789,17081,0.524797841618962
12569,17081,0.531783239176439
11286,17081,0.868586725775103
103910,17081,0.864290576749693
247,12789,0.51854475608786
249,12789,0.958579904676385
12863,12789,0.918126886567328
12790,12789,0.513460377166177
17081,12789,0.524797841618962
12789,12789,1
12569,12789,0.910849011934417
11286,12789,0.524878523451026
103910,12789,0.522356538019265
247,12569,0.525526926885375
249,12569,0.924260860134946
12863,12569,0.957022054304321
12790,12569,0.520001210153633
17081,12569,0.531783239176439
12789,12569,0.910849011934417
12569,12569,1
11286,12569,0.531890071889517
103910,12569,0.529354511000719
247,11286,0.884273161686968
249,11286,0.523027316528288
12863,11286,0.52375598266798
12790,11286,0.85745241834739
17081,11286,0.868586725775103
12789,11286,0.524878523451026
12569,11286,0.531890071889517
11286,11286,1
103910,11286,0.974029860930348
247,103910,0.882089583714218
249,103910,0.520508490353532
12863,103910,0.52123795859469
12790,103910,0.854024676869896
17081,103910,0.864290576749693
12789,103910,0.522356538019265
12569,103910,0.529354511000719
11286,103910,0.974029860930348
103910,103910,1
