Var1,Var2,Freq
11536,11536,1
11556,11536,0.956284153005465
11169,11536,0.261168384879725
12641,11536,0.25752508361204
10679,11536,0.257627118644068
100865,11536,0.923497267759563
103071,11536,0.258503401360544
11168,11536,0.256756756756757
103037,11536,0.261904761904762
11536,11556,0.956284153005465
11556,11556,1
11169,11556,0.257731958762887
12641,11556,0.251633986928105
10679,11556,0.261016949152542
100865,11556,0.918032786885246
103071,11556,0.261904761904762
11168,11556,0.253378378378378
103037,11556,0.26530612244898
11536,11169,0.261168384879725
11556,11169,0.257731958762887
11169,11169,1
12641,11169,0.971354166666667
10679,11169,0.600660066006601
100865,11169,0.257731958762887
103071,11169,0.591362126245847
11168,11169,0.898701298701299
103037,11169,0.591362126245847
11536,12641,0.25752508361204
11556,12641,0.251633986928105
11169,12641,0.971354166666667
12641,12641,1
10679,12641,0.610561056105611
100865,12641,0.254180602006689
103071,12641,0.59468438538206
11168,12641,0.896103896103896
103037,12641,0.59468438538206
11536,10679,0.257627118644068
11556,10679,0.261016949152542
11169,10679,0.600660066006601
12641,10679,0.610561056105611
10679,10679,1
100865,10679,0.264406779661017
103071,10679,0.85427135678392
11168,10679,0.603960396039604
103037,10679,0.861809045226131
11536,100865,0.923497267759563
11556,100865,0.918032786885246
11169,100865,0.257731958762887
12641,100865,0.254180602006689
10679,100865,0.264406779661017
100865,100865,1
103071,100865,0.261904761904762
11168,100865,0.256756756756757
103037,100865,0.26530612244898
11536,103071,0.258503401360544
11556,103071,0.261904761904762
11169,103071,0.591362126245847
12641,103071,0.59468438538206
10679,103071,0.85427135678392
100865,103071,0.261904761904762
103071,103071,1
11168,103071,0.591362126245847
103037,103071,0.962406015037594
11536,11168,0.256756756756757
11556,11168,0.253378378378378
11169,11168,0.898701298701299
12641,11168,0.896103896103896
10679,11168,0.603960396039604
100865,11168,0.256756756756757
103071,11168,0.591362126245847
11168,11168,1
103037,11168,0.598006644518272
11536,103037,0.261904761904762
11556,103037,0.26530612244898
11169,103037,0.591362126245847
12641,103037,0.59468438538206
10679,103037,0.861809045226131
100865,103037,0.26530612244898
103071,103037,0.962406015037594
11168,103037,0.598006644518272
103037,103037,1
