Var1,Var2,Freq
11536,11536,1
11556,11536,0.940382486741718
11169,11536,0.121805599659073
12641,11536,0.122375813617375
10679,11536,0.116301648691051
100865,11536,0.921460753663587
103071,11536,0.114306853693816
11168,11536,0.120665372724379
103037,11536,0.118324286059591
11536,11556,0.940382486741718
11556,11556,1
11169,11556,0.119888361112194
12641,11556,0.120972920727501
10679,11556,0.118442010046179
100865,11556,0.914189300966979
103071,11556,0.11592857339366
11168,11556,0.117191824465529
103037,11556,0.119967014467375
11536,11169,0.121805599659073
11556,11169,0.119888361112194
11169,11169,1
12641,11169,0.978217941650084
10679,11169,0.476696099585722
100865,11169,0.118841331217359
103071,11169,0.451277495429559
11168,11169,0.887073369220754
103037,11169,0.458040639457753
11536,12641,0.122375813617375
11556,12641,0.120972920727501
11169,12641,0.978217941650084
12641,12641,1
10679,12641,0.479388027484014
100865,12641,0.119410479322907
103071,12641,0.452974843232089
11168,12641,0.888505922168926
103037,12641,0.459740977177293
11536,10679,0.116301648691051
11556,10679,0.118442010046179
11169,10679,0.476696099585722
12641,10679,0.479388027484014
10679,10679,1
100865,10679,0.121453912795066
103071,10679,0.859926943907773
11168,10679,0.483161897805546
103037,10679,0.873356064296152
11536,100865,0.921460753663587
11556,100865,0.914189300966979
11169,100865,0.118841331217359
12641,100865,0.119410479322907
10679,100865,0.121453912795066
100865,100865,1
103071,100865,0.119458778170036
11168,100865,0.118713709107322
103037,100865,0.123478144674984
11536,103071,0.114306853693816
11556,103071,0.11592857339366
11169,103071,0.451277495429559
12641,103071,0.452974843232089
10679,103071,0.859926943907773
100865,103071,0.119458778170036
103071,103071,1
11168,103071,0.457662345007088
103037,103071,0.960779565657863
11536,11168,0.120665372724379
11556,11168,0.117191824465529
11169,11168,0.887073369220754
12641,11168,0.888505922168926
10679,11168,0.483161897805546
100865,11168,0.118713709107322
103071,11168,0.457662345007088
11168,11168,1
103037,11168,0.465923705732973
11536,103037,0.118324286059591
11556,103037,0.119967014467375
11169,103037,0.458040639457753
12641,103037,0.459740977177293
10679,103037,0.873356064296152
100865,103037,0.123478144674984
103071,103037,0.960779565657863
11168,103037,0.465923705732973
103037,103037,1
