Var1,Var2,Freq
127,127,1
102,127,0.134233260638636
10116,127,0.128079978306461
11298,127,0.131867493635778
11296,127,0.759700135421774
11290,127,0.0933190003854615
11299,127,0.106685029997934
20166,127,0.108583911393237
10280,127,0.10833056010406
17074,127,0.678039920805714
11300,127,0.106392098962543
10360,127,0.105504418694475
101276,127,0.102066616280859
127,102,0.134233260638636
102,102,1
10116,102,0.877194988352637
11298,102,0.845850309631565
11296,102,0.126404961424226
11290,102,0.10487876736079
11299,102,0.107629498131181
20166,102,0.113179373400716
10280,102,0.108609207896584
17074,102,0.125718505821817
11300,102,0.107743645472766
10360,102,0.10127973843215
101276,102,0.104415496921161
127,10116,0.128079978306461
102,10116,0.877194988352637
10116,10116,1
11298,10116,0.834047587250977
11296,10116,0.120273398068481
11290,10116,0.0976624339500694
11299,10116,0.102798068424462
20166,10116,0.108308750473959
10280,10116,0.103771880974886
17074,10116,0.120984730009957
11300,10116,0.102907091753888
10360,10116,0.096160475073795
101276,10116,0.0962075548685734
127,11298,0.131867493635778
102,11298,0.845850309631565
10116,11298,0.834047587250977
11298,11298,1
11296,11298,0.122691255412299
11290,11298,0.102912688021135
11299,11298,0.101955335971935
20166,11298,0.107469490518221
10280,11298,0.102929989852581
17074,11298,0.127488772000108
11300,11298,0.102063465534589
10360,11298,0.101383883969269
101276,11298,0.106556426232047
127,11296,0.759700135421774
102,11296,0.126404961424226
10116,11296,0.120273398068481
11298,11296,0.122691255412299
11296,11296,1
11290,11296,0.0901121274342954
11299,11296,0.105411114845902
20166,11296,0.106088052157893
10280,11296,0.107061761102156
17074,11296,0.650340252627362
11300,11296,0.10552290946301
10360,11296,0.101917816633686
101276,11296,0.101092455842567
127,11290,0.0933190003854615
102,11290,0.10487876736079
10116,11290,0.0976624339500694
11298,11290,0.102912688021135
11296,11290,0.0901121274342954
11290,11290,1
11299,11290,0.249769494610424
20166,11290,0.265082511088585
10280,11290,0.247077105103954
17074,11290,0.0918086850027653
11300,11290,0.250492328126573
10360,11290,0.689782181120912
101276,11290,0.672411901320158
127,11299,0.106685029997934
102,11299,0.107629498131181
10116,11299,0.102798068424462
11298,11299,0.101955335971935
11296,11299,0.105411114845902
11290,11299,0.249769494610424
11299,11299,1
20166,11299,0.935884141514307
10280,11299,0.93878417695963
17074,11299,0.106053016075037
11300,11299,0.990884593138522
10360,11299,0.248544526487647
101276,11299,0.258230298033984
127,20166,0.108583911393237
102,20166,0.113179373400716
10116,20166,0.108308750473959
11298,20166,0.107469490518221
11296,20166,0.106088052157893
11290,20166,0.265082511088585
11299,20166,0.935884141514307
20166,20166,1
10280,20166,0.92079248887601
17074,20166,0.107135190151406
11300,20166,0.934751300204952
10360,20166,0.253285908737898
101276,20166,0.261628616529887
127,10280,0.10833056010406
102,10280,0.108609207896584
10116,10280,0.103771880974886
11298,10280,0.102929989852581
11296,10280,0.107061761102156
11290,10280,0.247077105103954
11299,10280,0.93878417695963
20166,10280,0.92079248887601
10280,10280,1
17074,10280,0.107694955570806
11300,10280,0.93681119363075
10360,10280,0.248597178649341
101276,10280,0.255096298319592
127,17074,0.678039920805714
102,17074,0.125718505821817
10116,17074,0.120984730009957
11298,17074,0.127488772000108
11296,17074,0.650340252627362
11290,17074,0.0918086850027653
11299,17074,0.106053016075037
20166,17074,0.107135190151406
10280,17074,0.107694955570806
17074,17074,1
11300,17074,0.106165491465726
10360,17074,0.103104501440275
101276,17074,0.0996729563281486
127,11300,0.106392098962543
102,11300,0.107743645472766
10116,11300,0.102907091753888
11298,11300,0.102063465534589
11296,11300,0.10552290946301
11290,11300,0.250492328126573
11299,11300,0.990884593138522
20166,11300,0.934751300204952
10280,11300,0.93681119363075
17074,11300,0.106165491465726
11300,11300,1
10360,11300,0.248808122411224
101276,11300,0.259415997555889
127,10360,0.105504418694475
102,10360,0.10127973843215
10116,10360,0.096160475073795
11298,10360,0.101383883969269
11296,10360,0.101917816633686
11290,10360,0.689782181120912
11299,10360,0.248544526487647
20166,10360,0.253285908737898
10280,10360,0.248597178649341
17074,10360,0.103104501440275
11300,10360,0.248808122411224
10360,10360,1
101276,10360,0.857562510953626
127,101276,0.102066616280859
102,101276,0.104415496921161
10116,101276,0.0962075548685734
11298,101276,0.106556426232047
11296,101276,0.101092455842567
11290,101276,0.672411901320158
11299,101276,0.258230298033984
20166,101276,0.261628616529887
10280,101276,0.255096298319592
17074,101276,0.0996729563281486
11300,101276,0.259415997555889
10360,101276,0.857562510953626
101276,101276,1
