Var1,Var2,Freq
127,127,1
102,127,0.338383838383838
10116,127,0.33502538071066
11298,127,0.33502538071066
11296,127,0.785276073619632
11290,127,0.26063829787234
11299,127,0.266968325791855
20166,127,0.277777777777778
10280,127,0.28125
17074,127,0.723711340206186
11300,127,0.266968325791855
10360,127,0.287234042553192
101276,127,0.270935960591133
127,102,0.338383838383838
102,102,1
10116,102,0.860724233983287
11298,102,0.870422535211268
11296,102,0.335051546391753
11290,102,0.285714285714286
11299,102,0.335766423357664
20166,102,0.35036496350365
10280,102,0.343065693430657
17074,102,0.331707317073171
11300,102,0.335766423357664
10360,102,0.28476821192053
101276,102,0.298013245033113
127,10116,0.33502538071066
102,10116,0.860724233983287
10116,10116,1
11298,10116,0.850704225352113
11296,10116,0.328282828282828
11290,10116,0.273333333333333
11299,10116,0.301470588235294
20166,10116,0.316176470588235
10280,10116,0.308823529411765
17074,10116,0.331707317073171
11300,10116,0.301470588235294
10360,10116,0.278145695364238
101276,10116,0.288590604026846
127,11298,0.33502538071066
102,11298,0.870422535211268
10116,11298,0.850704225352113
11298,11298,1
11296,11298,0.319796954314721
11290,11298,0.297101449275362
11299,11298,0.311258278145695
20166,11298,0.324503311258278
10280,11298,0.317880794701987
17074,11298,0.32843137254902
11300,11298,0.311258278145695
10360,11298,0.299270072992701
101276,11298,0.316176470588235
127,11296,0.785276073619632
102,11296,0.335051546391753
10116,11296,0.328282828282828
11298,11296,0.319796954314721
11296,11296,1
11290,11296,0.25
11299,11296,0.26530612244898
20166,11296,0.270408163265306
10280,11296,0.280612244897959
17074,11296,0.703092783505155
11300,11296,0.26530612244898
10360,11296,0.287234042553192
101276,11296,0.270935960591133
127,11290,0.26063829787234
102,11290,0.285714285714286
10116,11290,0.273333333333333
11298,11290,0.297101449275362
11296,11290,0.25
11290,11290,1
11299,11290,0.385185185185185
20166,11290,0.396039603960396
10280,11290,0.382716049382716
17074,11290,0.26063829787234
11300,11290,0.385185185185185
10360,11290,0.693877551020408
101276,11290,0.683673469387755
127,11299,0.266968325791855
102,11299,0.335766423357664
10116,11299,0.301470588235294
11298,11299,0.311258278145695
11296,11299,0.26530612244898
11290,11299,0.385185185185185
11299,11299,1
20166,11299,0.950782997762864
10280,11299,0.941704035874439
17074,11299,0.289340101522843
11300,11299,0.98876404494382
10360,11299,0.388888888888889
101276,11299,0.404522613065327
127,20166,0.277777777777778
102,20166,0.35036496350365
10116,20166,0.316176470588235
11298,20166,0.324503311258278
11296,20166,0.270408163265306
11290,20166,0.396039603960396
11299,20166,0.950782997762864
20166,20166,1
10280,20166,0.930648769574944
17074,20166,0.292576419213974
11300,20166,0.948545861297539
10360,20166,0.398989898989899
101276,20166,0.406565656565657
127,10280,0.28125
102,10280,0.343065693430657
10116,10280,0.308823529411765
11298,10280,0.317880794701987
11296,10280,0.280612244897959
11290,10280,0.382716049382716
11299,10280,0.941704035874439
20166,10280,0.930648769574944
10280,10280,1
17074,10280,0.304568527918782
11300,10280,0.937219730941704
10360,10280,0.396464646464646
101276,10280,0.401515151515151
127,17074,0.723711340206186
102,17074,0.331707317073171
10116,17074,0.331707317073171
11298,17074,0.32843137254902
11296,17074,0.703092783505155
11290,17074,0.26063829787234
11299,17074,0.289340101522843
20166,17074,0.292576419213974
10280,17074,0.304568527918782
17074,17074,1
11300,17074,0.289340101522843
10360,17074,0.29064039408867
101276,17074,0.275862068965517
127,11300,0.266968325791855
102,11300,0.335766423357664
10116,11300,0.301470588235294
11298,11300,0.311258278145695
11296,11300,0.26530612244898
11290,11300,0.385185185185185
11299,11300,0.98876404494382
20166,11300,0.948545861297539
10280,11300,0.937219730941704
17074,11300,0.289340101522843
11300,11300,1
10360,11300,0.388888888888889
101276,11300,0.406565656565657
127,10360,0.287234042553192
102,10360,0.28476821192053
10116,10360,0.278145695364238
11298,10360,0.299270072992701
11296,10360,0.287234042553192
11290,10360,0.693877551020408
11299,10360,0.388888888888889
20166,10360,0.398989898989899
10280,10360,0.396464646464646
17074,10360,0.29064039408867
11300,10360,0.388888888888889
10360,10360,1
101276,10360,0.851662404092072
127,101276,0.270935960591133
102,101276,0.298013245033113
10116,101276,0.288590604026846
11298,101276,0.316176470588235
11296,101276,0.270935960591133
11290,101276,0.683673469387755
11299,101276,0.404522613065327
20166,101276,0.406565656565657
10280,101276,0.401515151515151
17074,101276,0.275862068965517
11300,101276,0.406565656565657
10360,101276,0.851662404092072
101276,101276,1
