Var1,Var2,Freq
10142,10142,1
11005,10142,0.939233230029817
10058,10142,0.940632621632983
11869,10142,0.449347287023084
17075,10142,0.571622343456143
11006,10142,0.59266093727165
11003,10142,0.571950966612293
12708,10142,0.445637792630704
12294,10142,0.601855757902627
11004,10142,0.579973706594805
10142,11005,0.939233230029817
11005,11005,1
10058,11005,0.981734207275847
11869,11005,0.446451737825242
17075,11005,0.569465583345272
11006,11005,0.589250990724204
11003,11005,0.569792966589577
12708,11005,0.434331308084366
12294,11005,0.596648662481982
11004,11005,0.578960991680048
10142,10058,0.940632621632983
11005,10058,0.981734207275847
10058,10058,1
11869,10058,0.445639054886908
17075,10058,0.565848008437867
11006,10058,0.590351168653166
11003,10058,0.567941930644408
12708,10058,0.431096719094625
12294,10058,0.59893115467308
11004,10058,0.575346777227379
10142,11869,0.449347287023084
11005,11869,0.446451737825242
10058,11869,0.445639054886908
11869,11869,1
17075,11869,0.447523592730429
11006,11869,0.42611517443611
11003,11869,0.443216635786275
12708,11869,0.768226684843129
12294,11869,0.441574471466209
11004,11869,0.439534170845593
10142,17075,0.571622343456143
11005,17075,0.569465583345272
10058,17075,0.565848008437867
11869,17075,0.447523592730429
17075,17075,1
11006,17075,0.584597111779963
11003,17075,0.912385918395597
12708,17075,0.446202047055333
12294,17075,0.577209189487852
11004,17075,0.948779708262522
10142,11006,0.59266093727165
11005,11006,0.589250990724204
10058,11006,0.590351168653166
11869,11006,0.42611517443611
17075,11006,0.584597111779963
11006,11006,1
11003,11006,0.592043172885634
12708,11006,0.432662930024964
12294,11006,0.81261168453591
11004,11006,0.580530562773467
10142,11003,0.571950966612293
11005,11003,0.569792966589577
10058,11003,0.567941930644408
11869,11003,0.443216635786275
17075,11003,0.912385918395597
11006,11003,0.592043172885634
11003,11003,1
12708,11003,0.449800555335057
12294,11003,0.585265338610712
11004,11003,0.902173911607641
10142,12708,0.445637792630704
11005,12708,0.434331308084366
10058,12708,0.431096719094625
11869,12708,0.768226684843129
17075,12708,0.446202047055333
11006,12708,0.432662930024964
11003,12708,0.449800555335057
12708,12708,1
12294,12708,0.439627608204355
11004,12708,0.438189782810864
10142,12294,0.601855757902627
11005,12294,0.596648662481982
10058,12294,0.59893115467308
11869,12294,0.441574471466209
17075,12294,0.577209189487852
11006,12294,0.81261168453591
11003,12294,0.585265338610712
12708,12294,0.439627608204355
12294,12294,1
11004,12294,0.572535230108327
10142,11004,0.579973706594805
11005,11004,0.578960991680048
10058,11004,0.575346777227379
11869,11004,0.439534170845593
17075,11004,0.948779708262522
11006,11004,0.580530562773467
11003,11004,0.902173911607641
12708,11004,0.438189782810864
12294,11004,0.572535230108327
11004,11004,1
