Var1,Var2,Freq
10142,10142,1
11005,10142,0.933734939759036
10058,10142,0.933734939759036
11869,10142,0.523297491039427
17075,10142,0.618881118881119
11006,10142,0.666666666666667
11003,10142,0.629370629370629
12708,10142,0.5
12294,10142,0.664383561643836
11004,10142,0.625874125874126
10142,11005,0.933734939759036
11005,11005,1
10058,11005,0.981927710843373
11869,11005,0.527075812274368
17075,11005,0.617241379310345
11006,11005,0.63125
11003,11005,0.629757785467128
12708,11005,0.491638795986622
12294,11005,0.660958904109589
11004,11005,0.624137931034483
10142,10058,0.933734939759036
11005,10058,0.981927710843373
10058,10058,1
11869,10058,0.527075812274368
17075,10058,0.623239436619718
11006,10058,0.694244604316547
11003,10058,0.642857142857143
12708,10058,0.518518518518519
12294,10058,0.664383561643836
11004,10058,0.630281690140845
10142,11869,0.523297491039427
11005,11869,0.527075812274368
10058,11869,0.527075812274368
11869,11869,1
17075,11869,0.489795918367347
11006,11869,0.458745874587459
11003,11869,0.496503496503497
12708,11869,0.763406940063092
12294,11869,0.48972602739726
11004,11869,0.482993197278912
10142,17075,0.618881118881119
11005,17075,0.617241379310345
10058,17075,0.623239436619718
11869,17075,0.489795918367347
17075,17075,1
11006,17075,0.624584717607973
11003,17075,0.897832817337461
12708,17075,0.491349480968858
12294,17075,0.63859649122807
11004,17075,0.947368421052632
10142,11006,0.666666666666667
11005,11006,0.63125
10058,11006,0.694244604316547
11869,11006,0.458745874587459
17075,11006,0.624584717607973
11006,11006,1
11003,11006,0.611801242236025
12708,11006,0.494773519163763
12294,11006,0.818181818181818
11004,11006,0.603174603174603
10142,11003,0.629370629370629
11005,11003,0.629757785467128
10058,11003,0.642857142857143
11869,11003,0.496503496503497
17075,11003,0.897832817337461
11006,11003,0.611801242236025
11003,11003,1
12708,11003,0.487889273356401
12294,11003,0.601880877742947
11004,11003,0.888544891640867
10142,12708,0.5
11005,12708,0.491638795986622
10058,12708,0.518518518518519
11869,12708,0.763406940063092
17075,12708,0.491349480968858
11006,12708,0.494773519163763
11003,12708,0.487889273356401
12708,12708,1
12294,12708,0.481727574750831
11004,12708,0.491349480968858
10142,12294,0.664383561643836
11005,12294,0.660958904109589
10058,12294,0.664383561643836
11869,12294,0.48972602739726
17075,12294,0.63859649122807
11006,12294,0.818181818181818
11003,12294,0.601880877742947
12708,12294,0.481727574750831
12294,12294,1
11004,12294,0.593650793650794
10142,11004,0.625874125874126
11005,11004,0.624137931034483
10058,11004,0.630281690140845
11869,11004,0.482993197278912
17075,11004,0.947368421052632
11006,11004,0.603174603174603
11003,11004,0.888544891640867
12708,11004,0.491349480968858
12294,11004,0.593650793650794
11004,11004,1
