Var1,Var2,Freq
236,236,1
12898,236,0.393980848153215
12128,236,0.942666666666667
10441,236,0.936
11766,236,0.389876880984952
11711,236,0.941333333333333
11192,236,0.392612859097127
236,12898,0.393980848153215
12898,12898,1
12128,12898,0.385772913816689
10441,12898,0.395348837209302
11766,12898,0.945054945054945
11711,12898,0.388508891928865
11192,12898,0.944223107569721
236,12128,0.942666666666667
12898,12128,0.385772913816689
12128,12128,1
10441,12128,0.937333333333333
11766,12128,0.380300957592339
11711,12128,0.985333333333333
11192,12128,0.383036935704514
236,10441,0.936
12898,10441,0.395348837209302
12128,10441,0.937333333333333
10441,10441,1
11766,10441,0.39124487004104
11711,10441,0.934666666666667
11192,10441,0.393980848153215
236,11766,0.389876880984952
12898,11766,0.945054945054945
12128,11766,0.380300957592339
10441,11766,0.39124487004104
11766,11766,1
11711,11766,0.381668946648427
11192,11766,0.950549450549451
236,11711,0.941333333333333
12898,11711,0.388508891928865
12128,11711,0.985333333333333
10441,11711,0.934666666666667
11766,11711,0.381668946648427
11711,11711,1
11192,11711,0.384404924760602
236,11192,0.392612859097127
12898,11192,0.944223107569721
12128,11192,0.383036935704514
10441,11192,0.393980848153215
11766,11192,0.950549450549451
11711,11192,0.384404924760602
11192,11192,1
