Var1,Var2,Freq
243,243,1
11239,243,0.338907469342252
11726,243,0.35059331175836
237,243,0.281045751633987
11866,243,0.281045751633987
11634,243,0.788223140495868
10230,243,0.252777777777778
19624,243,0.305263157894737
243,11239,0.338907469342252
11239,11239,1
11726,11239,0.325315005727377
237,11239,0.256064690026954
11866,11239,0.27536231884058
11634,11239,0.340022296544036
10230,11239,0.284615384615385
19624,11239,0.277955271565495
243,11726,0.35059331175836
11239,11726,0.325315005727377
11726,11726,1
237,11726,0.27
11866,11726,0.266666666666667
11634,11726,0.348066298342541
10230,11726,0.274881516587678
19624,11726,0.287925696594427
243,237,0.281045751633987
11239,237,0.256064690026954
11726,237,0.27
237,237,1
11866,237,0.927986906710311
11634,237,0.285714285714286
10230,237,0.407185628742515
19624,237,0.241573033707865
243,11866,0.281045751633987
11239,11866,0.27536231884058
11726,11866,0.266666666666667
237,11866,0.927986906710311
11866,11866,1
11634,11866,0.282467532467532
10230,11866,0.431034482758621
19624,11866,0.256756756756757
243,11634,0.788223140495868
11239,11634,0.340022296544036
11726,11634,0.348066298342541
237,11634,0.285714285714286
11866,11634,0.282467532467532
11634,11634,1
10230,11634,0.252747252747253
19624,11634,0.310526315789474
243,10230,0.252777777777778
11239,10230,0.284615384615385
11726,10230,0.274881516587678
237,10230,0.407185628742515
11866,10230,0.431034482758621
11634,10230,0.252747252747253
10230,10230,1
19624,10230,0.253333333333333
243,19624,0.305263157894737
11239,19624,0.277955271565495
11726,19624,0.287925696594427
237,19624,0.241573033707865
11866,19624,0.256756756756757
11634,19624,0.310526315789474
10230,19624,0.253333333333333
19624,19624,1
