Var1,Var2,Freq
10167,10167,1
11279,10167,0.303394178226223
12956,10167,0.383093930968722
12950,10167,0.381453875332873
19642,10167,0.299220333913037
11054,10167,0.384057186769311
12449,10167,0.974138021527392
11058,10167,0.392902553245252
12476,10167,0.306466834622824
11036,10167,0.679965107509556
11891,10167,0.382763005085169
11056,10167,0.391623751679989
11280,10167,0.304649199912521
11281,10167,0.393793768835864
11055,10167,0.393319292369753
12895,10167,0.680130149512451
12894,10167,0.300882669101443
10167,11279,0.303394178226223
11279,11279,1
12956,11279,0.282726827071551
12950,11279,0.28206383757107
19642,11279,0.934513660761695
11054,11279,0.290158430230304
12449,11279,0.304189711093704
11058,11279,0.28458021362834
12476,11279,0.541495592125851
11036,11279,0.310311587468776
11891,11279,0.290095761791984
11056,11279,0.288436914240678
11280,11279,0.53991320617281
11281,11279,0.285888752920941
11055,11279,0.288218536201045
12895,11279,0.311429867460882
12894,11279,0.935783811846659
10167,12956,0.383093930968722
11279,12956,0.282726827071551
12956,12956,1
12950,12956,0.993977240470819
19642,12956,0.27940628356917
11054,12956,0.704223070189118
12449,12956,0.379543833527567
11058,12956,0.744269508296414
12476,12956,0.283414012445243
11036,12956,0.374585088900664
11891,12956,0.702045937074767
11056,12956,0.658792990838269
11280,12956,0.286025350966892
11281,12956,0.748519805721879
11055,12956,0.66746681551518
12895,12956,0.374821583500105
12894,12956,0.279768913398591
10167,12950,0.381453875332873
11279,12950,0.28206383757107
12956,12950,0.993977240470819
12950,12950,1
19642,12950,0.27874653220093
11054,12950,0.701856574484557
12449,12950,0.380020640759486
11058,12950,0.743543408085212
12476,12950,0.282933347858165
11036,12950,0.37187805139045
11891,12950,0.699678193326766
11056,12950,0.657666401285861
11280,12950,0.285544662619625
11281,12950,0.747583365838315
11055,12950,0.666763172788416
12895,12950,0.37253714301524
12894,12950,0.279109011436562
10167,19642,0.299220333913037
11279,19642,0.934513660761695
12956,19642,0.27940628356917
12950,19642,0.27874653220093
19642,19642,1
11054,19642,0.285548245064026
12449,19642,0.300199133294698
11058,19642,0.282518238537566
12476,19642,0.543452920946127
11036,19642,0.307954750001978
11891,19642,0.285482032360544
11056,19642,0.284289033469461
11280,19642,0.541864815187282
11281,19642,0.283822204328856
11055,19642,0.283699437224471
12895,19642,0.309067660102427
12894,19642,0.984177215189873
10167,11054,0.384057186769311
11279,11054,0.290158430230304
12956,11054,0.704223070189118
12950,11054,0.701856574484557
19642,11054,0.285548245064026
11054,11054,1
12449,11054,0.382624014011194
11058,11054,0.759306619344904
12476,11054,0.290647244533432
11036,11054,0.380028127758692
11891,11054,0.97365744130308
11056,11054,0.678145038841256
11280,11054,0.291605747540674
11281,11054,0.760636158719943
11055,11054,0.683396495294591
12895,11054,0.379208041562973
12894,11054,0.287177879943909
10167,12449,0.974138021527392
11279,12449,0.304189711093704
12956,12449,0.379543833527567
12950,12449,0.380020640759486
19642,12449,0.300199133294698
11054,12449,0.382624014011194
12449,12449,1
11058,12449,0.393795250417989
12476,12449,0.30633476530636
11036,12449,0.67750614188823
11891,12449,0.381329074627325
11056,12449,0.389934349357418
11280,12449,0.305623911156463
11281,12449,0.3948986184623
11055,12449,0.392280955388467
12895,12449,0.677668513874561
12894,12449,0.301860752113673
10167,11058,0.392902553245252
11279,11058,0.28458021362834
12956,11058,0.744269508296414
12950,11058,0.743543408085212
19642,11058,0.282518238537566
11054,11058,0.759306619344904
12449,11058,0.393795250417989
11058,11058,1
12476,11058,0.288185103733988
11036,11058,0.375004849437483
11891,11058,0.757175096941679
11056,11058,0.680257619328273
11280,11058,0.289523925762531
11281,11058,0.987956859538267
11055,11058,0.686608027173869
12895,11058,0.375241001976029
12894,11058,0.282882308432588
10167,12476,0.306466834622824
11279,12476,0.541495592125851
12956,12476,0.283414012445243
12950,12476,0.282933347858165
19642,12476,0.543452920946127
11054,12476,0.290647244533432
12449,12476,0.30633476530636
11058,12476,0.288185103733988
12476,12476,1
11036,12476,0.300377060654749
11891,12476,0.288770807275688
11056,12476,0.279638661410585
11280,12476,0.941552715049231
11281,12476,0.291132074652488
11055,12476,0.276439146795643
12895,12476,0.298318181453147
12894,12476,0.543452920946127
10167,11036,0.679965107509556
11279,11036,0.310311587468776
12956,11036,0.374585088900664
12950,11036,0.37187805139045
19642,11036,0.307954750001978
11054,11036,0.380028127758692
12449,11036,0.67750614188823
11058,11036,0.375004849437483
12476,11036,0.300377060654749
11036,11036,1
11891,11036,0.37872130810572
11056,11036,0.386809587990205
11280,11036,0.298943282389486
11281,11036,0.374830544471916
11055,11036,0.384801725501764
12895,11036,0.980268883169085
12894,11036,0.309625390598733
10167,11891,0.382763005085169
11279,11891,0.290095761791984
12956,11891,0.702045937074767
12950,11891,0.699678193326766
19642,11891,0.285482032360544
11054,11891,0.97365744130308
12449,11891,0.381329074627325
11058,11891,0.757175096941679
12476,11891,0.288770807275688
11036,11891,0.37872130810572
11891,11891,1
11056,11891,0.67714254204551
11280,11891,0.28973666964773
11281,11891,0.758505710189124
11055,11891,0.684745383355237
12895,11891,0.377685429255469
12894,11891,0.287113358259747
10167,11056,0.391623751679989
11279,11056,0.288436914240678
12956,11056,0.658792990838269
12950,11056,0.657666401285861
19642,11056,0.284289033469461
11054,11056,0.678145038841256
12449,11056,0.389934349357418
11058,11056,0.680257619328273
12476,11056,0.279638661410585
11036,11056,0.386809587990205
11891,11056,0.67714254204551
11056,11056,1
11280,11056,0.277148558172695
11281,11056,0.681828327057939
11055,11056,0.931113793777944
12895,11056,0.386617691973745
12894,11056,0.287081656588022
10167,11280,0.304649199912521
11279,11280,0.53991320617281
12956,11280,0.286025350966892
12950,11280,0.285544662619625
19642,11280,0.541864815187282
11054,11280,0.291605747540674
12449,11280,0.305623911156463
11058,11280,0.289523925762531
12476,11280,0.941552715049231
11036,11280,0.298943282389486
11891,11280,0.28973666964773
11056,11280,0.277148558172695
11280,11280,1
11281,11280,0.29246251330259
11055,11280,0.274144437181601
12895,11280,0.297631976989932
12894,11280,0.54233874942797
10167,11281,0.393793768835864
11279,11281,0.285888752920941
12956,11281,0.748519805721879
12950,11281,0.747583365838315
19642,11281,0.283822204328856
11054,11281,0.760636158719943
12449,11281,0.3948986184623
11058,11281,0.987956859538267
12476,11281,0.291132074652488
11036,11281,0.374830544471916
11891,11281,0.758505710189124
11056,11281,0.681828327057939
11280,11281,0.29246251330259
11281,11281,1
11055,11281,0.688179235764168
12895,11281,0.375066465471177
12894,11281,0.284186312352369
10167,11055,0.393319292369753
11279,11055,0.288218536201045
12956,11055,0.66746681551518
12950,11055,0.666763172788416
19642,11055,0.283699437224471
11054,11055,0.683396495294591
12449,11055,0.392280955388467
11058,11055,0.686608027173869
12476,11055,0.276439146795643
11036,11055,0.384801725501764
11891,11055,0.684745383355237
11056,11055,0.931113793777944
11280,11055,0.274144437181601
11281,11055,0.688179235764168
11055,11055,1
12895,11055,0.386794004288502
12894,11055,0.286491754519988
10167,12895,0.680130149512451
11279,12895,0.311429867460882
12956,12895,0.374821583500105
12950,12895,0.37253714301524
19642,12895,0.309067660102427
11054,12895,0.379208041562973
12449,12895,0.677668513874561
11058,12895,0.375241001976029
12476,12895,0.298318181453147
11036,12895,0.980268883169085
11891,12895,0.377685429255469
11056,12895,0.386617691973745
11280,12895,0.297631976989932
11281,12895,0.375066465471177
11055,12895,0.386794004288502
12895,12895,1
12894,12895,0.310740305286385
10167,12894,0.300882669101443
11279,12894,0.935783811846659
12956,12894,0.279768913398591
12950,12894,0.279109011436562
19642,12894,0.984177215189873
11054,12894,0.287177879943909
12449,12894,0.301860752113673
11058,12894,0.282882308432588
12476,12894,0.543452920946127
11036,12894,0.309625390598733
11891,12894,0.287113358259747
11056,12894,0.287081656588022
11280,12894,0.54233874942797
11281,12894,0.284186312352369
11055,12894,0.286491754519988
12895,12894,0.310740305286385
12894,12894,1
