Var1,Var2,Freq
236,236,1
12898,236,0.337322811942482
12128,236,0.958866588417655
10441,236,0.952695650049332
11766,236,0.330274572301816
11711,236,0.958096337724797
11192,236,0.326105006678948
236,12898,0.337322811942482
12898,12898,1
12128,12898,0.329417832290576
10441,12898,0.335723845564805
11766,12898,0.915132627058139
11711,12898,0.334014869838163
11192,12898,0.941090639416813
236,12128,0.958866588417655
12898,12128,0.329417832290576
12128,12128,1
10441,12128,0.95287447945112
11766,12128,0.322150953807716
11711,12128,0.98836624304074
11192,12128,0.31778902731057
236,10441,0.952695650049332
12898,10441,0.335723845564805
12128,10441,0.95287447945112
10441,10441,1
11766,10441,0.330939063352052
11711,10441,0.951851756236098
11192,10441,0.326520511606244
236,11766,0.330274572301816
12898,11766,0.915132627058139
12128,11766,0.322150953807716
10441,11766,0.330939063352052
11766,11766,1
11711,11766,0.325482261700093
11192,11766,0.911676453594161
236,11711,0.958096337724797
12898,11711,0.334014869838163
12128,11711,0.98836624304074
10441,11711,0.951851756236098
11766,11711,0.325482261700093
11711,11711,1
11192,11711,0.321097770191092
236,11192,0.326105006678948
12898,11192,0.941090639416813
12128,11192,0.31778902731057
10441,11192,0.326520511606244
11766,11192,0.911676453594161
11711,11192,0.321097770191092
11192,11192,1
