Var1,Var2,Freq
10505,10505,1
10926,10505,0.383288552457668
12938,10505,0.850824355250655
10323,10505,0.288111101196859
11606,10505,0.389423284987829
102406,10505,0.18006074367524
10505,10926,0.383288552457668
10926,10926,1
12938,10926,0.38251762725997
10323,10926,0.389881680480775
11606,10926,0.841993406513911
102406,10926,0.20872330188087
10505,12938,0.850824355250655
10926,12938,0.38251762725997
12938,12938,1
10323,12938,0.304224720610162
11606,12938,0.380059461233988
102406,12938,0.197131231539118
10505,10323,0.288111101196859
10926,10323,0.389881680480775
12938,10323,0.304224720610162
10323,10323,1
11606,10323,0.376682973533866
102406,10323,0.169943427799465
10505,11606,0.389423284987829
10926,11606,0.841993406513911
12938,11606,0.380059461233988
10323,11606,0.376682973533866
11606,11606,1
102406,11606,0.196328213766589
10505,102406,0.18006074367524
10926,102406,0.20872330188087
12938,102406,0.197131231539118
10323,102406,0.169943427799465
11606,102406,0.196328213766589
102406,102406,1
