Var1,Var2,Freq
10505,10505,1
10926,10505,0.429928741092637
12938,10505,0.818615751789976
10323,10505,0.404558404558405
11606,10505,0.439140811455847
102406,10505,0.3
10505,10926,0.429928741092637
10926,10926,1
12938,10926,0.413301662707838
10323,10926,0.414691943127962
11606,10926,0.834134615384615
102406,10926,0.374172185430464
10505,12938,0.818615751789976
10926,12938,0.413301662707838
12938,12938,1
10323,12938,0.419540229885057
11606,12938,0.416666666666667
102406,12938,0.308962264150943
10505,10323,0.404558404558405
10926,10323,0.414691943127962
12938,10323,0.419540229885057
10323,10323,1
11606,10323,0.412887828162291
102406,10323,0.324074074074074
10505,11606,0.439140811455847
10926,11606,0.834134615384615
12938,11606,0.416666666666667
10323,11606,0.412887828162291
11606,11606,1
102406,11606,0.368589743589744
10505,102406,0.3
10926,102406,0.374172185430464
12938,102406,0.308962264150943
10323,102406,0.324074074074074
11606,102406,0.368589743589744
102406,102406,1
