Var1,Var2,Freq
11044,11044,1
12295,11044,0.0680468724328699
12591,11044,0.209707221565144
11154,11044,0.516949032094617
11615,11044,0.0683396667563127
11109,11044,0.217659276169997
17147,11044,0.241657401374983
20036,11044,0.194230202830273
11043,11044,0.471625969200978
10226,11044,0.138362424861646
11871,11044,0.208434302691736
12868,11044,0.181128135398937
12867,11044,0.219421782327237
11110,11044,0.216721969909349
11024,11044,0.204897163544888
12738,11044,0.183915259918375
12592,11044,0.0741117568774907
12593,11044,0.19959544848718
13001,11044,0.124660958870567
10351,11044,0.20269520093331
13000,11044,0.191430929398328
11044,12295,0.0680468724328699
12295,12295,1
12591,12295,0.103514912408331
11154,12295,0.0739096634216422
11615,12295,0.810899206006614
11109,12295,0.138039122594632
17147,12295,0.0731809990473737
20036,12295,0.131926389914247
11043,12295,0.0680205082720802
10226,12295,0.108357144344173
11871,12295,0.11307587125592
12868,12295,0.107176560562155
12867,12295,0.0830957829721872
11110,12295,0.103297899797522
11024,12295,0.132108457054446
12738,12295,0.145655355638753
12592,12295,0.71364989502675
12593,12295,0.132727960409267
13001,12295,0.348904960402017
10351,12295,0.128401255926989
13000,12295,0.116146636496718
11044,12591,0.209707221565144
12295,12591,0.103514912408331
12591,12591,1
11154,12591,0.213379503642078
11615,12591,0.111443989533843
11109,12591,0.462934653502131
17147,12591,0.176044847774398
20036,12591,0.469264856254522
11043,12591,0.167098499300799
10226,12591,0.238634346934607
11871,12591,0.414269111079811
12868,12591,0.374371307837496
12867,12591,0.18052304875976
11110,12591,0.73257310309129
11024,12591,0.47546194583351
12738,12591,0.314035005668129
12592,12591,0.116116563957923
12593,12591,0.436956496687678
13001,12591,0.158906693828187
10351,12591,0.47823503611788
13000,12591,0.524169925610695
11044,11154,0.516949032094617
12295,11154,0.0739096634216422
12591,11154,0.213379503642078
11154,11154,1
11615,11154,0.0762410097964492
11109,11154,0.226878099097511
17147,11154,0.260080143128526
20036,11154,0.212148008727266
11043,11154,0.47271945722952
10226,11154,0.129386044234105
11871,11154,0.220890247649306
12868,11154,0.204943620737532
12867,11154,0.242751473680051
11110,11154,0.223448261460395
11024,11154,0.224203212918185
12738,11154,0.19133466465641
12592,11154,0.0796745039222149
12593,11154,0.213841836289221
13001,11154,0.134612280177495
10351,11154,0.217746782415567
13000,11154,0.199796086926431
11044,11615,0.0683396667563127
12295,11615,0.810899206006614
12591,11615,0.111443989533843
11154,11615,0.0762410097964492
11615,11615,1
11109,11615,0.144467769546223
17147,11615,0.0721438778771048
20036,11615,0.138900586596623
11043,11615,0.0733130382184167
10226,11615,0.115119778888896
11871,11615,0.119217987006395
12868,11615,0.113848772751587
12867,11615,0.0739548466961676
11110,11615,0.110297109364148
11024,11615,0.139079720601017
12738,11615,0.149563571998874
12592,11615,0.748069943323708
12593,11615,0.139089990425948
13001,11615,0.344265113927681
10351,11615,0.13628441005123
13000,11615,0.126409944450485
11044,11109,0.217659276169997
12295,11109,0.138039122594632
12591,11109,0.462934653502131
11154,11109,0.226878099097511
11615,11109,0.144467769546223
11109,11109,1
17147,11109,0.209739228810229
20036,11109,0.463006792207802
11043,11109,0.187856162830252
10226,11109,0.23981842268162
11871,11109,0.488249911893428
12868,11109,0.433749157472416
12867,11109,0.227957259646077
11110,11109,0.491555928376097
11024,11109,0.475784442761951
12738,11109,0.322111578978994
12592,11109,0.142708421024284
12593,11109,0.798596232764879
13001,11109,0.171682832272454
10351,11109,0.476989079563183
13000,11109,0.516016254903039
11044,17147,0.241657401374983
12295,17147,0.0731809990473737
12591,17147,0.176044847774398
11154,17147,0.260080143128526
11615,17147,0.0721438778771048
11109,17147,0.209739228810229
17147,17147,1
20036,17147,0.171306525131509
11043,17147,0.217384376696481
10226,17147,0.140340535982792
11871,17147,0.167891323685863
12868,17147,0.163537850519678
12867,17147,0.224529176217625
11110,17147,0.170493449492597
11024,17147,0.173883988072605
12738,17147,0.168449649142333
12592,17147,0.0729701849800391
12593,17147,0.197666468018318
13001,17147,0.111069874834569
10351,17147,0.172605070266779
13000,17147,0.166331899910163
11044,20036,0.194230202830273
12295,20036,0.131926389914247
12591,20036,0.469264856254522
11154,20036,0.212148008727266
11615,20036,0.138900586596623
11109,20036,0.463006792207802
17147,20036,0.171306525131509
20036,20036,1
11043,20036,0.152901733909413
10226,20036,0.246153757172755
11871,20036,0.415109854529571
12868,20036,0.378988441608048
12867,20036,0.177278299656599
11110,20036,0.474667122119997
11024,20036,0.906195804997489
12738,20036,0.324216479492749
12592,20036,0.139003308009535
12593,20036,0.452015214289757
13001,20036,0.171741506688548
10351,20036,0.864487030026342
13000,20036,0.443839913945859
11044,11043,0.471625969200978
12295,11043,0.0680205082720802
12591,11043,0.167098499300799
11154,11043,0.47271945722952
11615,11043,0.0733130382184167
11109,11043,0.187856162830252
17147,11043,0.217384376696481
20036,11043,0.152901733909413
11043,11043,1
10226,11043,0.141027338428803
11871,11043,0.177984293183346
12868,11043,0.151399787188928
12867,11043,0.190905514084009
11110,11043,0.181523569048226
11024,11043,0.156636888021003
12738,11043,0.191958941425384
12592,11043,0.077034424585387
12593,11043,0.168356375345552
13001,11043,0.100734895215154
10351,11043,0.157682375018139
13000,11043,0.149155116151715
11044,10226,0.138362424861646
12295,10226,0.108357144344173
12591,10226,0.238634346934607
11154,10226,0.129386044234105
11615,10226,0.115119778888896
11109,10226,0.23981842268162
17147,10226,0.140340535982792
20036,10226,0.246153757172755
11043,10226,0.141027338428803
10226,10226,1
11871,10226,0.251334481678319
12868,10226,0.256674338328027
12867,10226,0.184694746900691
11110,10226,0.245323297368812
11024,10226,0.241274939784815
12738,10226,0.332773574403406
12592,10226,0.117252975634595
12593,10226,0.22995343341111
13001,10226,0.141007206138508
10351,10226,0.242402672926034
13000,10226,0.221040076589422
11044,11871,0.208434302691736
12295,11871,0.11307587125592
12591,11871,0.414269111079811
11154,11871,0.220890247649306
11615,11871,0.119217987006395
11109,11871,0.488249911893428
17147,11871,0.167891323685863
20036,11871,0.415109854529571
11043,11871,0.177984293183346
10226,11871,0.251334481678319
11871,11871,1
12868,11871,0.601418589395374
12867,11871,0.197957039472666
11110,11871,0.440449041634912
11024,11871,0.417833866382238
12738,11871,0.316286486565135
12592,11871,0.122989077490529
12593,11871,0.469741186119916
13001,11871,0.152816128861992
10351,11871,0.40831172407139
13000,11871,0.450159204672186
11044,12868,0.181128135398937
12295,12868,0.107176560562155
12591,12868,0.374371307837496
11154,12868,0.204943620737532
11615,12868,0.113848772751587
11109,12868,0.433749157472416
17147,12868,0.163537850519678
20036,12868,0.378988441608048
11043,12868,0.151399787188928
10226,12868,0.256674338328027
11871,12868,0.601418589395374
12868,12868,1
12867,12868,0.190388688730344
11110,12868,0.390813090408616
11024,12868,0.381341691315327
12738,12868,0.294212945122951
12592,12868,0.114394670006587
12593,12868,0.422754796536301
13001,12868,0.145784096282624
10351,12868,0.38425576753621
13000,12868,0.395785628688172
11044,12867,0.219421782327237
12295,12867,0.0830957829721872
12591,12867,0.18052304875976
11154,12867,0.242751473680051
11615,12867,0.0739548466961676
11109,12867,0.227957259646077
17147,12867,0.224529176217625
20036,12867,0.177278299656599
11043,12867,0.190905514084009
10226,12867,0.184694746900691
11871,12867,0.197957039472666
12868,12867,0.190388688730344
12867,12867,1
11110,12867,0.192036955826001
11024,12867,0.188151569956374
12738,12867,0.178890111308826
12592,12867,0.0797934655935972
12593,12867,0.221804602941236
13001,12867,0.118552891807991
10351,12867,0.191300815883893
13000,12867,0.203455443675085
11044,11110,0.216721969909349
12295,11110,0.103297899797522
12591,11110,0.73257310309129
11154,11110,0.223448261460395
11615,11110,0.110297109364148
11109,11110,0.491555928376097
17147,11110,0.170493449492597
20036,11110,0.474667122119997
11043,11110,0.181523569048226
10226,11110,0.245323297368812
11871,11110,0.440449041634912
12868,11110,0.390813090408616
12867,11110,0.192036955826001
11110,11110,1
11024,11110,0.479313857071294
12738,11110,0.307373272693505
12592,11110,0.114655921091922
12593,11110,0.461137641124535
13001,11110,0.1648114966502
10351,11110,0.475800930671735
13000,11110,0.563332939174122
11044,11024,0.204897163544888
12295,11024,0.132108457054446
12591,11024,0.47546194583351
11154,11024,0.224203212918185
11615,11024,0.139079720601017
11109,11024,0.475784442761951
17147,11024,0.173883988072605
20036,11024,0.906195804997489
11043,11024,0.156636888021003
10226,11024,0.241274939784815
11871,11024,0.417833866382238
12868,11024,0.381341691315327
12867,11024,0.188151569956374
11110,11024,0.479313857071294
11024,11024,1
12738,11024,0.311924721668228
12592,11024,0.140133708255678
12593,11024,0.467134683194211
13001,11024,0.175156073889427
10351,11024,0.882321435964109
13000,11024,0.455487934274227
11044,12738,0.183915259918375
12295,12738,0.145655355638753
12591,12738,0.314035005668129
11154,12738,0.19133466465641
11615,12738,0.149563571998874
11109,12738,0.322111578978994
17147,12738,0.168449649142333
20036,12738,0.324216479492749
11043,12738,0.191958941425384
10226,12738,0.332773574403406
11871,12738,0.316286486565135
12868,12738,0.294212945122951
12867,12738,0.178890111308826
11110,12738,0.307373272693505
11024,12738,0.311924721668228
12738,12738,1
12592,12738,0.149423513555943
12593,12738,0.317351150908409
13001,12738,0.212332556118365
10351,12738,0.312714482671665
13000,12738,0.30431456788463
11044,12592,0.0741117568774907
12295,12592,0.71364989502675
12591,12592,0.116116563957923
11154,12592,0.0796745039222149
11615,12592,0.748069943323708
11109,12592,0.142708421024284
17147,12592,0.0729701849800391
20036,12592,0.139003308009535
11043,12592,0.077034424585387
10226,12592,0.117252975634595
11871,12592,0.122989077490529
12868,12592,0.114394670006587
12867,12592,0.0797934655935972
11110,12592,0.114655921091922
11024,12592,0.140133708255678
12738,12592,0.149423513555943
12592,12592,1
12593,12592,0.137607511910067
13001,12592,0.376067742810665
10351,12592,0.138268603481306
13000,12592,0.136261437130165
11044,12593,0.19959544848718
12295,12593,0.132727960409267
12591,12593,0.436956496687678
11154,12593,0.213841836289221
11615,12593,0.139089990425948
11109,12593,0.798596232764879
17147,12593,0.197666468018318
20036,12593,0.452015214289757
11043,12593,0.168356375345552
10226,12593,0.22995343341111
11871,12593,0.469741186119916
12868,12593,0.422754796536301
12867,12593,0.221804602941236
11110,12593,0.461137641124535
11024,12593,0.467134683194211
12738,12593,0.317351150908409
12592,12593,0.137607511910067
12593,12593,1
13001,12593,0.170670373811032
10351,12593,0.471046996669909
13000,12593,0.489358303094657
11044,13001,0.124660958870567
12295,13001,0.348904960402017
12591,13001,0.158906693828187
11154,13001,0.134612280177495
11615,13001,0.344265113927681
11109,13001,0.171682832272454
17147,13001,0.111069874834569
20036,13001,0.171741506688548
11043,13001,0.100734895215154
10226,13001,0.141007206138508
11871,13001,0.152816128861992
12868,13001,0.145784096282624
12867,13001,0.118552891807991
11110,13001,0.1648114966502
11024,13001,0.175156073889427
12738,13001,0.212332556118365
12592,13001,0.376067742810665
12593,13001,0.170670373811032
13001,13001,1
10351,13001,0.171030045837958
13000,13001,0.170970585782386
11044,10351,0.20269520093331
12295,10351,0.128401255926989
12591,10351,0.47823503611788
11154,10351,0.217746782415567
11615,10351,0.13628441005123
11109,10351,0.476989079563183
17147,10351,0.172605070266779
20036,10351,0.864487030026342
11043,10351,0.157682375018139
10226,10351,0.242402672926034
11871,10351,0.40831172407139
12868,10351,0.38425576753621
12867,10351,0.191300815883893
11110,10351,0.475800930671735
11024,10351,0.882321435964109
12738,10351,0.312714482671665
12592,10351,0.138268603481306
12593,10351,0.471046996669909
13001,10351,0.171030045837958
10351,10351,1
13000,10351,0.456641182423659
11044,13000,0.191430929398328
12295,13000,0.116146636496718
12591,13000,0.524169925610695
11154,13000,0.199796086926431
11615,13000,0.126409944450485
11109,13000,0.516016254903039
17147,13000,0.166331899910163
20036,13000,0.443839913945859
11043,13000,0.149155116151715
10226,13000,0.221040076589422
11871,13000,0.450159204672186
12868,13000,0.395785628688172
12867,13000,0.203455443675085
11110,13000,0.563332939174122
11024,13000,0.455487934274227
12738,13000,0.30431456788463
12592,13000,0.136261437130165
12593,13000,0.489358303094657
13001,13000,0.170970585782386
10351,13000,0.456641182423659
13000,13000,1
