Var1,Var2,Freq
11044,11044,1
12295,11044,0.375661375661376
12591,11044,0.391949152542373
11154,11044,0.551194539249147
11615,11044,0.39766081871345
11109,11044,0.380753138075314
17147,11044,0.394366197183099
20036,11044,0.371134020618557
11043,11044,0.53448275862069
10226,11044,0.421686746987952
11871,11044,0.375796178343949
12868,11044,0.355813953488372
12867,11044,0.375854214123007
11110,11044,0.375796178343949
11024,11044,0.388286334056399
12738,11044,0.402439024390244
12592,11044,0.323899371069182
12593,11044,0.375
13001,11044,0.393650793650794
10351,11044,0.369294605809129
13000,11044,0.372384937238494
11044,12295,0.375661375661376
12295,12295,1
12591,12295,0.398843930635838
11154,12295,0.398936170212766
11615,12295,0.818057455540356
11109,12295,0.594202898550725
17147,12295,0.380434782608696
20036,12295,0.5
11043,12295,0.322289156626506
10226,12295,0.39568345323741
11871,12295,0.463087248322148
12868,12295,0.426966292134832
12867,12295,0.383084577114428
11110,12295,0.460992907801418
11024,12295,0.5
12738,12295,0.378787878787879
12592,12295,0.722298221614227
12593,12295,0.579710144927536
13001,12295,0.558241758241758
10351,12295,0.482758620689655
13000,12295,0.43010752688172
11044,12591,0.391949152542373
12295,12591,0.398843930635838
12591,12591,1
11154,12591,0.375
11615,12591,0.386473429951691
11109,12591,0.490566037735849
17147,12591,0.330543933054393
20036,12591,0.489406779661017
11043,12591,0.354508196721311
10226,12591,0.48314606741573
11871,12591,0.47085201793722
12868,12591,0.450800915331808
12867,12591,0.384196185286104
11110,12591,0.725910064239829
11024,12591,0.494692144373673
12738,12591,0.470355731225296
12592,12591,0.421965317919075
12593,12591,0.485232067510548
13001,12591,0.390845070422535
10351,12591,0.505643340857788
13000,12591,0.570135746606335
11044,11154,0.551194539249147
12295,11154,0.398936170212766
12591,11154,0.375
11154,11154,1
11615,11154,0.418181818181818
11109,11154,0.407407407407407
17147,11154,0.389105058365759
20036,11154,0.378076062639821
11043,11154,0.585185185185185
10226,11154,0.395209580838323
11871,11154,0.388127853881279
12868,11154,0.362612612612613
12867,11154,0.377358490566038
11110,11154,0.36989247311828
11024,11154,0.397619047619048
12738,11154,0.386281588447653
12592,11154,0.398936170212766
12593,11154,0.369294605809129
13001,11154,0.402826855123675
10351,11154,0.398976982097187
13000,11154,0.371308016877637
11044,11615,0.39766081871345
12295,11615,0.818057455540356
12591,11615,0.386473429951691
11154,11615,0.418181818181818
11615,11615,1
11109,11615,0.601449275362319
17147,11615,0.364130434782609
20036,11615,0.511494252873563
11043,11615,0.316993464052288
10226,11615,0.402877697841727
11871,11615,0.476510067114094
12868,11615,0.449438202247191
12867,11615,0.474747474747475
11110,11615,0.475177304964539
11024,11615,0.511494252873563
12738,11615,0.43859649122807
12592,11615,0.738700564971751
12593,11615,0.579710144927536
13001,11615,0.616402116402116
10351,11615,0.494252873563218
13000,11615,0.451612903225806
11044,11109,0.380753138075314
12295,11109,0.594202898550725
12591,11109,0.490566037735849
11154,11109,0.407407407407407
11615,11109,0.601449275362319
11109,11109,1
17147,11109,0.370833333333333
20036,11109,0.489451476793249
11043,11109,0.380368098159509
10226,11109,0.486772486772487
11871,11109,0.51356993736952
12868,11109,0.509049773755656
12867,11109,0.424324324324324
11110,11109,0.505241090146751
11024,11109,0.494758909853249
12738,11109,0.546296296296296
12592,11109,0.58695652173913
12593,11109,0.781970649895178
13001,11109,0.409722222222222
10351,11109,0.505543237250554
13000,11109,0.53347280334728
11044,17147,0.394366197183099
12295,17147,0.380434782608696
12591,17147,0.330543933054393
11154,17147,0.389105058365759
11615,17147,0.364130434782609
11109,17147,0.370833333333333
17147,17147,1
20036,17147,0.359712230215827
11043,17147,0.386064030131827
10226,17147,0.383886255924171
11871,17147,0.336384439359268
12868,17147,0.366028708133971
12867,17147,0.395238095238095
11110,17147,0.324384787472036
11024,17147,0.35781990521327
12738,17147,0.348837209302326
12592,17147,0.385869565217391
12593,17147,0.375586854460094
13001,17147,0.35031847133758
10351,17147,0.343680709534368
13000,17147,0.335416666666667
11044,20036,0.371134020618557
12295,20036,0.5
12591,20036,0.489406779661017
11154,20036,0.378076062639821
11615,20036,0.511494252873563
11109,20036,0.489451476793249
17147,20036,0.359712230215827
20036,20036,1
11043,20036,0.346938775510204
10226,20036,0.478723404255319
11871,20036,0.465811965811966
12868,20036,0.452488687782805
12867,20036,0.3601108033241
11110,20036,0.512471655328798
11024,20036,0.898089171974522
12738,20036,0.492
12592,20036,0.505747126436782
12593,20036,0.48109243697479
13001,20036,0.657342657342657
10351,20036,0.860515021459227
13000,20036,0.480263157894737
11044,11043,0.53448275862069
12295,11043,0.322289156626506
12591,11043,0.354508196721311
11154,11043,0.585185185185185
11615,11043,0.316993464052288
11109,11043,0.380368098159509
17147,11043,0.386064030131827
20036,11043,0.346938775510204
11043,11043,1
10226,11043,0.449101796407186
11871,11043,0.379828326180258
12868,11043,0.428070175438596
12867,11043,0.36644591611479
11110,11043,0.360655737704918
11024,11043,0.350409836065574
12738,11043,0.408602150537634
12592,11043,0.307017543859649
12593,11043,0.36830835117773
13001,11043,0.358662613981763
10351,11043,0.354401805869075
13000,11043,0.347474747474747
11044,10226,0.421686746987952
12295,10226,0.39568345323741
12591,10226,0.48314606741573
11154,10226,0.395209580838323
11615,10226,0.402877697841727
11109,10226,0.486772486772487
17147,10226,0.383886255924171
20036,10226,0.478723404255319
11043,10226,0.449101796407186
10226,10226,1
11871,10226,0.518518518518519
12868,10226,0.5
12867,10226,0.464968152866242
11110,10226,0.410138248847926
11024,10226,0.436619718309859
12738,10226,0.382575757575758
12592,10226,0.41304347826087
12593,10226,0.470899470899471
13001,10226,0.387878787878788
10351,10226,0.415929203539823
13000,10226,0.440594059405941
11044,11871,0.375796178343949
12295,11871,0.463087248322148
12591,11871,0.47085201793722
11154,11871,0.388127853881279
11615,11871,0.476510067114094
11109,11871,0.51356993736952
17147,11871,0.336384439359268
20036,11871,0.465811965811966
11043,11871,0.379828326180258
10226,11871,0.518518518518519
11871,11871,1
12868,11871,0.619957537154989
12867,11871,0.384823848238482
11110,11871,0.474248927038627
11024,11871,0.467948717948718
12738,11871,0.518518518518519
12592,11871,0.434285714285714
12593,11871,0.49163179916318
13001,11871,0.553333333333333
10351,11871,0.454545454545455
13000,11871,0.493589743589744
11044,12868,0.355813953488372
12295,12868,0.426966292134832
12591,12868,0.450800915331808
11154,12868,0.362612612612613
11615,12868,0.449438202247191
11109,12868,0.509049773755656
17147,12868,0.366028708133971
20036,12868,0.452488687782805
11043,12868,0.428070175438596
10226,12868,0.5
11871,12868,0.619957537154989
12868,12868,1
12867,12868,0.38544474393531
11110,12868,0.434689507494647
11024,12868,0.452488687782805
12738,12868,0.463035019455253
12592,12868,0.438202247191011
12593,12868,0.477024070021882
13001,12868,0.513812154696133
10351,12868,0.452488687782805
13000,12868,0.455981941309255
11044,12867,0.375854214123007
12295,12867,0.383084577114428
12591,12867,0.384196185286104
11154,12867,0.377358490566038
11615,12867,0.474747474747475
11109,12867,0.424324324324324
17147,12867,0.395238095238095
20036,12867,0.3601108033241
11043,12867,0.36644591611479
10226,12867,0.464968152866242
11871,12867,0.384823848238482
12868,12867,0.38544474393531
12867,12867,1
11110,12867,0.396739130434783
11024,12867,0.359249329758713
12738,12867,0.474683544303797
12592,12867,0.339869281045752
12593,12867,0.421917808219178
13001,12867,0.364285714285714
10351,12867,0.361930294906166
13000,12867,0.402116402116402
11044,11110,0.375796178343949
12295,11110,0.460992907801418
12591,11110,0.725910064239829
11154,11110,0.36989247311828
11615,11110,0.475177304964539
11109,11110,0.505241090146751
17147,11110,0.324384787472036
20036,11110,0.512471655328798
11043,11110,0.360655737704918
10226,11110,0.410138248847926
11871,11110,0.474248927038627
12868,11110,0.434689507494647
12867,11110,0.396739130434783
11110,11110,1
11024,11110,0.514739229024943
12738,11110,0.487603305785124
12592,11110,0.492753623188406
12593,11110,0.5
13001,11110,0.408450704225352
10351,11110,0.501133786848073
13000,11110,0.577922077922078
11044,11024,0.388286334056399
12295,11024,0.5
12591,11024,0.494692144373673
11154,11024,0.397619047619048
11615,11024,0.511494252873563
11109,11024,0.494758909853249
17147,11024,0.35781990521327
20036,11024,0.898089171974522
11043,11024,0.350409836065574
10226,11024,0.436619718309859
11871,11024,0.467948717948718
12868,11024,0.452488687782805
12867,11024,0.359249329758713
11110,11024,0.514739229024943
11024,11024,1
12738,11024,0.472
12592,11024,0.511494252873563
12593,11024,0.497899159663865
13001,11024,0.434108527131783
10351,11024,0.869098712446352
13000,11024,0.497747747747748
11044,12738,0.402439024390244
12295,12738,0.378787878787879
12591,12738,0.470355731225296
11154,12738,0.386281588447653
11615,12738,0.43859649122807
11109,12738,0.546296296296296
17147,12738,0.348837209302326
20036,12738,0.492
11043,12738,0.408602150537634
10226,12738,0.382575757575758
11871,12738,0.518518518518519
12868,12738,0.463035019455253
12867,12738,0.474683544303797
11110,12738,0.487603305785124
11024,12738,0.472
12738,12738,1
12592,12738,0.419540229885057
12593,12738,0.483018867924528
13001,12738,0.490566037735849
10351,12738,0.544554455445545
13000,12738,0.522935779816514
11044,12592,0.323899371069182
12295,12592,0.722298221614227
12591,12592,0.421965317919075
11154,12592,0.398936170212766
11615,12592,0.738700564971751
11109,12592,0.58695652173913
17147,12592,0.385869565217391
20036,12592,0.505747126436782
11043,12592,0.307017543859649
10226,12592,0.41304347826087
11871,12592,0.434285714285714
12868,12592,0.438202247191011
12867,12592,0.339869281045752
11110,12592,0.492753623188406
11024,12592,0.511494252873563
12738,12592,0.419540229885057
12592,12592,1
12593,12592,0.478021978021978
13001,12592,0.462664714494876
10351,12592,0.565217391304348
13000,12592,0.486486486486486
11044,12593,0.375
12295,12593,0.579710144927536
12591,12593,0.485232067510548
11154,12593,0.369294605809129
11615,12593,0.579710144927536
11109,12593,0.781970649895178
17147,12593,0.375586854460094
20036,12593,0.48109243697479
11043,12593,0.36830835117773
10226,12593,0.470899470899471
11871,12593,0.49163179916318
12868,12593,0.477024070021882
12867,12593,0.421917808219178
11110,12593,0.5
11024,12593,0.497899159663865
12738,12593,0.483018867924528
12592,12593,0.478021978021978
12593,12593,1
13001,12593,0.411149825783972
10351,12593,0.508888888888889
13000,12593,0.514830508474576
11044,13001,0.393650793650794
12295,13001,0.558241758241758
12591,13001,0.390845070422535
11154,13001,0.402826855123675
11615,13001,0.616402116402116
11109,13001,0.409722222222222
17147,13001,0.35031847133758
20036,13001,0.657342657342657
11043,13001,0.358662613981763
10226,13001,0.387878787878788
11871,13001,0.553333333333333
12868,13001,0.513812154696133
12867,13001,0.364285714285714
11110,13001,0.408450704225352
11024,13001,0.434108527131783
12738,13001,0.490566037735849
12592,13001,0.462664714494876
12593,13001,0.411149825783972
13001,13001,1
10351,13001,0.65034965034965
13000,13001,0.402826855123675
11044,10351,0.369294605809129
12295,10351,0.482758620689655
12591,10351,0.505643340857788
11154,10351,0.398976982097187
11615,10351,0.494252873563218
11109,10351,0.505543237250554
17147,10351,0.343680709534368
20036,10351,0.860515021459227
11043,10351,0.354401805869075
10226,10351,0.415929203539823
11871,10351,0.454545454545455
12868,10351,0.452488687782805
12867,10351,0.361930294906166
11110,10351,0.501133786848073
11024,10351,0.869098712446352
12738,10351,0.544554455445545
12592,10351,0.565217391304348
12593,10351,0.508888888888889
13001,10351,0.65034965034965
10351,10351,1
13000,10351,0.493243243243243
11044,13000,0.372384937238494
12295,13000,0.43010752688172
12591,13000,0.570135746606335
11154,13000,0.371308016877637
11615,13000,0.451612903225806
11109,13000,0.53347280334728
17147,13000,0.335416666666667
20036,13000,0.480263157894737
11043,13000,0.347474747474747
10226,13000,0.440594059405941
11871,13000,0.493589743589744
12868,13000,0.455981941309255
12867,13000,0.402116402116402
11110,13000,0.577922077922078
11024,13000,0.497747747747748
12738,13000,0.522935779816514
12592,13000,0.486486486486486
12593,13000,0.514830508474576
13001,13000,0.402826855123675
10351,13000,0.493243243243243
13000,13000,1
