Var1,Var2,Freq
10167,10167,1
11279,10167,0.441001191895113
12956,10167,0.459134615384615
12950,10167,0.457932692307692
19642,10167,0.44
11054,10167,0.467144563918757
12449,10167,0.965870307167235
11058,10167,0.474452554744526
12476,10167,0.443765281173594
11036,10167,0.687281213535589
11891,10167,0.462365591397849
11056,10167,0.460620525059666
11280,10167,0.443765281173594
11281,10167,0.47323600973236
11055,10167,0.4618138424821
12895,10167,0.687281213535589
12894,10167,0.441212121212121
10167,11279,0.441001191895113
11279,11279,1
12956,11279,0.427536231884058
12950,11279,0.427536231884058
19642,11279,0.940099833610649
11054,11279,0.434624697336562
12449,11279,0.439809296781883
11058,11279,0.436517533252721
12476,11279,0.603804797353184
11036,11279,0.448609431680774
11891,11279,0.430992736077482
11056,11279,0.417857142857143
11280,11279,0.601323407775021
11281,11279,0.438935912938331
11055,11279,0.416666666666667
12895,11279,0.453446191051995
12894,11279,0.941763727121464
10167,12956,0.459134615384615
11279,12956,0.427536231884058
12956,12956,1
12950,12956,0.99344262295082
19642,12956,0.42512077294686
11054,12956,0.700996677740864
12449,12956,0.451923076923077
11058,12956,0.75802752293578
12476,12956,0.411071849234393
11036,12956,0.453364817001181
11891,12956,0.697674418604651
11056,12956,0.681818181818182
11280,12956,0.411071849234393
11281,12956,0.763761467889908
11055,12956,0.677946324387398
12895,12956,0.447398843930636
12894,12956,0.423913043478261
10167,12950,0.457932692307692
11279,12950,0.427536231884058
12956,12950,0.99344262295082
12950,12950,1
19642,12950,0.42512077294686
11054,12950,0.698781838316722
12449,12950,0.453125
11058,12950,0.746049661399549
12476,12950,0.411071849234393
11036,12950,0.451003541912633
11891,12950,0.695459579180509
11056,12950,0.680622009569378
11280,12950,0.411071849234393
11281,12950,0.751693002257336
11055,12950,0.677946324387398
12895,12950,0.445086705202312
12894,12950,0.423913043478261
10167,19642,0.44
11279,19642,0.940099833610649
12956,19642,0.42512077294686
12950,19642,0.42512077294686
19642,19642,1
11054,19642,0.424737456242707
12449,19642,0.4375
11058,19642,0.436517533252721
12476,19642,0.60149130074565
11036,19642,0.446191051995163
11891,19642,0.428571428571429
11056,19642,0.413095238095238
11280,19642,0.601652892561984
11281,19642,0.438935912938331
11055,19642,0.407017543859649
12895,19642,0.451027811366385
12894,19642,0.9875
10167,11054,0.467144563918757
11279,11054,0.434624697336562
12956,11054,0.700996677740864
12950,11054,0.698781838316722
19642,11054,0.424737456242707
11054,11054,1
12449,11054,0.464755077658303
11058,11054,0.751387347391787
12476,11054,0.434306569343066
11036,11054,0.463615023474178
11891,11054,0.971491228070176
11056,11054,0.71497005988024
11280,11054,0.431873479318735
11281,11054,0.753607103218646
11055,11054,0.717365269461078
12895,11054,0.462441314553991
12894,11054,0.426573426573427
10167,12449,0.965870307167235
11279,12449,0.439809296781883
12956,12449,0.451923076923077
12950,12449,0.453125
19642,12449,0.4375
11054,12449,0.464755077658303
12449,12449,1
11058,12449,0.475669099756691
12476,12449,0.441320293398533
11036,12449,0.683780630105017
11891,12449,0.459976105137395
11056,12449,0.457040572792363
11280,12449,0.443765281173594
11281,12449,0.475669099756691
11055,12449,0.458233890214797
12895,12449,0.67351598173516
12894,12449,0.438701923076923
10167,11058,0.474452554744526
11279,11058,0.436517533252721
12956,11058,0.75802752293578
12950,11058,0.746049661399549
19642,11058,0.436517533252721
11054,11058,0.751387347391787
12449,11058,0.475669099756691
11058,11058,1
12476,11058,0.429086538461538
11036,11058,0.452718676122931
11891,11058,0.750277469478357
11056,11058,0.698598130841121
11280,11058,0.429086538461538
11281,11058,0.98568281938326
11055,11058,0.717703349282297
12895,11058,0.452718676122931
12894,11058,0.435308343409915
10167,12476,0.443765281173594
11279,12476,0.603804797353184
12956,12476,0.411071849234393
12950,12476,0.411071849234393
19642,12476,0.60149130074565
11054,12476,0.434306569343066
12449,12476,0.441320293398533
11058,12476,0.429086538461538
12476,12476,1
11036,12476,0.442977190876351
11891,12476,0.431873479318735
11056,12476,0.411338962605549
11280,12476,0.952145214521452
11281,12476,0.431490384615385
11055,12476,0.408926417370326
12895,12476,0.443645083932854
12894,12476,0.600331674958541
10167,11036,0.687281213535589
11279,11036,0.448609431680774
12956,11036,0.453364817001181
12950,11036,0.451003541912633
19642,11036,0.446191051995163
11054,11036,0.463615023474178
12449,11036,0.683780630105017
11058,11036,0.452718676122931
12476,11036,0.442977190876351
11036,11036,1
11891,11036,0.460093896713615
11056,11036,0.45926800472255
11280,11036,0.43937575030012
11281,11036,0.453364817001181
11055,11036,0.467312348668281
12895,11036,0.978211009174312
12894,11036,0.447400241837969
10167,11891,0.462365591397849
11279,11891,0.430992736077482
12956,11891,0.697674418604651
12950,11891,0.695459579180509
19642,11891,0.428571428571429
11054,11891,0.971491228070176
12449,11891,0.459976105137395
11058,11891,0.750277469478357
12476,11891,0.431873479318735
11036,11891,0.460093896713615
11891,11891,1
11056,11891,0.716167664670659
11280,11891,0.429440389294404
11281,11891,0.752497225305216
11055,11891,0.719760479041916
12895,11891,0.458920187793427
12894,11891,0.430471584038694
10167,11056,0.460620525059666
11279,11056,0.417857142857143
12956,11056,0.681818181818182
12950,11056,0.680622009569378
19642,11056,0.413095238095238
11054,11056,0.71497005988024
12449,11056,0.457040572792363
11058,11056,0.698598130841121
12476,11056,0.411338962605549
11036,11056,0.45926800472255
11891,11056,0.716167664670659
11056,11056,1
11280,11056,0.413253012048193
11281,11056,0.700934579439252
11055,11056,0.941244239631336
12895,11056,0.450980392156863
12894,11056,0.416666666666667
10167,11280,0.443765281173594
11279,11280,0.601323407775021
12956,11280,0.411071849234393
12950,11280,0.411071849234393
19642,11280,0.601652892561984
11054,11280,0.431873479318735
12449,11280,0.443765281173594
11058,11280,0.429086538461538
12476,11280,0.952145214521452
11036,11280,0.43937575030012
11891,11280,0.429440389294404
11056,11280,0.413253012048193
11280,11280,1
11281,11280,0.431490384615385
11055,11280,0.410843373493976
12895,11280,0.443645083932854
12894,11280,0.59983429991715
10167,11281,0.47323600973236
11279,11281,0.438935912938331
12956,11281,0.763761467889908
12950,11281,0.751693002257336
19642,11281,0.438935912938331
11054,11281,0.753607103218646
12449,11281,0.475669099756691
11058,11281,0.98568281938326
12476,11281,0.431490384615385
11036,11281,0.453364817001181
11891,11281,0.752497225305216
11056,11281,0.700934579439252
11280,11281,0.431490384615385
11281,11281,1
11055,11281,0.720095693779904
12895,11281,0.453364817001181
12894,11281,0.437726723095526
10167,11055,0.4618138424821
11279,11055,0.416666666666667
12956,11055,0.677946324387398
12950,11055,0.677946324387398
19642,11055,0.407017543859649
11054,11055,0.717365269461078
12449,11055,0.458233890214797
11058,11055,0.717703349282297
12476,11055,0.408926417370326
11036,11055,0.467312348668281
11891,11055,0.719760479041916
11056,11055,0.941244239631336
11280,11055,0.410843373493976
11281,11055,0.720095693779904
11055,11055,1
12895,11055,0.457705677867903
12894,11055,0.410526315789474
10167,12895,0.687281213535589
11279,12895,0.453446191051995
12956,12895,0.447398843930636
12950,12895,0.445086705202312
19642,12895,0.451027811366385
11054,12895,0.462441314553991
12449,12895,0.67351598173516
11058,12895,0.452718676122931
12476,12895,0.443645083932854
11036,12895,0.978211009174312
11891,12895,0.458920187793427
11056,12895,0.450980392156863
11280,12895,0.443645083932854
11281,12895,0.453364817001181
11055,12895,0.457705677867903
12895,12895,1
12894,12895,0.45223700120919
10167,12894,0.441212121212121
11279,12894,0.941763727121464
12956,12894,0.423913043478261
12950,12894,0.423913043478261
19642,12894,0.9875
11054,12894,0.426573426573427
12449,12894,0.438701923076923
11058,12894,0.435308343409915
12476,12894,0.600331674958541
11036,12894,0.447400241837969
11891,12894,0.430471584038694
11056,12894,0.416666666666667
11280,12894,0.59983429991715
11281,12894,0.437726723095526
11055,12894,0.410526315789474
12895,12894,0.45223700120919
12894,12894,1
