Var1,Var2,Freq
12862,12862,1
12861,12862,0.461663947797716
11473,12862,0.253164556962025
17024,12862,0.36
100479,12862,0.445532435740514
11989,12862,0.272357723577236
100155,12862,0.289473684210526
12862,12861,0.461663947797716
12861,12861,1
11473,12861,0.236842105263158
17024,12861,0.421052631578947
100479,12861,0.573089700996678
11989,12861,0.423076923076923
100155,12861,0.478260869565217
12862,11473,0.253164556962025
12861,11473,0.236842105263158
11473,11473,1
17024,11473,0.982142857142857
100479,11473,0.276315789473684
11989,11473,0.310160427807487
100155,11473,0.302207130730051
12862,17024,0.36
12861,17024,0.421052631578947
11473,17024,0.982142857142857
17024,17024,1
100479,17024,0.526315789473684
11989,17024,0.454545454545455
100155,17024,0.463157894736842
12862,100479,0.445532435740514
12861,100479,0.573089700996678
11473,100479,0.276315789473684
17024,100479,0.526315789473684
100479,100479,1
11989,100479,0.454545454545455
100155,100479,0.523809523809524
12862,11989,0.272357723577236
12861,11989,0.423076923076923
11473,11989,0.310160427807487
17024,11989,0.454545454545455
100479,11989,0.454545454545455
11989,11989,1
100155,11989,0.345549738219895
12862,100155,0.289473684210526
12861,100155,0.478260869565217
11473,100155,0.302207130730051
17024,100155,0.463157894736842
100479,100155,0.523809523809524
11989,100155,0.345549738219895
100155,100155,1
