Var1,Var2,Freq
243,243,1
11239,243,0.215728507599732
11726,243,0.262821430304783
237,243,0.0461327640884893
11866,243,0.0456605750694707
11634,243,0.789320682892294
10230,243,0.0354234299804547
19624,243,0.0392534125418026
243,11239,0.215728507599732
11239,11239,1
11726,11239,0.220279720037331
237,11239,0.0532782147610137
11866,11239,0.0523382145003518
11634,11239,0.228415289994311
10230,11239,0.0374041455945225
19624,11239,0.0479941617264997
243,11726,0.262821430304783
11239,11726,0.220279720037331
11726,11726,1
237,11726,0.0392831441578834
11866,11726,0.0360880778238511
11634,11726,0.257574414079934
10230,11726,0.0316662932794688
19624,11726,0.0458322646297864
243,237,0.0461327640884893
11239,237,0.0532782147610137
11726,237,0.0392831441578834
237,237,1
11866,237,0.948428164933679
11634,237,0.0450144510356587
10230,237,0.275083708797052
19624,237,0.0259147813997817
243,11866,0.0456605750694707
11239,11866,0.0523382145003518
11726,11866,0.0360880778238511
237,11866,0.948428164933679
11866,11866,1
11634,11866,0.043055793442741
10230,11866,0.274614557538248
19624,11866,0.0294304494526429
243,11634,0.789320682892294
11239,11634,0.228415289994311
11726,11634,0.257574414079934
237,11634,0.0450144510356587
11866,11634,0.043055793442741
11634,11634,1
10230,11634,0.0395662718458088
19624,11634,0.0389810873779712
243,10230,0.0354234299804547
11239,10230,0.0374041455945225
11726,10230,0.0316662932794688
237,10230,0.275083708797052
11866,10230,0.274614557538248
11634,10230,0.0395662718458088
10230,10230,1
19624,10230,0.0188990654643186
243,19624,0.0392534125418026
11239,19624,0.0479941617264997
11726,19624,0.0458322646297864
237,19624,0.0259147813997817
11866,19624,0.0294304494526429
11634,19624,0.0389810873779712
10230,19624,0.0188990654643186
19624,19624,1
