Var1,Var2,Freq
12862,12862,1
12861,12862,0.302455735994647
11473,12862,0.010778929251185
17024,12862,0.0281263356363784
100479,12862,0.350721849818279
11989,12862,0.0246090661550009
100155,12862,0.0127433753868803
12862,12861,0.302455735994647
12861,12861,1
11473,12861,0.0117752165832774
17024,12861,0.0271529598686447
100479,12861,0.401474958160912
11989,12861,0.0159194975874049
100155,12861,0.0133959052013486
12862,11473,0.010778929251185
12861,11473,0.0117752165832774
11473,11473,1
17024,11473,0.363302671758923
100479,11473,0.0128225015761008
11989,11473,0.0305312794134143
100155,11473,0.113969744744674
12862,17024,0.0281263356363784
12861,17024,0.0271529598686447
11473,17024,0.363302671758923
17024,17024,1
100479,17024,0.0308926661246856
11989,17024,0.0365821288810637
100155,17024,0.129288820644456
12862,100479,0.350721849818279
12861,100479,0.401474958160912
11473,100479,0.0128225015761008
17024,100479,0.0308926661246856
100479,100479,1
11989,100479,0.0191411420784069
100155,100479,0.0146197862142363
12862,11989,0.0246090661550009
12861,11989,0.0159194975874049
11473,11989,0.0305312794134143
17024,11989,0.0365821288810637
100479,11989,0.0191411420784069
11989,11989,1
100155,11989,0.0394406294728937
12862,100155,0.0127433753868803
12861,100155,0.0133959052013486
11473,100155,0.113969744744674
17024,100155,0.129288820644456
100479,100155,0.0146197862142363
11989,100155,0.0394406294728937
100155,100155,1
