Var1,Var2,Freq
20032,20032,1
12017,20032,0.333333333333333
12169,20032,0.974477958236659
10477,20032,0.333333333333333
10143,20032,0.302222222222222
10475,20032,0.361702127659574
11336,20032,0.902777777777778
20032,12017,0.333333333333333
12017,12017,1
12169,12017,0.333333333333333
10477,12017,0.93979057591623
10143,12017,0.332278481012658
10475,12017,0.325259515570934
11336,12017,0.321608040201005
20032,12169,0.974477958236659
12017,12169,0.333333333333333
12169,12169,1
10477,12169,0.333333333333333
10143,12169,0.305418719211823
10475,12169,0.336363636363636
11336,12169,0.885393258426966
20032,10477,0.333333333333333
12017,10477,0.93979057591623
12169,10477,0.333333333333333
10477,10477,1
10143,10477,0.332278481012658
10475,10477,0.332179930795848
11336,10477,0.321608040201005
20032,10143,0.302222222222222
12017,10143,0.332278481012658
12169,10143,0.305418719211823
10477,10143,0.332278481012658
10143,10143,1
10475,10143,0.464497041420118
11336,10143,0.300492610837438
20032,10475,0.361702127659574
12017,10475,0.325259515570934
12169,10475,0.336363636363636
10477,10475,0.332179930795848
10143,10475,0.464497041420118
10475,10475,1
11336,10475,0.373684210526316
20032,11336,0.902777777777778
12017,11336,0.321608040201005
12169,11336,0.885393258426966
10477,11336,0.321608040201005
10143,11336,0.300492610837438
10475,11336,0.373684210526316
11336,11336,1
