Var1,Var2,Freq
260,260,1
10426,260,0.503798694757921
10927,260,0.0616633504799261
100871,260,0.0675390488586237
10928,260,0.0676525144700067
10889,260,0.933457604391382
101124,260,0.0706139215364021
103800,260,0.0562382758339291
101097,260,0.0725044229046999
103726,260,0.0818163597195309
104430,260,0.081108183106032
260,10426,0.503798694757921
10426,10426,1
10927,10426,0.0697888837995383
100871,10426,0.0825235211816262
10928,10426,0.0725215942548037
10889,10426,0.489115383637611
101124,10426,0.0735487311946863
103800,10426,0.0551651626550295
101097,10426,0.0787558991043818
103726,10426,0.095661660742648
104430,10426,0.0971765614394561
260,10927,0.0616633504799261
10426,10927,0.0697888837995383
10927,10927,1
100871,10927,0.0673410556926275
10928,10927,0.720169068326736
10889,10927,0.0615075122687631
101124,10927,0.706547069612693
103800,10927,0.0836426857568214
101097,10927,0.0581971136684702
103726,10927,0.157435082092561
104430,10927,0.15547510776514
260,100871,0.0675390488586237
10426,100871,0.0825235211816262
10927,100871,0.0673410556926275
100871,100871,1
10928,100871,0.073058561917828
10889,100871,0.0653332754202063
101124,100871,0.0699482240856092
103800,100871,0.0642553930172425
101097,100871,0.897051335766196
103726,100871,0.0579164068026705
104430,100871,0.0511266408198593
260,10928,0.0676525144700067
10426,10928,0.0725215942548037
10927,10928,0.720169068326736
100871,10928,0.073058561917828
10928,10928,1
10889,10928,0.0664271411263737
101124,10928,0.75589167482555
103800,10928,0.0908907014806517
101097,10928,0.0663825238739524
103726,10928,0.151711868297165
104430,10928,0.153040310807812
260,10889,0.933457604391382
10426,10889,0.489115383637611
10927,10889,0.0615075122687631
100871,10889,0.0653332754202063
10928,10889,0.0664271411263737
10889,10889,1
101124,10889,0.0703183828413442
103800,10889,0.0547394749524677
101097,10889,0.0702092209910366
103726,10889,0.0813914722399798
104430,10889,0.0801665017438518
260,101124,0.0706139215364021
10426,101124,0.0735487311946863
10927,101124,0.706547069612693
100871,101124,0.0699482240856092
10928,101124,0.75589167482555
10889,101124,0.0703183828413442
101124,101124,1
103800,101124,0.0921780035310536
101097,101124,0.0636976429005683
103726,101124,0.166682307934332
104430,101124,0.165221259071113
260,103800,0.0562382758339291
10426,103800,0.0551651626550295
10927,103800,0.0836426857568214
100871,103800,0.0642553930172425
10928,103800,0.0908907014806517
10889,103800,0.0547394749524677
101124,103800,0.0921780035310536
103800,103800,1
101097,103800,0.0637164740299686
103726,103800,0.154052124358228
104430,103800,0.154273295675634
260,101097,0.0725044229046999
10426,101097,0.0787558991043818
10927,101097,0.0581971136684702
100871,101097,0.897051335766196
10928,101097,0.0663825238739524
10889,101097,0.0702092209910366
101124,101097,0.0636976429005683
103800,101097,0.0637164740299686
101097,101097,1
103726,101097,0.0567732516088463
104430,101097,0.0516556352212653
260,103726,0.0818163597195309
10426,103726,0.095661660742648
10927,103726,0.157435082092561
100871,103726,0.0579164068026705
10928,103726,0.151711868297165
10889,103726,0.0813914722399798
101124,103726,0.166682307934332
103800,103726,0.154052124358228
101097,103726,0.0567732516088463
103726,103726,1
104430,103726,0.848432351041789
260,104430,0.081108183106032
10426,104430,0.0971765614394561
10927,104430,0.15547510776514
100871,104430,0.0511266408198593
10928,104430,0.153040310807812
10889,104430,0.0801665017438518
101124,104430,0.165221259071113
103800,104430,0.154273295675634
101097,104430,0.0516556352212653
103726,104430,0.848432351041789
104430,104430,1
