Var1,Var2,Freq
250,250,1
10184,250,0.535087719298246
11898,250,0.535928143712575
19903,250,0.571794871794872
10983,250,0.597911227154047
10685,250,0.945945945945946
17121,250,0.540059347181009
17073,250,0.965601965601966
20126,250,0.529239766081871
10982,250,0.610966057441253
10981,250,0.537537537537538
250,10184,0.535087719298246
10184,10184,1
11898,10184,0.862796833773087
19903,10184,0.560975609756098
10983,10184,0.573170731707317
10685,10184,0.542772861356932
17121,10184,0.904761904761905
17073,10184,0.529239766081871
20126,10184,0.8828125
10982,10184,0.573170731707317
10981,10184,0.883905013192612
250,11898,0.535928143712575
10184,11898,0.862796833773087
11898,11898,1
19903,11898,0.579113924050633
10983,11898,0.575949367088608
10685,11898,0.543543543543544
17121,11898,0.871052631578947
17073,11898,0.538922155688623
20126,11898,0.857519788918206
10982,11898,0.560975609756098
10981,11898,0.953125
250,19903,0.571794871794872
10184,19903,0.560975609756098
11898,19903,0.579113924050633
19903,19903,1
10983,19903,0.832098765432099
10685,19903,0.574358974358974
17121,19903,0.579268292682927
17073,19903,0.574358974358974
20126,19903,0.557926829268293
10982,19903,0.832134292565947
10981,19903,0.579113924050633
250,10983,0.597911227154047
10184,10983,0.573170731707317
11898,10983,0.575949367088608
19903,10983,0.832098765432099
10983,10983,1
10685,10983,0.604166666666667
17121,10983,0.573170731707317
17073,10983,0.606770833333333
20126,10983,0.560975609756098
10982,10983,0.862365591397849
10981,10983,0.575949367088608
250,10685,0.945945945945946
10184,10685,0.542772861356932
11898,10685,0.543543543543544
19903,10685,0.574358974358974
10983,10685,0.604166666666667
10685,10685,1
17121,10685,0.479899497487437
17073,10685,0.945945945945946
20126,10685,0.536873156342183
10982,10685,0.614583333333333
10981,10685,0.543543543543544
250,17121,0.540059347181009
10184,17121,0.904761904761905
11898,17121,0.871052631578947
19903,17121,0.579268292682927
10983,17121,0.573170731707317
10685,17121,0.479899497487437
17121,17121,1
17073,17121,0.477386934673367
20126,17121,0.873015873015873
10982,17121,0.585443037974684
10981,17121,0.876315789473684
250,17073,0.965601965601966
10184,17073,0.529239766081871
11898,17073,0.538922155688623
19903,17073,0.574358974358974
10983,17073,0.606770833333333
10685,17073,0.945945945945946
17121,17073,0.477386934673367
17073,17073,1
20126,17073,0.532738095238095
10982,17073,0.618798955613577
10981,17073,0.540540540540541
250,20126,0.529239766081871
10184,20126,0.8828125
11898,20126,0.857519788918206
19903,20126,0.557926829268293
10983,20126,0.560975609756098
10685,20126,0.536873156342183
17121,20126,0.873015873015873
17073,20126,0.532738095238095
20126,20126,1
10982,20126,0.572784810126582
10981,20126,0.857519788918206
250,10982,0.610966057441253
10184,10982,0.573170731707317
11898,10982,0.560975609756098
19903,10982,0.832134292565947
10983,10982,0.862365591397849
10685,10982,0.614583333333333
17121,10982,0.585443037974684
17073,10982,0.618798955613577
20126,10982,0.572784810126582
10982,10982,1
10981,10982,0.564024390243902
250,10981,0.537537537537538
10184,10981,0.883905013192612
11898,10981,0.953125
19903,10981,0.579113924050633
10983,10981,0.575949367088608
10685,10981,0.543543543543544
17121,10981,0.876315789473684
17073,10981,0.540540540540541
20126,10981,0.857519788918206
10982,10981,0.564024390243902
10981,10981,1
