Var1,Var2,Freq
260,260,1
10426,260,0.562130177514793
10927,260,0.308510638297872
100871,260,0.226973684210526
10928,260,0.260869565217391
10889,260,0.954081632653061
101124,260,0.2890625
103800,260,0.263565891472868
101097,260,0.220394736842105
103726,260,0.257575757575758
104430,260,0.274193548387097
260,10426,0.562130177514793
10426,10426,1
10927,10426,0.298913043478261
100871,10426,0.214285714285714
10928,10426,0.28021978021978
10889,10426,0.553254437869823
101124,10426,0.284153005464481
103800,10426,0.274509803921569
101097,10426,0.207482993197279
103726,10426,0.243827160493827
104430,10426,0.26031746031746
260,10927,0.308510638297872
10426,10927,0.298913043478261
10927,10927,1
100871,10927,0.3
10928,10927,0.764550264550265
10889,10927,0.308510638297872
101124,10927,0.777777777777778
103800,10927,0.338582677165354
101097,10927,0.284615384615385
103726,10927,0.293929712460064
104430,10927,0.316176470588235
260,100871,0.226973684210526
10426,100871,0.214285714285714
10927,100871,0.3
100871,100871,1
10928,100871,0.273684210526316
10889,100871,0.226973684210526
101124,100871,0.252577319587629
103800,100871,0.247457627118644
101097,100871,0.892183288409703
103726,100871,0.223776223776224
104430,100871,0.217241379310345
260,10928,0.260869565217391
10426,10928,0.28021978021978
10927,10928,0.764550264550265
100871,10928,0.273684210526316
10928,10928,1
10889,10928,0.255434782608696
101124,10928,0.825714285714286
103800,10928,0.255172413793103
101097,10928,0.263157894736842
103726,10928,0.293706293706294
104430,10928,0.318611987381703
260,10889,0.954081632653061
10426,10889,0.553254437869823
10927,10889,0.308510638297872
100871,10889,0.226973684210526
10928,10889,0.255434782608696
10889,10889,1
101124,10889,0.296875
103800,10889,0.294117647058824
101097,10889,0.219135802469136
103726,10889,0.257575757575758
104430,10889,0.274193548387097
260,101124,0.2890625
10426,101124,0.284153005464481
10927,101124,0.777777777777778
100871,101124,0.252577319587629
10928,101124,0.825714285714286
10889,101124,0.296875
101124,101124,1
103800,101124,0.263636363636364
101097,101124,0.247368421052632
103726,101124,0.275541795665635
104430,101124,0.292096219931271
260,103800,0.263565891472868
10426,103800,0.274509803921569
10927,103800,0.338582677165354
100871,103800,0.247457627118644
10928,103800,0.255172413793103
10889,103800,0.294117647058824
101124,103800,0.263636363636364
103800,103800,1
101097,103800,0.292517006802721
103726,103800,0.280936454849498
104430,103800,0.284280936454849
260,101097,0.220394736842105
10426,101097,0.207482993197279
10927,101097,0.284615384615385
100871,101097,0.892183288409703
10928,101097,0.263157894736842
10889,101097,0.219135802469136
101124,101097,0.247368421052632
103800,101097,0.292517006802721
101097,101097,1
103726,101097,0.22887323943662
104430,101097,0.215488215488216
260,103726,0.257575757575758
10426,103726,0.243827160493827
10927,103726,0.293929712460064
100871,103726,0.223776223776224
10928,103726,0.293706293706294
10889,103726,0.257575757575758
101124,103726,0.275541795665635
103800,103726,0.280936454849498
101097,103726,0.22887323943662
103726,103726,1
104430,103726,0.851063829787234
260,104430,0.274193548387097
10426,104430,0.26031746031746
10927,104430,0.316176470588235
100871,104430,0.217241379310345
10928,104430,0.318611987381703
10889,104430,0.274193548387097
101124,104430,0.292096219931271
103800,104430,0.284280936454849
101097,104430,0.215488215488216
103726,104430,0.851063829787234
104430,104430,1
