Var1,Var2,Freq
20032,20032,1
12017,20032,0.138497445448745
12169,20032,0.922031478967266
10477,20032,0.138638986053337
10143,20032,0.148364246005786
10475,20032,0.158605003760967
11336,20032,0.856061463819589
20032,12017,0.138497445448745
12017,12017,1
12169,12017,0.14193944874467
10477,12017,0.937181285640707
10143,12017,0.202802712323254
10475,12017,0.197153768234852
11336,12017,0.141319127277347
20032,12169,0.922031478967266
12017,12169,0.14193944874467
12169,12169,1
10477,12169,0.142084506982572
10143,12169,0.151115762329578
10475,12169,0.163008509982835
11336,12169,0.889796431655721
20032,10477,0.138638986053337
12017,10477,0.937181285640707
12169,10477,0.142084506982572
10477,10477,1
10143,10477,0.20198982054454
10475,10477,0.202893284085148
11336,10477,0.141463551563661
20032,10143,0.148364246005786
12017,10143,0.202802712323254
12169,10143,0.151115762329578
10477,10143,0.20198982054454
10143,10143,1
10475,10143,0.422436824508499
11336,10143,0.14908414026616
20032,10475,0.158605003760967
12017,10475,0.197153768234852
12169,10475,0.163008509982835
10477,10475,0.202893284085148
10143,10475,0.422436824508499
10475,10475,1
11336,10475,0.159143236273253
20032,11336,0.856061463819589
12017,11336,0.141319127277347
12169,11336,0.889796431655721
10477,11336,0.141463551563661
10143,11336,0.14908414026616
10475,11336,0.159143236273253
11336,11336,1
