Var1,Var2,Freq
250,250,1
10184,250,0.467181831408405
11898,250,0.469023782045236
19903,250,0.521301350862169
10983,250,0.536445466144969
10685,250,0.945996378121048
17121,250,0.465474063534307
17073,250,0.964875578558022
20126,250,0.475612002385123
10982,250,0.538769147249188
10981,250,0.465145585936315
250,10184,0.467181831408405
10184,10184,1
11898,10184,0.842152058403742
19903,10184,0.43879389262015
10983,10184,0.441574793571
10685,10184,0.471153590130254
17121,10184,0.857683492911632
17073,10184,0.463321580092921
20126,10184,0.875816672221847
10982,10184,0.436836703155523
10981,10184,0.857047497260407
250,11898,0.469023782045236
10184,11898,0.842152058403742
11898,11898,1
19903,11898,0.439040049104306
10983,11898,0.436965241837815
10685,11898,0.475447830992583
17121,11898,0.847484129733222
17073,11898,0.473684935099221
20126,11898,0.859167315870484
10982,11898,0.432300897799016
10981,11898,0.953400724995514
250,19903,0.521301350862169
10184,19903,0.43879389262015
11898,19903,0.439040049104306
19903,19903,1
10983,19903,0.763712386521961
10685,19903,0.526447504942933
17121,19903,0.447933965312767
17073,19903,0.524298275451484
20126,19903,0.440355928949862
10982,19903,0.76734425371058
10981,19903,0.43721379280516
250,10983,0.536445466144969
10184,10983,0.441574793571
11898,10983,0.436965241837815
19903,10983,0.763712386521961
10983,10983,1
10685,10983,0.544639768437619
17121,10983,0.440845864043238
17073,10983,0.546905973787678
20126,10983,0.436457751864031
10982,10983,0.851019339569883
10981,10983,0.435140606741776
250,10685,0.945996378121048
10184,10685,0.471153590130254
11898,10685,0.475447830992583
19903,10685,0.526447504942933
10983,10685,0.544639768437619
10685,10685,1
17121,10685,0.474123848017104
17073,10685,0.951827087920334
20126,10685,0.478215023730978
10982,10685,0.547734985298224
10981,10685,0.471522783776112
250,17121,0.465474063534307
10184,17121,0.857683492911632
11898,17121,0.847484129733222
19903,17121,0.447933965312767
10983,17121,0.440845864043238
10685,17121,0.474123848017104
17121,17121,1
17073,17121,0.469111199964086
20126,17121,0.855685731234306
10982,17121,0.434800673637791
10981,17121,0.849435943250593
250,17073,0.964875578558022
10184,17073,0.463321580092921
11898,17073,0.473684935099221
19903,17073,0.524298275451484
10983,17073,0.546905973787678
10685,17073,0.951827087920334
17121,17073,0.469111199964086
17073,17073,1
20126,17073,0.473121495281196
10982,17073,0.549529929634521
10981,17073,0.469773015033916
250,20126,0.475612002385123
10184,20126,0.875816672221847
11898,20126,0.859167315870484
19903,20126,0.440355928949862
10983,20126,0.436457751864031
10685,20126,0.478215023730978
17121,20126,0.855685731234306
17073,20126,0.473121495281196
20126,20126,1
10982,20126,0.431352290516601
10981,20126,0.856323177242424
250,10982,0.538769147249188
10184,10982,0.436836703155523
11898,10982,0.432300897799016
19903,10982,0.76734425371058
10983,10982,0.851019339569883
10685,10982,0.547734985298224
17121,10982,0.434800673637791
17073,10982,0.549529929634521
20126,10982,0.431352290516601
10982,10982,1
10981,10982,0.432266386429422
250,10981,0.465145585936315
10184,10981,0.857047497260407
11898,10981,0.953400724995514
19903,10981,0.43721379280516
10983,10981,0.435140606741776
10685,10981,0.471522783776112
17121,10981,0.849435943250593
17073,10981,0.469773015033916
20126,10981,0.856323177242424
10982,10981,0.432266386429422
10981,10981,1
