Var1,Var2,Freq
137,137,1
136,137,0.668831168831169
138,137,0.586750788643533
129,137,0.640949554896142
10529,137,0.628654970760234
10530,137,0.593650793650794
10528,137,0.626822157434402
12471,137,0.629737609329446
10315,137,0.665584415584416
10526,137,0.643076923076923
10527,137,0.942105263157895
17084,137,0.947802197802198
100044,137,0.816326530612245
12965,137,0.593650793650794
100864,137,0.583596214511041
10008,137,0.936842105263158
101186,137,0.623906705539359
137,136,0.668831168831169
136,136,1
138,136,0.570532915360502
129,136,0.629834254143646
10529,136,0.625
10530,136,0.607638888888889
10528,136,0.628808864265928
12471,136,0.665625
10315,136,0.935483870967742
10526,136,0.935483870967742
10527,136,0.668831168831169
17084,136,0.655844155844156
100044,136,0.836734693877551
12965,136,0.607638888888889
100864,136,0.59375
10008,136,0.665584415584416
101186,136,0.624309392265193
137,138,0.586750788643533
136,138,0.570532915360502
138,138,1
129,138,0.55425219941349
10529,138,0.585526315789474
10530,138,0.937837837837838
10528,138,0.548387096774194
12471,138,0.585526315789474
10315,138,0.564263322884013
10526,138,0.567398119122257
10527,138,0.574132492113565
17084,138,0.586750788643533
100044,138,0.690721649484536
12965,138,0.932432432432432
100864,138,0.94054054054054
10008,138,0.573667711598746
101186,138,0.557184750733138
137,129,0.640949554896142
136,129,0.629834254143646
138,129,0.55425219941349
129,129,1
10529,129,0.94
10530,129,0.585526315789474
10528,129,0.945137157107232
12471,129,0.94
10315,129,0.651162790697674
10526,129,0.678125
10527,129,0.642424242424242
17084,129,0.661442006269592
100044,129,0.979591836734694
12965,129,0.588815789473684
100864,129,0.545454545454545
10008,129,0.667741935483871
101186,129,0.9625
137,10529,0.628654970760234
136,10529,0.625
138,10529,0.585526315789474
129,10529,0.94
10529,10529,1
10530,10529,0.588815789473684
10528,10529,0.912718204488778
12471,10529,0.977386934673367
10315,10529,0.645348837209302
10526,10529,0.671875
10527,10529,0.651234567901235
17084,10529,0.657407407407407
100044,10529,0.989795918367347
12965,10529,0.592105263157895
100864,10529,0.578947368421053
10008,10529,0.62280701754386
101186,10529,0.945
137,10530,0.593650793650794
136,10530,0.607638888888889
138,10530,0.937837837837838
129,10530,0.585526315789474
10529,10530,0.588815789473684
10530,10530,1
10528,10530,0.575657894736842
12471,10530,0.588815789473684
10315,10530,0.607638888888889
10526,10530,0.606896551724138
10527,10530,0.580952380952381
17084,10530,0.593650793650794
100044,10530,0.690721649484536
12965,10530,0.994550408719346
100864,10530,0.948648648648649
10008,10530,0.583596214511041
101186,10530,0.588815789473684
137,10528,0.626822157434402
136,10528,0.628808864265928
138,10528,0.548387096774194
129,10528,0.945137157107232
10529,10528,0.912718204488778
10530,10528,0.575657894736842
10528,10528,1
12471,10528,0.917705735660848
10315,10528,0.651162790697674
10526,10528,0.634349030470914
10527,10528,0.667741935483871
17084,10528,0.661442006269592
100044,10528,0.959183673469388
12965,10528,0.578947368421053
100864,10528,0.539589442815249
10008,10528,0.642424242424242
101186,10528,0.945137157107232
137,12471,0.629737609329446
136,12471,0.665625
138,12471,0.585526315789474
129,12471,0.94
10529,12471,0.977386934673367
10530,12471,0.588815789473684
10528,12471,0.917705735660848
12471,12471,1
10315,12471,0.66875
10526,12471,0.671875
10527,12471,0.62280701754386
17084,12471,0.626822157434402
100044,12471,0.979591836734694
12965,12471,0.592105263157895
100864,12471,0.545454545454545
10008,12471,0.62280701754386
101186,12471,0.945
137,10315,0.665584415584416
136,10315,0.935483870967742
138,10315,0.564263322884013
129,10315,0.651162790697674
10529,10315,0.645348837209302
10530,10315,0.607638888888889
10528,10315,0.651162790697674
12471,10315,0.66875
10315,10315,1
10526,10315,0.970430107526882
10527,10315,0.668831168831169
17084,10315,0.652597402597403
100044,10315,0.826530612244898
12965,10315,0.607638888888889
100864,10315,0.59375
10008,10315,0.629411764705882
101186,10315,0.66875
137,10526,0.643076923076923
136,10526,0.935483870967742
138,10526,0.567398119122257
129,10526,0.678125
10529,10526,0.671875
10530,10526,0.606896551724138
10528,10526,0.634349030470914
12471,10526,0.671875
10315,10526,0.970430107526882
10526,10526,1
10527,10526,0.649230769230769
17084,10526,0.671232876712329
100044,10526,0.826530612244898
12965,10526,0.606896551724138
100864,10526,0.593103448275862
10008,10526,0.649230769230769
101186,10526,0.671875
137,10527,0.942105263157895
136,10527,0.668831168831169
138,10527,0.574132492113565
129,10527,0.642424242424242
10529,10527,0.651234567901235
10530,10527,0.580952380952381
10528,10527,0.667741935483871
12471,10527,0.62280701754386
10315,10527,0.668831168831169
10526,10527,0.649230769230769
10527,10527,1
17084,10527,0.931318681318681
100044,10527,0.816326530612245
12965,10527,0.580952380952381
100864,10527,0.574132492113565
10008,10527,0.989473684210526
101186,10527,0.640243902439024
137,17084,0.947802197802198
136,17084,0.655844155844156
138,17084,0.586750788643533
129,17084,0.661442006269592
10529,17084,0.657407407407407
10530,17084,0.593650793650794
10528,17084,0.661442006269592
12471,17084,0.626822157434402
10315,17084,0.652597402597403
10526,17084,0.671232876712329
10527,17084,0.931318681318681
17084,17084,1
100044,17084,0.816326530612245
12965,17084,0.593650793650794
100864,17084,0.583596214511041
10008,17084,0.933701657458564
101186,17084,0.658307210031348
137,100044,0.816326530612245
136,100044,0.836734693877551
138,100044,0.690721649484536
129,100044,0.979591836734694
10529,100044,0.989795918367347
10530,100044,0.690721649484536
10528,100044,0.959183673469388
12471,100044,0.979591836734694
10315,100044,0.826530612244898
10526,100044,0.826530612244898
10527,100044,0.816326530612245
17084,100044,0.816326530612245
100044,100044,1
12965,100044,0.690721649484536
100864,100044,0.690721649484536
10008,100044,0.816326530612245
101186,100044,0.989795918367347
137,12965,0.593650793650794
136,12965,0.607638888888889
138,12965,0.932432432432432
129,12965,0.588815789473684
10529,12965,0.592105263157895
10530,12965,0.994550408719346
10528,12965,0.578947368421053
12471,12965,0.592105263157895
10315,12965,0.607638888888889
10526,12965,0.606896551724138
10527,12965,0.580952380952381
17084,12965,0.593650793650794
100044,12965,0.690721649484536
12965,12965,1
100864,12965,0.943243243243243
10008,12965,0.583596214511041
101186,12965,0.592105263157895
137,100864,0.583596214511041
136,100864,0.59375
138,100864,0.94054054054054
129,100864,0.545454545454545
10529,100864,0.578947368421053
10530,100864,0.948648648648649
10528,100864,0.539589442815249
12471,100864,0.545454545454545
10315,100864,0.59375
10526,100864,0.593103448275862
10527,100864,0.574132492113565
17084,100864,0.583596214511041
100044,100864,0.690721649484536
12965,100864,0.943243243243243
100864,100864,1
10008,100864,0.573667711598746
101186,100864,0.548387096774194
137,10008,0.936842105263158
136,10008,0.665584415584416
138,10008,0.573667711598746
129,10008,0.667741935483871
10529,10008,0.62280701754386
10530,10008,0.583596214511041
10528,10008,0.642424242424242
12471,10008,0.62280701754386
10315,10008,0.629411764705882
10526,10008,0.649230769230769
10527,10008,0.989473684210526
17084,10008,0.933701657458564
100044,10008,0.816326530612245
12965,10008,0.583596214511041
100864,10008,0.573667711598746
10008,10008,1
101186,10008,0.640243902439024
137,101186,0.623906705539359
136,101186,0.624309392265193
138,101186,0.557184750733138
129,101186,0.9625
10529,101186,0.945
10530,101186,0.588815789473684
10528,101186,0.945137157107232
12471,101186,0.945
10315,101186,0.66875
10526,101186,0.671875
10527,101186,0.640243902439024
17084,101186,0.658307210031348
100044,101186,0.989795918367347
12965,101186,0.592105263157895
100864,101186,0.548387096774194
10008,101186,0.640243902439024
101186,101186,1
