Var1,Var2,Freq
137,137,1
136,137,0.534613304058929
138,137,0.493782476744295
129,137,0.54006040275663
10529,137,0.542933034628854
10530,137,0.495727131145359
10528,137,0.537710661466715
12471,137,0.546946691875299
10315,137,0.533622846115306
10526,137,0.533108758594963
10527,137,0.957997914239898
17084,137,0.920627366464682
100044,137,0.428452863486288
12965,137,0.496112300004628
100864,137,0.487100143139346
10008,137,0.953420776870068
101186,137,0.537963404447284
137,136,0.534613304058929
136,136,1
138,136,0.495963151922101
129,136,0.561923894956661
10529,136,0.560906337353665
10530,136,0.492691032076736
10528,136,0.554579464603216
12471,136,0.559517029193144
10315,136,0.930942740459117
10526,136,0.930942740459117
10527,136,0.537235972891707
17084,136,0.533103738086795
100044,136,0.442388658334257
12965,136,0.49256129118388
100864,136,0.479294230202385
10008,136,0.535455093273335
101186,136,0.560274901878503
137,138,0.493782476744295
136,138,0.495963151922101
138,138,1
129,138,0.481446598922482
10529,138,0.478714196426132
10530,138,0.938275521643735
10528,138,0.480158434804373
12471,138,0.480365554170916
10315,138,0.493193784873471
10526,138,0.492146664311107
10527,138,0.489629060059095
17084,138,0.493252249734901
100044,138,0.365291070302445
12965,138,0.934877173107702
100864,138,0.948718468290375
10008,138,0.491940181951614
101186,138,0.480384126208048
137,129,0.54006040275663
136,129,0.561923894956661
138,129,0.481446598922482
129,129,1
10529,129,0.941652128171944
10530,129,0.484832859520054
10528,129,0.948013517698711
12471,129,0.93815087041458
10315,129,0.559159048518354
10526,129,0.560648815077462
10527,129,0.536755119075969
17084,129,0.542071805180559
100044,129,0.489808330749022
12965,129,0.486199654078595
100864,129,0.47548337236978
10008,129,0.537516610582047
101186,129,0.964933593482912
137,10529,0.542933034628854
136,10529,0.560906337353665
138,10529,0.478714196426132
129,10529,0.941652128171944
10529,10529,1
10530,10529,0.483096903032629
10528,10529,0.914159181117313
12471,10529,0.977041666422775
10315,10529,0.560116107789373
10526,10529,0.56210763172818
10527,10529,0.537171523963025
17084,10529,0.54348228417207
100044,10529,0.492034530284157
12965,10529,0.48446804334598
100864,10529,0.472242001364607
10008,10529,0.538424868156306
101186,10529,0.942904313018071
137,10530,0.495727131145359
136,10530,0.492691032076736
138,10530,0.938275521643735
129,10530,0.484832859520054
10529,10530,0.483096903032629
10530,10530,1
10528,10530,0.479060487789601
12471,10530,0.484750911500846
10315,10530,0.495145966001263
10526,10530,0.494095815490126
10527,10530,0.491562741410681
17084,10530,0.495195891717184
100044,10530,0.366348076792568
12965,10530,0.996576278965516
100864,10530,0.939393264450037
10008,10530,0.495949423816843
101186,10530,0.483267267797488
137,10528,0.537710661466715
136,10528,0.554579464603216
138,10528,0.480158434804373
129,10528,0.948013517698711
10529,10528,0.914159181117313
10530,10528,0.479060487789601
10528,10528,1
12471,10528,0.916809877117673
10315,10528,0.555760195128924
10526,10528,0.559726369581226
10527,10528,0.534407855193858
17084,10528,0.539717276324757
100044,10528,0.482368686329333
12965,10528,0.480426343521576
100864,10528,0.471232463039581
10008,10528,0.535167350779153
101186,10528,0.946428675928182
137,12471,0.546946691875299
136,12471,0.559517029193144
138,12471,0.480365554170916
129,12471,0.93815087041458
10529,12471,0.977041666422775
10530,12471,0.484750911500846
10528,12471,0.916809877117673
12471,12471,1
10315,12471,0.559221005725303
10526,12471,0.561708643651127
10527,12471,0.536300463603382
17084,12471,0.545053621065875
100044,12471,0.486930103808132
12965,12471,0.486120552719162
100864,12471,0.475884940084311
10008,12471,0.538042690276738
101186,12471,0.939405498059919
137,10315,0.533622846115306
136,10315,0.930942740459117
138,10315,0.493193784873471
129,10315,0.559159048518354
10529,10315,0.560116107789373
10530,10315,0.495145966001263
10528,10315,0.555760195128924
12471,10315,0.559221005725303
10315,10315,1
10526,10315,0.967032967032967
10527,10315,0.538310054521971
17084,10315,0.53210424679971
100044,10315,0.441120663004255
12965,10315,0.49501557864785
100864,10315,0.481694626551348
10008,10315,0.537037067060071
101186,10315,0.556021422027076
137,10526,0.533108758594963
136,10526,0.930942740459117
138,10526,0.492146664311107
129,10526,0.560648815077462
10529,10526,0.56210763172818
10530,10526,0.494095815490126
10528,10526,0.559726369581226
12471,10526,0.561708643651127
10315,10526,0.967032967032967
10526,10526,1
10527,10526,0.540885700715856
17084,10526,0.531589639210928
100044,10526,0.441120663004255
12965,10526,0.493965704674047
100864,10526,0.480648601303679
10008,10526,0.541160192335005
101186,10526,0.558501446210961
137,10527,0.957997914239898
136,10527,0.537235972891707
138,10527,0.489629060059095
129,10527,0.536755119075969
10529,10527,0.537171523963025
10530,10527,0.491562741410681
10528,10527,0.534407855193858
12471,10527,0.536300463603382
10315,10527,0.538310054521971
10526,10527,0.540885700715856
10527,10527,1
17084,10527,0.90172285390065
100044,10527,0.429321056602511
12965,10527,0.491950051888082
100864,10527,0.484998016509062
10008,10527,0.991375064175745
101186,10527,0.534170772637828
137,17084,0.920627366464682
136,17084,0.533103738086795
138,17084,0.493252249734901
129,17084,0.542071805180559
10529,17084,0.54348228417207
10530,17084,0.495195891717184
10528,17084,0.539717276324757
12471,17084,0.545053621065875
10315,17084,0.53210424679971
10526,17084,0.531589639210928
10527,17084,0.90172285390065
17084,17084,1
100044,17084,0.428886300990639
12965,17084,0.495581722177377
100864,17084,0.486564233202775
10008,17084,0.899139407374536
101186,17084,0.538995405190636
137,100044,0.428452863486288
136,100044,0.442388658334257
138,100044,0.365291070302445
129,100044,0.489808330749022
10529,100044,0.492034530284157
10530,100044,0.366348076792568
10528,100044,0.482368686329333
12471,100044,0.486930103808132
10315,100044,0.441120663004255
10526,100044,0.441120663004255
10527,100044,0.429321056602511
17084,100044,0.428886300990639
100044,100044,1
12965,100044,0.366251605934597
100864,100044,0.365908717161182
10008,100044,0.429538930788878
101186,100044,0.490180413354217
137,12965,0.496112300004628
136,12965,0.49256129118388
138,12965,0.934877173107702
129,12965,0.486199654078595
10529,12965,0.48446804334598
10530,12965,0.996576278965516
10528,12965,0.480426343521576
12471,12965,0.486120552719162
10315,12965,0.49501557864785
10526,12965,0.493965704674047
10527,12965,0.491950051888082
17084,12965,0.495581722177377
100044,12965,0.366251605934597
12965,12965,1
100864,12965,0.935997917887379
10008,12965,0.496335841389411
101186,12965,0.48463271704933
137,100864,0.487100143139346
136,100864,0.479294230202385
138,100864,0.948718468290375
129,100864,0.47548337236978
10529,100864,0.472242001364607
10530,100864,0.939393264450037
10528,100864,0.471232463039581
12471,100864,0.475884940084311
10315,100864,0.481694626551348
10526,100864,0.480648601303679
10527,100864,0.484998016509062
17084,100864,0.486564233202775
100044,100864,0.365908717161182
12965,100864,0.935997917887379
100864,100864,1
10008,100864,0.487304630638207
101186,100864,0.473436940872931
137,10008,0.953420776870068
136,10008,0.535455093273335
138,10008,0.491940181951614
129,10008,0.537516610582047
10529,10008,0.538424868156306
10530,10008,0.495949423816843
10528,10008,0.535167350779153
12471,10008,0.538042690276738
10315,10008,0.537037067060071
10526,10008,0.541160192335005
10527,10008,0.991375064175745
17084,10008,0.899139407374536
100044,10008,0.429538930788878
12965,10008,0.496335841389411
100864,10008,0.487304630638207
10008,10008,1
101186,10008,0.535907419206597
137,101186,0.537963404447284
136,101186,0.560274901878503
138,101186,0.480384126208048
129,101186,0.964933593482912
10529,101186,0.942904313018071
10530,101186,0.483267267797488
10528,101186,0.946428675928182
12471,101186,0.939405498059919
10315,101186,0.556021422027076
10526,101186,0.558501446210961
10527,101186,0.534170772637828
17084,101186,0.538995405190636
100044,101186,0.490180413354217
12965,101186,0.48463271704933
100864,101186,0.473436940872931
10008,101186,0.535907419206597
101186,101186,1
