Var1,Var2,Freq
30017,30017,1
30038,30017,0.376923076923077
102473,30017,0.318066157760814
101349,30017,0.409090909090909
100836,30017,0.358490566037736
30030,30017,0.367003367003367
102421,30017,0.411111111111111
101045,30017,0.40590405904059
101359,30017,0.423220973782772
30017,30038,0.376923076923077
30038,30038,1
102473,30038,0.345238095238095
101349,30038,0.3828125
100836,30038,0.853479853479853
30030,30038,0.388663967611336
102421,30038,0.387351778656126
101045,30038,0.37890625
101359,30038,0.382470119521912
30017,102473,0.318066157760814
30038,102473,0.345238095238095
102473,102473,1
101349,102473,0.430188679245283
100836,102473,0.333333333333333
30030,102473,0.340740740740741
102421,102473,0.348773841961853
101045,102473,0.403041825095057
101359,102473,0.385185185185185
30017,101349,0.409090909090909
30038,101349,0.3828125
102473,101349,0.430188679245283
101349,101349,1
100836,101349,0.40234375
30030,101349,0.38255033557047
102421,101349,0.430769230769231
101045,101349,0.430188679245283
101359,101349,0.50561797752809
30017,100836,0.358490566037736
30038,100836,0.853479853479853
102473,100836,0.333333333333333
101349,100836,0.40234375
100836,100836,1
30030,100836,0.397637795275591
102421,100836,0.436893203883495
101045,100836,0.366795366795367
101359,100836,0.387351778656126
30017,30030,0.367003367003367
30038,30030,0.388663967611336
102473,30030,0.340740740740741
101349,30030,0.38255033557047
100836,30030,0.397637795275591
30030,30030,1
102421,30030,0.405405405405405
101045,30030,0.406976744186047
101359,30030,0.423076923076923
30017,102421,0.411111111111111
30038,102421,0.387351778656126
102473,102421,0.348773841961853
101349,102421,0.430769230769231
100836,102421,0.436893203883495
30030,102421,0.405405405405405
102421,102421,1
101045,102421,0.54014598540146
101359,102421,0.553113553113553
30017,101045,0.40590405904059
30038,101045,0.37890625
102473,101045,0.403041825095057
101349,101045,0.430188679245283
100836,101045,0.366795366795367
30030,101045,0.406976744186047
102421,101045,0.54014598540146
101045,101045,1
101359,101045,0.648550724637681
30017,101359,0.423220973782772
30038,101359,0.382470119521912
102473,101359,0.385185185185185
101349,101359,0.50561797752809
100836,101359,0.387351778656126
30030,101359,0.423076923076923
102421,101359,0.553113553113553
101045,101359,0.648550724637681
101359,101359,1
