Var1,Var2,Freq
30017,30017,1
30038,30017,0.210025173421233
102473,30017,0.145421763152078
101349,30017,0.149500243543709
100836,30017,0.208118562250553
30030,30017,0.127730996992667
102421,30017,0.193862559643005
101045,30017,0.169203386006937
101359,30017,0.128803159836212
30017,30038,0.210025173421233
30038,30038,1
102473,30038,0.169953396375892
101349,30038,0.164525948986467
100836,30038,0.761950517794404
30030,30038,0.138018639446137
102421,30038,0.200835531504519
101045,30038,0.175614251657367
101359,30038,0.136707830282462
30017,102473,0.145421763152078
30038,102473,0.169953396375892
102473,102473,1
101349,102473,0.149477001634818
100836,102473,0.179108387141707
30030,102473,0.0943416636190443
102421,102473,0.180113025314555
101045,102473,0.148118279745018
101359,102473,0.117701545800839
30017,101349,0.149500243543709
30038,101349,0.164525948986467
102473,101349,0.149477001634818
101349,101349,1
100836,101349,0.176384409319795
30030,101349,0.113981104480644
102421,101349,0.190973221274437
101045,101349,0.15945532720812
101359,101349,0.142747471526495
30017,100836,0.208118562250553
30038,100836,0.761950517794404
102473,100836,0.179108387141707
101349,100836,0.176384409319795
100836,100836,1
30030,100836,0.145406018212126
102421,100836,0.201677656392284
101045,100836,0.178526371705591
101359,100836,0.141485058450519
30017,30030,0.127730996992667
30038,30030,0.138018639446137
102473,30030,0.0943416636190443
101349,30030,0.113981104480644
100836,30030,0.145406018212126
30030,30030,1
102421,30030,0.135329225816594
101045,30030,0.119039050155429
101359,30030,0.101145189687973
30017,102421,0.193862559643005
30038,102421,0.200835531504519
102473,102421,0.180113025314555
101349,102421,0.190973221274437
100836,102421,0.201677656392284
30030,102421,0.135329225816594
102421,102421,1
101045,102421,0.251217940051483
101359,102421,0.203743798911986
30017,101045,0.169203386006937
30038,101045,0.175614251657367
102473,101045,0.148118279745018
101349,101045,0.15945532720812
100836,101045,0.178526371705591
30030,101045,0.119039050155429
102421,101045,0.251217940051483
101045,101045,1
101359,101045,0.195426997784097
30017,101359,0.128803159836212
30038,101359,0.136707830282462
102473,101359,0.117701545800839
101349,101359,0.142747471526495
100836,101359,0.141485058450519
30030,101359,0.101145189687973
102421,101359,0.203743798911986
101045,101359,0.195426997784097
101359,101359,1
