Var1,Var2,Freq
261,261,1
262,261,0.123696974557788
142,261,0.116921679231224
140,261,0.209179671280346
143,261,0.0949853875485398
246,261,0.156548688824404
10613,261,0.825791145347868
100817,261,0.0323621677404156
10329,261,0.126705668067107
12480,261,0.15944658942604
10614,261,0.101460911267883
10616,261,0.131580773457968
100427,261,0.107398839002633
20122,261,0.088152617330784
20104,261,0.134999025118496
12659,261,0.0899694859541871
12507,261,0.135869628801788
101252,261,0.195304203067073
20174,261,0.0309134968030124
10564,261,0.188383932852109
102576,261,0.0281578902918921
104261,261,0.155148600812409
261,262,0.123696974557788
262,262,1
142,262,0.144398847521084
140,262,0.0631542612197719
143,262,0.15633950790679
246,262,0.0980236466922588
10613,262,0.123133719683824
100817,262,0.0262842788023512
10329,262,0.10379642036067
12480,262,0.0795105060002259
10614,262,0.1385268125306
10616,262,0.849792355736027
100427,262,0.138174342194323
20122,262,0.135430282196531
20104,262,0.867826518282733
12659,262,0.136796102953889
12507,262,0.103753551006329
101252,262,0.0601821281716971
20174,262,0.0263513833644633
10564,262,0.0532946726845936
102576,262,0.0265290129752283
104261,262,0.0765931011115995
261,142,0.116921679231224
262,142,0.144398847521084
142,142,1
140,142,0.0918480431194509
143,142,0.287274252982262
246,142,0.121101019779917
10613,142,0.112691362702788
100817,142,0.0226386663983565
10329,142,0.1298617862089
12480,142,0.10461370686845
10614,142,0.859399086221994
10616,142,0.139597238413527
100427,142,0.822825306467603
20122,142,0.347002906056085
20104,142,0.134771195760143
12659,142,0.330279727648423
12507,142,0.122688571760865
101252,142,0.0914297269846922
20174,142,0.0238684134364199
10564,142,0.0861430519333668
102576,142,0.0308201966004814
104261,142,0.103442004520437
261,140,0.209179671280346
262,140,0.0631542612197719
142,140,0.0918480431194509
140,140,1
143,140,0.119437675449068
246,140,0.247773416861801
10613,140,0.190491808702416
100817,140,0.0262668666094154
10329,140,0.226250416802647
12480,140,0.248750885783256
10614,140,0.0843474938014093
10616,140,0.0639382732530708
100427,140,0.0920739919064346
20122,140,0.0688197505755111
20104,140,0.0674735494909946
12659,140,0.0798285614290633
12507,140,0.222829784658345
101252,140,0.903188704606853
20174,140,0.027958596094828
10564,140,0.837533653583279
102576,140,0.0265833340833992
104261,140,0.252494115028684
261,143,0.0949853875485398
262,143,0.15633950790679
142,143,0.287274252982262
140,143,0.119437675449068
143,143,1
246,143,0.143843718249991
10613,143,0.0865345394559432
100817,143,0.0251525888435208
10329,143,0.127037178788292
12480,143,0.133986667567835
10614,143,0.277515214204523
10616,143,0.162248690504073
100427,143,0.287980955779496
20122,143,0.257423121368657
20104,143,0.164668887840601
12659,143,0.255151402346778
12507,143,0.144479385832771
101252,143,0.125388766777608
20174,143,0.0233020366639607
10564,143,0.109060236612817
102576,143,0.0279512814472713
104261,143,0.130190822605917
261,246,0.156548688824404
262,246,0.0980236466922588
142,246,0.121101019779917
140,246,0.247773416861801
143,246,0.143843718249991
246,246,1
10613,246,0.147474461557454
100817,246,0.0204046882755098
10329,246,0.214965182102712
12480,246,0.749149780514756
10614,246,0.116610630479498
10616,246,0.096163041617399
100427,246,0.12084205588429
20122,246,0.107712796013743
20104,246,0.0991401368291933
12659,246,0.1069563123978
12507,246,0.236543227120368
101252,246,0.243548497824652
20174,246,0.0238145411187126
10564,246,0.232276151880273
102576,246,0.0202456149735858
104261,246,0.745888171388629
261,10613,0.825791145347868
262,10613,0.123133719683824
142,10613,0.112691362702788
140,10613,0.190491808702416
143,10613,0.0865345394559432
246,10613,0.147474461557454
10613,10613,1
100817,10613,0.0283515255450403
10329,10613,0.121227003695216
12480,10613,0.149302910692032
10614,10613,0.100850283486991
10616,10613,0.128425903421713
100427,10613,0.102135982447229
20122,10613,0.0794128962717031
20104,10613,0.132205840517783
12659,10613,0.0806894930827603
12507,10613,0.132178799874278
101252,10613,0.178346590245988
20174,10613,0.0323540646009957
10564,10613,0.175993068282961
102576,10613,0.0305980870030845
104261,10613,0.148692687721188
261,100817,0.0323621677404156
262,100817,0.0262842788023512
142,100817,0.0226386663983565
140,100817,0.0262668666094154
143,100817,0.0251525888435208
246,100817,0.0204046882755098
10613,100817,0.0283515255450403
100817,100817,1
10329,100817,0.0313816982336742
12480,100817,0.02474250317105
10614,100817,0.0230462061390061
10616,100817,0.0234481140740753
100427,100817,0.0226943581587676
20122,100817,0.0197918277336285
20104,100817,0.0222416153664905
12659,100817,0.0177653875361699
12507,100817,0.0218460848072532
101252,100817,0.02911263997401
20174,100817,0.786943812222317
10564,100817,0.0291436108763574
102576,100817,0.676617541077707
104261,100817,0.0225781490158871
261,10329,0.126705668067107
262,10329,0.10379642036067
142,10329,0.1298617862089
140,10329,0.226250416802647
143,10329,0.127037178788292
246,10329,0.214965182102712
10613,10329,0.121227003695216
100817,10329,0.0313816982336742
10329,10329,1
12480,10329,0.185848455177955
10614,10329,0.135347157613685
10616,10329,0.102198024002253
100427,10329,0.141546279631797
20122,10329,0.0968622055610435
20104,10329,0.105297252456649
12659,10329,0.104845085178511
12507,10329,0.792195488311811
101252,10329,0.234581055030769
20174,10329,0.0328922839790572
10564,10329,0.230246063895165
102576,10329,0.0296543324272513
104261,10329,0.191530911497272
261,12480,0.15944658942604
262,12480,0.0795105060002259
142,12480,0.10461370686845
140,12480,0.248750885783256
143,12480,0.133986667567835
246,12480,0.749149780514756
10613,12480,0.149302910692032
100817,12480,0.02474250317105
10329,12480,0.185848455177955
12480,12480,1
10614,12480,0.10463016916166
10616,12480,0.0808958996908029
100427,12480,0.104871059549748
20122,12480,0.0869776661567916
20104,12480,0.0825176878560528
12659,12480,0.0878094487164058
12507,12480,0.218254491179502
101252,12480,0.240666715386392
20174,12480,0.0286261471045752
10564,12480,0.233772068832767
102576,12480,0.0229485509222688
104261,12480,0.930681968408129
261,10614,0.101460911267883
262,10614,0.1385268125306
142,10614,0.859399086221994
140,10614,0.0843474938014093
143,10614,0.277515214204523
246,10614,0.116610630479498
10613,10614,0.100850283486991
100817,10614,0.0230462061390061
10329,10614,0.135347157613685
12480,10614,0.10463016916166
10614,10614,1
10616,10614,0.133416329825355
100427,10614,0.894105157870443
20122,10614,0.339860650156048
20104,10614,0.131276166575244
12659,10614,0.338801744975693
12507,10614,0.126341389288508
101252,10614,0.0850746179261451
20174,10614,0.0221972185074453
10564,10614,0.0824869743466765
102576,10614,0.0244256220346785
104261,10614,0.102357599788502
261,10616,0.131580773457968
262,10616,0.849792355736027
142,10616,0.139597238413527
140,10616,0.0639382732530708
143,10616,0.162248690504073
246,10616,0.096163041617399
10613,10616,0.128425903421713
100817,10616,0.0234481140740753
10329,10616,0.102198024002253
12480,10616,0.0808958996908029
10614,10616,0.133416329825355
10616,10616,1
100427,10616,0.129846571787475
20122,10616,0.138553766233346
20104,10616,0.956132902731665
12659,10616,0.140816020165179
12507,10616,0.105811966472625
101252,10616,0.0623687805080241
20174,10616,0.0218014504900324
10564,10616,0.0529341322051761
102576,10616,0.024143250865521
104261,10616,0.0780459046822503
261,100427,0.107398839002633
262,100427,0.138174342194323
142,100427,0.822825306467603
140,100427,0.0920739919064346
143,100427,0.287980955779496
246,100427,0.12084205588429
10613,100427,0.102135982447229
100817,100427,0.0226943581587676
10329,100427,0.141546279631797
12480,100427,0.104871059549748
10614,100427,0.894105157870443
10616,100427,0.129846571787475
100427,100427,1
20122,100427,0.325170246746602
20104,100427,0.132278289260579
12659,100427,0.325131481307179
12507,100427,0.130542430558928
101252,100427,0.0938112266245419
20174,100427,0.0254875954360659
10564,100427,0.0906727145945055
102576,100427,0.0251357411445725
104261,100427,0.10871404614114
261,20122,0.088152617330784
262,20122,0.135430282196531
142,20122,0.347002906056085
140,20122,0.0688197505755111
143,20122,0.257423121368657
246,20122,0.107712796013743
10613,20122,0.0794128962717031
100817,20122,0.0197918277336285
10329,20122,0.0968622055610435
12480,20122,0.0869776661567916
10614,20122,0.339860650156048
10616,20122,0.138553766233346
100427,20122,0.325170246746602
20122,20122,1
20104,20122,0.138436742147299
12659,20122,0.711233607548939
12507,20122,0.103273980198391
101252,20122,0.0723597955890365
20174,20122,0.0205326797237488
10564,20122,0.0617843073348755
102576,20122,0.021704640900152
104261,20122,0.086928261059845
261,20104,0.134999025118496
262,20104,0.867826518282733
142,20104,0.134771195760143
140,20104,0.0674735494909946
143,20104,0.164668887840601
246,20104,0.0991401368291933
10613,20104,0.132205840517783
100817,20104,0.0222416153664905
10329,20104,0.105297252456649
12480,20104,0.0825176878560528
10614,20104,0.131276166575244
10616,20104,0.956132902731665
100427,20104,0.132278289260579
20122,20104,0.138436742147299
20104,20104,1
12659,20104,0.139813730628639
12507,20104,0.10902472197962
101252,20104,0.0658437728108697
20174,20104,0.0223678162468295
10564,20104,0.056166001035896
102576,20104,0.0243200808690405
104261,20104,0.079593927183831
261,12659,0.0899694859541871
262,12659,0.136796102953889
142,12659,0.330279727648423
140,12659,0.0798285614290633
143,12659,0.255151402346778
246,12659,0.1069563123978
10613,12659,0.0806894930827603
100817,12659,0.0177653875361699
10329,12659,0.104845085178511
12480,12659,0.0878094487164058
10614,12659,0.338801744975693
10616,12659,0.140816020165179
100427,12659,0.325131481307179
20122,12659,0.711233607548939
20104,12659,0.139813730628639
12659,12659,1
12507,12659,0.113218789998552
101252,12659,0.081132614981311
20174,12659,0.019053766058999
10564,12659,0.0710665605109702
102576,12659,0.0222928314828069
104261,12659,0.0855517831964612
261,12507,0.135869628801788
262,12507,0.103753551006329
142,12507,0.122688571760865
140,12507,0.222829784658345
143,12507,0.144479385832771
246,12507,0.236543227120368
10613,12507,0.132178799874278
100817,12507,0.0218460848072532
10329,12507,0.792195488311811
12480,12507,0.218254491179502
10614,12507,0.126341389288508
10616,12507,0.105811966472625
100427,12507,0.130542430558928
20122,12507,0.103273980198391
20104,12507,0.10902472197962
12659,12507,0.113218789998552
12507,12507,1
101252,12507,0.222104175880707
20174,12507,0.0225559091834354
10564,12507,0.224468116861155
102576,12507,0.0196114150187195
104261,12507,0.213185493814425
261,101252,0.195304203067073
262,101252,0.0601821281716971
142,101252,0.0914297269846922
140,101252,0.903188704606853
143,101252,0.125388766777608
246,101252,0.243548497824652
10613,101252,0.178346590245988
100817,101252,0.02911263997401
10329,101252,0.234581055030769
12480,101252,0.240666715386392
10614,101252,0.0850746179261451
10616,101252,0.0623687805080241
100427,101252,0.0938112266245419
20122,101252,0.0723597955890365
20104,101252,0.0658437728108697
12659,101252,0.081132614981311
12507,101252,0.222104175880707
101252,101252,1
20174,101252,0.0363777008574186
10564,101252,0.819777177905364
102576,101252,0.034559653077159
104261,101252,0.242726632871653
261,20174,0.0309134968030124
262,20174,0.0263513833644633
142,20174,0.0238684134364199
140,20174,0.027958596094828
143,20174,0.0233020366639607
246,20174,0.0238145411187126
10613,20174,0.0323540646009957
100817,20174,0.786943812222317
10329,20174,0.0328922839790572
12480,20174,0.0286261471045752
10614,20174,0.0221972185074453
10616,20174,0.0218014504900324
100427,20174,0.0254875954360659
20122,20174,0.0205326797237488
20104,20174,0.0223678162468295
12659,20174,0.019053766058999
12507,20174,0.0225559091834354
101252,20174,0.0363777008574186
20174,20174,1
10564,20174,0.024106631350083
102576,20174,0.708649980385678
104261,20174,0.0249011978281102
261,10564,0.188383932852109
262,10564,0.0532946726845936
142,10564,0.0861430519333668
140,10564,0.837533653583279
143,10564,0.109060236612817
246,10564,0.232276151880273
10613,10564,0.175993068282961
100817,10564,0.0291436108763574
10329,10564,0.230246063895165
12480,10564,0.233772068832767
10614,10564,0.0824869743466765
10616,10564,0.0529341322051761
100427,10564,0.0906727145945055
20122,10564,0.0617843073348755
20104,10564,0.056166001035896
12659,10564,0.0710665605109702
12507,10564,0.224468116861155
101252,10564,0.819777177905364
20174,10564,0.024106631350083
10564,10564,1
102576,10564,0.0263345873503391
104261,10564,0.235838239450204
261,102576,0.0281578902918921
262,102576,0.0265290129752283
142,102576,0.0308201966004814
140,102576,0.0265833340833992
143,102576,0.0279512814472713
246,102576,0.0202456149735858
10613,102576,0.0305980870030845
100817,102576,0.676617541077707
10329,102576,0.0296543324272513
12480,102576,0.0229485509222688
10614,102576,0.0244256220346785
10616,102576,0.024143250865521
100427,102576,0.0251357411445725
20122,102576,0.021704640900152
20104,102576,0.0243200808690405
12659,102576,0.0222928314828069
12507,102576,0.0196114150187195
101252,102576,0.034559653077159
20174,102576,0.708649980385678
10564,102576,0.0263345873503391
102576,102576,1
104261,102576,0.0218687475040929
261,104261,0.155148600812409
262,104261,0.0765931011115995
142,104261,0.103442004520437
140,104261,0.252494115028684
143,104261,0.130190822605917
246,104261,0.745888171388629
10613,104261,0.148692687721188
100817,104261,0.0225781490158871
10329,104261,0.191530911497272
12480,104261,0.930681968408129
10614,104261,0.102357599788502
10616,104261,0.0780459046822503
100427,104261,0.10871404614114
20122,104261,0.086928261059845
20104,104261,0.079593927183831
12659,104261,0.0855517831964612
12507,104261,0.213185493814425
101252,104261,0.242726632871653
20174,104261,0.0249011978281102
10564,104261,0.235838239450204
102576,104261,0.0218687475040929
104261,104261,1
