Var1,Var2,Freq
261,261,1
262,261,0.305135951661631
142,261,0.349557522123894
140,261,0.350684931506849
143,261,0.307692307692308
246,261,0.406091370558376
10613,261,0.846913580246914
100817,261,0.270588235294118
10329,261,0.34703196347032
12480,261,0.420560747663551
10614,261,0.34468085106383
10616,261,0.304093567251462
100427,261,0.357446808510638
20122,261,0.319047619047619
20104,261,0.307017543859649
12659,261,0.314410480349345
12507,261,0.374407582938389
101252,261,0.342465753424658
20174,261,0.258823529411765
10564,261,0.365994236311239
102576,261,0.5
104261,261,0.411214953271028
261,262,0.305135951661631
262,262,1
142,262,0.331491712707182
140,262,0.233830845771144
143,262,0.42
246,262,0.309941520467836
10613,262,0.278551532033426
100817,262,0.245098039215686
10329,262,0.377358490566038
12480,262,0.284210526315789
10614,262,0.31767955801105
10616,262,0.877800407331976
100427,262,0.328690807799443
20122,262,0.317784256559767
20104,262,0.877800407331976
12659,262,0.315789473684211
12507,262,0.359550561797753
101252,262,0.233830845771144
20174,262,0.231707317073171
10564,262,0.228855721393035
102576,262,0.230769230769231
104261,262,0.273684210526316
261,142,0.349557522123894
262,142,0.331491712707182
142,142,1
140,142,0.229235880398671
143,142,0.44578313253012
246,142,0.267741935483871
10613,142,0.353211009174312
100817,142,0.275
10329,142,0.292604501607717
12480,142,0.278145695364238
10614,142,0.86908077994429
10616,142,0.328690807799443
100427,142,0.848571428571429
20122,142,0.456456456456456
20104,142,0.317548746518106
12659,142,0.452887537993921
12507,142,0.304761904761905
101252,142,0.222222222222222
20174,142,0.260869565217391
10564,142,0.225913621262458
102576,142,0.326086956521739
104261,142,0.264900662251656
261,140,0.350684931506849
262,140,0.233830845771144
142,140,0.229235880398671
140,140,1
143,140,0.257731958762887
246,140,0.39527027027027
10613,140,0.353801169590643
100817,140,0.174698795180723
10329,140,0.365384615384615
12480,140,0.384364820846906
10614,140,0.246710526315789
10616,140,0.237704918032787
100427,140,0.222591362126246
20122,140,0.246835443037975
20104,140,0.241803278688525
12659,140,0.258771929824561
12507,140,0.361702127659574
101252,140,0.890756302521008
20174,140,0.253012048192771
10564,140,0.830985915492958
102576,140,0.2
104261,140,0.390879478827362
261,143,0.307692307692308
262,143,0.42
142,143,0.44578313253012
140,143,0.257731958762887
143,143,1
246,143,0.341296928327645
10613,143,0.278846153846154
100817,143,0.271844660194175
10329,143,0.3
12480,143,0.306397306397306
10614,143,0.429003021148036
10616,143,0.44
100427,143,0.445454545454545
20122,143,0.419753086419753
20104,143,0.435
12659,143,0.427692307692308
12507,143,0.316129032258065
101252,143,0.273972602739726
20174,143,0.262135922330097
10564,143,0.258620689655172
102576,143,0.2421875
104261,143,0.343137254901961
261,246,0.406091370558376
262,246,0.309941520467836
142,246,0.267741935483871
140,246,0.39527027027027
143,246,0.341296928327645
246,246,1
10613,246,0.36150234741784
100817,246,0.212121212121212
10329,246,0.353135313531353
12480,246,0.757396449704142
10614,246,0.271604938271605
10616,246,0.323170731707317
100427,246,0.280645161290323
20122,246,0.302631578947368
20104,246,0.329268292682927
12659,246,0.280254777070064
12507,246,0.36963696369637
101252,246,0.405405405405405
20174,246,0.333333333333333
10564,246,0.385665529010239
102576,246,0.212121212121212
104261,246,0.768768768768769
261,10613,0.846913580246914
262,10613,0.278551532033426
142,10613,0.353211009174312
140,10613,0.353801169590643
143,10613,0.278846153846154
246,10613,0.36150234741784
10613,10613,1
100817,10613,0.25974025974026
10329,10613,0.345971563981043
12480,10613,0.372641509433962
10614,10613,0.328767123287671
10616,10613,0.284883720930233
100427,10613,0.333333333333333
20122,10613,0.299019607843137
20104,10613,0.287262872628726
12659,10613,0.293577981651376
12507,10613,0.372093023255814
101252,10613,0.347953216374269
20174,10613,0.265625
10564,10613,0.353211009174312
102576,10613,0.535714285714286
104261,10613,0.386046511627907
261,100817,0.270588235294118
262,100817,0.245098039215686
142,100817,0.275
140,100817,0.174698795180723
143,100817,0.271844660194175
246,100817,0.212121212121212
10613,100817,0.25974025974026
100817,100817,1
10329,100817,0.347826086956522
12480,100817,0.272727272727273
10614,100817,0.304347826086957
10616,100817,0.213333333333333
100427,100817,0.304347826086957
20122,100817,0.239130434782609
20104,100817,0.235294117647059
12659,100817,0.245283018867925
12507,100817,0.296296296296296
101252,100817,0.188811188811189
20174,100817,0.802631578947368
10564,100817,0.208333333333333
102576,100817,0.722666666666667
104261,100817,0.5
261,10329,0.34703196347032
262,10329,0.377358490566038
142,10329,0.292604501607717
140,10329,0.365384615384615
143,10329,0.3
246,10329,0.353135313531353
10613,10329,0.345971563981043
100817,10329,0.347826086956522
10329,10329,1
12480,10329,0.33993399339934
10614,10329,0.295819935691318
10616,10329,0.371069182389937
100427,10329,0.29903536977492
20122,10329,0.368
20104,10329,0.377358490566038
12659,10329,0.269230769230769
12507,10329,0.842818428184282
101252,10329,0.372990353697749
20174,10329,0.369565217391304
10564,10329,0.371335504885993
102576,10329,0.266666666666667
104261,10329,0.343234323432343
261,12480,0.420560747663551
262,12480,0.284210526315789
142,12480,0.278145695364238
140,12480,0.384364820846906
143,12480,0.306397306397306
246,12480,0.757396449704142
10613,12480,0.372641509433962
100817,12480,0.272727272727273
10329,12480,0.33993399339934
12480,12480,1
10614,12480,0.28476821192053
10616,12480,0.294736842105263
100427,12480,0.277227722772277
20122,12480,0.329192546583851
20104,12480,0.301587301587302
12659,12480,0.312169312169312
12507,12480,0.354304635761589
101252,12480,0.383116883116883
20174,12480,0.295454545454545
10564,12480,0.37542662116041
102576,12480,0.284090909090909
104261,12480,0.926686217008798
261,10614,0.34468085106383
262,10614,0.31767955801105
142,10614,0.86908077994429
140,10614,0.246710526315789
143,10614,0.429003021148036
246,10614,0.271604938271605
10613,10614,0.328767123287671
100817,10614,0.304347826086957
10329,10614,0.295819935691318
12480,10614,0.28476821192053
10614,10614,1
10616,10614,0.312328767123288
100427,10614,0.900552486187845
20122,10614,0.446483180428135
20104,10614,0.319277108433735
12659,10614,0.454268292682927
12507,10614,0.372781065088757
101252,10614,0.22
20174,10614,0.304347826086957
10564,10614,0.243421052631579
102576,10614,0.260869565217391
104261,10614,0.262458471760797
261,10616,0.304093567251462
262,10616,0.877800407331976
142,10616,0.328690807799443
140,10616,0.237704918032787
143,10616,0.44
246,10616,0.323170731707317
10613,10616,0.284883720930233
100817,10616,0.213333333333333
10329,10616,0.371069182389937
12480,10616,0.294736842105263
10614,10616,0.312328767123288
10616,10616,1
100427,10616,0.374407582938389
20122,10616,0.320113314447592
20104,10616,0.977459016393443
12659,10616,0.365957446808511
12507,10616,0.371428571428571
101252,10616,0.237704918032787
20174,10616,0.219512195121951
10564,10616,0.22707423580786
102576,10616,0.207692307692308
104261,10616,0.284210526315789
261,100427,0.357446808510638
262,100427,0.328690807799443
142,100427,0.848571428571429
140,100427,0.222591362126246
143,100427,0.445454545454545
246,100427,0.280645161290323
10613,100427,0.333333333333333
100817,100427,0.304347826086957
10329,100427,0.29903536977492
12480,100427,0.277227722772277
10614,100427,0.900552486187845
10616,100427,0.374407582938389
100427,100427,1
20122,100427,0.429878048780488
20104,100427,0.375609756097561
12659,100427,0.437689969604863
12507,100427,0.305466237942122
101252,100427,0.243421052631579
20174,100427,0.326086956521739
10564,100427,0.222222222222222
102576,100427,0.36
104261,100427,0.26158940397351
261,20122,0.319047619047619
262,20122,0.317784256559767
142,20122,0.456456456456456
140,20122,0.246835443037975
143,20122,0.419753086419753
246,20122,0.302631578947368
10613,20122,0.299019607843137
100817,20122,0.239130434782609
10329,20122,0.368
12480,20122,0.329192546583851
10614,20122,0.446483180428135
10616,20122,0.320113314447592
100427,20122,0.429878048780488
20122,20122,1
20104,20122,0.31728045325779
12659,20122,0.73314606741573
12507,20122,0.273273273273273
101252,20122,0.264705882352941
20174,20122,0.229508196721311
10564,20122,0.2375
102576,20122,0.229508196721311
104261,20122,0.327014218009479
261,20104,0.307017543859649
262,20104,0.877800407331976
142,20104,0.317548746518106
140,20104,0.241803278688525
143,20104,0.435
246,20104,0.329268292682927
10613,20104,0.287262872628726
100817,20104,0.235294117647059
10329,20104,0.377358490566038
12480,20104,0.301587301587302
10614,20104,0.319277108433735
10616,20104,0.977459016393443
100427,20104,0.375609756097561
20122,20104,0.31728045325779
20104,20104,1
12659,20104,0.365957446808511
12507,20104,0.377142857142857
101252,20104,0.241803278688525
20174,20104,0.219512195121951
10564,20104,0.234309623430962
102576,20104,0.230769230769231
104261,20104,0.291005291005291
261,12659,0.314410480349345
262,12659,0.315789473684211
142,12659,0.452887537993921
140,12659,0.258771929824561
143,12659,0.427692307692308
246,12659,0.280254777070064
10613,12659,0.293577981651376
100817,12659,0.245283018867925
10329,12659,0.269230769230769
12480,12659,0.312169312169312
10614,12659,0.454268292682927
10616,12659,0.365957446808511
100427,12659,0.437689969604863
20122,12659,0.73314606741573
20104,12659,0.365957446808511
12659,12659,1
12507,12659,0.28525641025641
101252,12659,0.259911894273128
20174,12659,0.529411764705882
10564,12659,0.245614035087719
102576,12659,0.264150943396226
104261,12659,0.297872340425532
261,12507,0.374407582938389
262,12507,0.359550561797753
142,12507,0.304761904761905
140,12507,0.361702127659574
143,12507,0.316129032258065
246,12507,0.36963696369637
10613,12507,0.372093023255814
100817,12507,0.296296296296296
10329,12507,0.842818428184282
12480,12507,0.354304635761589
10614,12507,0.372781065088757
10616,12507,0.371428571428571
100427,12507,0.305466237942122
20122,12507,0.273273273273273
20104,12507,0.377142857142857
12659,12507,0.28525641025641
12507,12507,1
101252,12507,0.35625
20174,12507,0.292682926829268
10564,12507,0.364820846905537
102576,12507,0.259259259259259
104261,12507,0.344370860927152
261,101252,0.342465753424658
262,101252,0.233830845771144
142,101252,0.222222222222222
140,101252,0.890756302521008
143,101252,0.273972602739726
246,101252,0.405405405405405
10613,101252,0.347953216374269
100817,101252,0.188811188811189
10329,101252,0.372990353697749
12480,101252,0.383116883116883
10614,101252,0.22
10616,101252,0.237704918032787
100427,101252,0.243421052631579
20122,101252,0.264705882352941
20104,101252,0.241803278688525
12659,101252,0.259911894273128
12507,101252,0.35625
101252,101252,1
20174,101252,0.208530805687204
10564,101252,0.806629834254144
102576,101252,0.196969696969697
104261,101252,0.38961038961039
261,20174,0.258823529411765
262,20174,0.231707317073171
142,20174,0.260869565217391
140,20174,0.253012048192771
143,20174,0.262135922330097
246,20174,0.333333333333333
10613,20174,0.265625
100817,20174,0.802631578947368
10329,20174,0.369565217391304
12480,20174,0.295454545454545
10614,20174,0.304347826086957
10616,20174,0.219512195121951
100427,20174,0.326086956521739
20122,20174,0.229508196721311
20104,20174,0.219512195121951
12659,20174,0.529411764705882
12507,20174,0.292682926829268
101252,20174,0.208530805687204
20174,20174,1
10564,20174,0.222222222222222
102576,20174,0.74025974025974
104261,20174,0.285714285714286
261,10564,0.365994236311239
262,10564,0.228855721393035
142,10564,0.225913621262458
140,10564,0.830985915492958
143,10564,0.258620689655172
246,10564,0.385665529010239
10613,10564,0.353211009174312
100817,10564,0.208333333333333
10329,10564,0.371335504885993
12480,10564,0.37542662116041
10614,10564,0.243421052631579
10616,10564,0.22707423580786
100427,10564,0.222222222222222
20122,10564,0.2375
20104,10564,0.234309623430962
12659,10564,0.245614035087719
12507,10564,0.364820846905537
101252,10564,0.806629834254144
20174,10564,0.222222222222222
10564,10564,1
102576,10564,0.21105527638191
104261,10564,0.382252559726962
261,102576,0.5
262,102576,0.230769230769231
142,102576,0.326086956521739
140,102576,0.2
143,102576,0.2421875
246,102576,0.212121212121212
10613,102576,0.535714285714286
100817,102576,0.722666666666667
10329,102576,0.266666666666667
12480,102576,0.284090909090909
10614,102576,0.260869565217391
10616,102576,0.207692307692308
100427,102576,0.36
20122,102576,0.229508196721311
20104,102576,0.230769230769231
12659,102576,0.264150943396226
12507,102576,0.259259259259259
101252,102576,0.196969696969697
20174,102576,0.74025974025974
10564,102576,0.21105527638191
102576,102576,1
104261,102576,0.285714285714286
261,104261,0.411214953271028
262,104261,0.273684210526316
142,104261,0.264900662251656
140,104261,0.390879478827362
143,104261,0.343137254901961
246,104261,0.768768768768769
10613,104261,0.386046511627907
100817,104261,0.5
10329,104261,0.343234323432343
12480,104261,0.926686217008798
10614,104261,0.262458471760797
10616,104261,0.284210526315789
100427,104261,0.26158940397351
20122,104261,0.327014218009479
20104,104261,0.291005291005291
12659,104261,0.297872340425532
12507,104261,0.344370860927152
101252,104261,0.38961038961039
20174,104261,0.285714285714286
10564,104261,0.382252559726962
102576,104261,0.285714285714286
104261,104261,1
