Var1,Var2,Freq
176,176,1
10541,176,0.145227799028969
11000,176,0.851990337785838
10545,176,0.1176520444626
100848,176,0.439037514467856
10544,176,0.118486234548064
11907,176,0.14169806943359
10012,176,0.11511588452189
100826,176,0.115043197662164
10871,176,0.050747472258613
102849,176,0.144633817811714
101301,176,0.125120696937144
104138,176,0.420562174944421
176,10541,0.145227799028969
10541,10541,1
11000,10541,0.149910740416083
10545,10541,0.303485578828958
100848,10541,0.151742167045709
10544,10541,0.309039658730017
11907,10541,0.484485252161491
10012,10541,0.304784783253214
100826,10541,0.309912854030501
10871,10541,0.137423446934591
102849,10541,0.483610618891508
101301,10541,0.310905486620319
104138,10541,0.15035210717377
176,11000,0.851990337785838
10541,11000,0.149910740416083
11000,11000,1
10545,11000,0.11632777102071
100848,11000,0.43730219423412
10544,11000,0.115547606127192
11907,11000,0.142592117985349
10012,11000,0.109154691741647
100826,11000,0.107912894391772
10871,11000,0.0567673520396015
102849,11000,0.138556771021176
101301,11000,0.123795276297579
104138,11000,0.421630647964738
176,10545,0.1176520444626
10541,10545,0.303485578828958
11000,10545,0.11632777102071
10545,10545,1
100848,10545,0.150614975044359
10544,10545,0.957107988134283
11907,10545,0.268359109105278
10012,10545,0.252482882032052
100826,10545,0.252479599193839
10871,10545,0.17581651650132
102849,10545,0.271403066283961
101301,10545,0.847246474425218
104138,10545,0.154669643127113
176,100848,0.439037514467856
10541,100848,0.151742167045709
11000,100848,0.43730219423412
10545,100848,0.150614975044359
100848,100848,1
10544,100848,0.150848526921634
11907,100848,0.155666882027239
10012,100848,0.120986735760256
100826,100848,0.12726762397382
10871,100848,0.0594154761702985
102849,100848,0.162496281811646
101301,100848,0.150272206655296
104138,100848,0.854521092510668
176,10544,0.118486234548064
10541,10544,0.309039658730017
11000,10544,0.115547606127192
10545,10544,0.957107988134283
100848,10544,0.150848526921634
10544,10544,1
11907,10544,0.26729482915611
10012,10544,0.249246389657372
100826,10544,0.24868603126039
10871,10544,0.176988024632627
102849,10544,0.273407402439256
101301,10544,0.842357645994228
104138,10544,0.156524189463308
176,11907,0.14169806943359
10541,11907,0.484485252161491
11000,11907,0.142592117985349
10545,11907,0.268359109105278
100848,11907,0.155666882027239
10544,11907,0.26729482915611
11907,11907,1
10012,11907,0.305608575519694
100826,11907,0.333898353410239
10871,11907,0.109284511152111
102849,11907,0.88788800304632
101301,11907,0.29290322728913
104138,11907,0.166643258487734
176,10012,0.11511588452189
10541,10012,0.304784783253214
11000,10012,0.109154691741647
10545,10012,0.252482882032052
100848,10012,0.120986735760256
10544,10012,0.249246389657372
11907,10012,0.305608575519694
10012,10012,1
100826,10012,0.884303348521991
10871,10012,0.11741356556612
102849,10012,0.304618421667727
101301,10012,0.266630610870157
104138,10012,0.126466427133717
176,100826,0.115043197662164
10541,100826,0.309912854030501
11000,100826,0.107912894391772
10545,100826,0.252479599193839
100848,100826,0.12726762397382
10544,100826,0.24868603126039
11907,100826,0.333898353410239
10012,100826,0.884303348521991
100826,100826,1
10871,100826,0.120624910560999
102849,100826,0.329257827891863
101301,100826,0.266121572235168
104138,100826,0.140805434834642
176,10871,0.050747472258613
10541,10871,0.137423446934591
11000,10871,0.0567673520396015
10545,10871,0.17581651650132
100848,10871,0.0594154761702985
10544,10871,0.176988024632627
11907,10871,0.109284511152111
10012,10871,0.11741356556612
100826,10871,0.120624910560999
10871,10871,1
102849,10871,0.107861017562126
101301,10871,0.178514986416528
104138,10871,0.0598353102149343
176,102849,0.144633817811714
10541,102849,0.483610618891508
11000,102849,0.138556771021176
10545,102849,0.271403066283961
100848,102849,0.162496281811646
10544,102849,0.273407402439256
11907,102849,0.88788800304632
10012,102849,0.304618421667727
100826,102849,0.329257827891863
10871,102849,0.107861017562126
102849,102849,1
101301,102849,0.295583270976262
104138,102849,0.174603267580047
176,101301,0.125120696937144
10541,101301,0.310905486620319
11000,101301,0.123795276297579
10545,101301,0.847246474425218
100848,101301,0.150272206655296
10544,101301,0.842357645994228
11907,101301,0.29290322728913
10012,101301,0.266630610870157
100826,101301,0.266121572235168
10871,101301,0.178514986416528
102849,101301,0.295583270976262
101301,101301,1
104138,101301,0.157689749843395
176,104138,0.420562174944421
10541,104138,0.15035210717377
11000,104138,0.421630647964738
10545,104138,0.154669643127113
100848,104138,0.854521092510668
10544,104138,0.156524189463308
11907,104138,0.166643258487734
10012,104138,0.126466427133717
100826,104138,0.140805434834642
10871,104138,0.0598353102149343
102849,104138,0.174603267580047
101301,104138,0.157689749843395
104138,104138,1
