Var1,Var2,Freq
176,176,1
10541,176,0.258503401360544
11000,176,0.86646884272997
10545,176,0.244755244755245
100848,176,0.474522292993631
10544,176,0.241258741258741
11907,176,0.252631578947368
10012,176,0.224489795918367
100826,176,0.232704402515723
10871,176,0.220833333333333
102849,176,0.256140350877193
101301,176,0.248251748251748
104138,176,0.454248366013072
176,10541,0.258503401360544
10541,10541,1
11000,10541,0.261744966442953
10545,10541,0.42560553633218
100848,10541,0.274647887323944
10544,10541,0.432525951557093
11907,10541,0.584126984126984
10012,10541,0.432885906040268
100826,10541,0.442953020134228
10871,10541,0.34297520661157
102849,10541,0.568253968253968
101301,10541,0.429065743944637
104138,10541,0.272727272727273
176,11000,0.86646884272997
10541,11000,0.261744966442953
11000,11000,1
10545,11000,0.22884012539185
100848,11000,0.465189873417722
10544,11000,0.225705329153605
11907,11000,0.246478873239437
10012,11000,0.234527687296417
100826,11000,0.226837060702875
10871,11000,0.2375
102849,11000,0.246478873239437
101301,11000,0.244372990353698
104138,11000,0.443037974683544
176,10545,0.244755244755245
10541,10545,0.42560553633218
11000,10545,0.22884012539185
10545,10545,1
100848,10545,0.267361111111111
10544,10545,0.951742627345844
11907,10545,0.376996805111821
10012,10545,0.366883116883117
100826,10545,0.37248322147651
10871,10545,0.321192052980132
102849,10545,0.379421221864952
101301,10545,0.839335180055402
104138,10545,0.263888888888889
176,100848,0.474522292993631
10541,100848,0.274647887323944
11000,100848,0.465189873417722
10545,100848,0.267361111111111
100848,100848,1
10544,100848,0.270833333333333
11907,100848,0.256055363321799
10012,100848,0.233108108108108
100826,100848,0.228956228956229
10871,100848,0.257425742574257
102849,100848,0.262068965517241
101301,100848,0.270833333333333
104138,100848,0.831360946745562
176,10544,0.241258741258741
10541,10544,0.432525951557093
11000,10544,0.225705329153605
10545,10544,0.951742627345844
100848,10544,0.270833333333333
10544,10544,1
11907,10544,0.365625
10012,10544,0.363934426229508
100826,10544,0.369491525423729
10871,10544,0.324503311258278
102849,10544,0.371875
101301,10544,0.839335180055402
104138,10544,0.274305555555556
176,11907,0.252631578947368
10541,11907,0.584126984126984
11000,11907,0.246478873239437
10545,11907,0.376996805111821
100848,11907,0.256055363321799
10544,11907,0.365625
11907,11907,1
10012,11907,0.419795221843003
100826,11907,0.456375838926175
10871,11907,0.310043668122271
102849,11907,0.896551724137931
101301,11907,0.401253918495298
104138,11907,0.268211920529801
176,10012,0.224489795918367
10541,10012,0.432885906040268
11000,10012,0.234527687296417
10545,10012,0.366883116883117
100848,10012,0.233108108108108
10544,10012,0.363934426229508
11907,10012,0.419795221843003
10012,10012,1
100826,10012,0.880368098159509
10871,10012,0.341880341880342
102849,10012,0.409556313993174
101301,10012,0.383116883116883
104138,10012,0.235690235690236
176,100826,0.232704402515723
10541,100826,0.442953020134228
11000,100826,0.226837060702875
10545,100826,0.37248322147651
100848,100826,0.228956228956229
10544,100826,0.369491525423729
11907,100826,0.456375838926175
10012,100826,0.880368098159509
100826,100826,1
10871,100826,0.333333333333333
102849,100826,0.449664429530201
101301,100826,0.381107491856677
104138,100826,0.242424242424242
176,10871,0.220833333333333
10541,10871,0.34297520661157
11000,10871,0.2375
10545,10871,0.321192052980132
100848,10871,0.257425742574257
10544,10871,0.324503311258278
11907,10871,0.310043668122271
10012,10871,0.341880341880342
100826,10871,0.333333333333333
10871,10871,1
102849,10871,0.374045801526718
101301,10871,0.32890365448505
104138,10871,0.267326732673267
176,102849,0.256140350877193
10541,102849,0.568253968253968
11000,102849,0.246478873239437
10545,102849,0.379421221864952
100848,102849,0.262068965517241
10544,102849,0.371875
11907,102849,0.896551724137931
10012,102849,0.409556313993174
100826,102849,0.449664429530201
10871,102849,0.374045801526718
102849,102849,1
101301,102849,0.395136778115502
104138,102849,0.278145695364238
176,101301,0.248251748251748
10541,101301,0.429065743944637
11000,101301,0.244372990353698
10545,101301,0.839335180055402
100848,101301,0.270833333333333
10544,101301,0.839335180055402
11907,101301,0.401253918495298
10012,101301,0.383116883116883
100826,101301,0.381107491856677
10871,101301,0.32890365448505
102849,101301,0.395136778115502
101301,101301,1
104138,101301,0.26962457337884
176,104138,0.454248366013072
10541,104138,0.272727272727273
11000,104138,0.443037974683544
10545,104138,0.263888888888889
100848,104138,0.831360946745562
10544,104138,0.274305555555556
11907,104138,0.268211920529801
10012,104138,0.235690235690236
100826,104138,0.242424242424242
10871,104138,0.267326732673267
102849,104138,0.278145695364238
101301,104138,0.26962457337884
104138,104138,1
