Var1,Var2,Freq
10682,10682,1
100862,10682,0.282392026578073
102733,10682,0.56797583081571
101356,10682,0.335526315789474
102734,10682,0.778042959427208
103469,10682,0.283333333333333
10682,100862,0.282392026578073
100862,100862,1
102733,100862,0.286135693215339
101356,100862,0.26797385620915
102734,100862,0.273927392739274
103469,100862,0.831658291457286
10682,102733,0.56797583081571
100862,102733,0.286135693215339
102733,102733,1
101356,102733,0.295081967213115
102734,102733,0.577380952380952
103469,102733,0.290969899665552
10682,101356,0.335526315789474
100862,101356,0.26797385620915
102733,101356,0.295081967213115
101356,101356,1
102734,101356,0.322981366459627
103469,101356,0.275167785234899
10682,102734,0.778042959427208
100862,102734,0.273927392739274
102733,102734,0.577380952380952
101356,102734,0.322981366459627
102734,102734,1
103469,102734,0.270029673590504
10682,103469,0.283333333333333
100862,103469,0.831658291457286
102733,103469,0.290969899665552
101356,103469,0.275167785234899
102734,103469,0.270029673590504
103469,103469,1
