Var1,Var2,Freq
10682,10682,1
100862,10682,0.121563827347531
102733,10682,0.449835583854412
101356,10682,0.193347688720884
102734,10682,0.696589523241746
103469,10682,0.118469902408536
10682,100862,0.121563827347531
100862,100862,1
102733,100862,0.130792534000629
101356,100862,0.126042690206791
102734,100862,0.113941922253989
103469,100862,0.814448017786571
10682,102733,0.449835583854412
100862,102733,0.130792534000629
102733,102733,1
101356,102733,0.166194116126186
102734,102733,0.418733615236932
103469,102733,0.127258299532729
10682,101356,0.193347688720884
100862,101356,0.126042690206791
102733,101356,0.166194116126186
101356,101356,1
102734,101356,0.177721112893932
103469,101356,0.126634693175506
10682,102734,0.696589523241746
100862,102734,0.113941922253989
102733,102734,0.418733615236932
101356,102734,0.177721112893932
102734,102734,1
103469,102734,0.118621661802261
10682,103469,0.118469902408536
100862,103469,0.814448017786571
102733,103469,0.127258299532729
101356,103469,0.126634693175506
102734,103469,0.118621661802261
103469,103469,1
