Var1,Var2,Freq
11140,11140,1
11107,11140,0.902592682335837
11119,11140,0.859673040967086
20151,11140,0.0782779765806113
100186,11140,0.524053772168737
101548,11140,0.521011981437388
20154,11140,0.0744493247175419
11140,11107,0.902592682335837
11107,11107,1
11119,11107,0.826198187791731
20151,11107,0.079852533580796
100186,11107,0.528437121564201
101548,11107,0.530242030525789
20154,11107,0.0760479298495136
11140,11119,0.859673040967086
11107,11119,0.826198187791731
11119,11119,1
20151,11119,0.0797145635050849
100186,11119,0.524138555688447
101548,11119,0.521094690939557
20154,11119,0.076588230058229
11140,20151,0.0782779765806113
11107,20151,0.079852533580796
11119,20151,0.0797145635050849
20151,20151,1
100186,20151,0.0734702912224032
101548,20151,0.0782428578505677
20154,20151,0.606958959801311
11140,100186,0.524053772168737
11107,100186,0.528437121564201
11119,100186,0.524138555688447
20151,100186,0.0734702912224032
100186,100186,1
101548,100186,0.903701247595408
20154,100186,0.0702316129494699
11140,101548,0.521011981437388
11107,101548,0.530242030525789
11119,101548,0.521094690939557
20151,101548,0.0782428578505677
100186,101548,0.903701247595408
101548,101548,1
20154,101548,0.0734857410786547
11140,20154,0.0744493247175419
11107,20154,0.0760479298495136
11119,20154,0.076588230058229
20151,20154,0.606958959801311
100186,20154,0.0702316129494699
101548,20154,0.0734857410786547
20154,20154,1
