Var1,Var2,Freq
12,12,1
42,12,0.425
11,12,0.307392996108949
11399,12,0.357142857142857
23,12,0.352226720647773
193,12,0.347457627118644
194,12,0.345991561181435
235,12,0.347280334728033
10373,12,0.368421052631579
10444,12,0.404081632653061
12619,12,0.352459016393443
13005,12,0.383399209486166
11685,12,0.382239382239382
11199,12,0.388679245283019
17035,12,0.377510040160643
12809,12,0.788437884378844
11287,12,0.362869198312236
11288,12,0.384313725490196
208,12,0.365853658536585
12703,12,0.390041493775934
10081,12,0.381526104417671
17034,12,0.360169491525424
10747,12,0.306483300589391
12029,12,0.350597609561753
10443,12,0.397489539748954
12847,12,0.333333333333333
10684,12,0.329588014981273
11692,12,0.294573643410853
11942,12,0.343575418994413
12725,12,0.429166666666667
10908,12,0.781481481481482
10074,12,0.338842975206612
10494,12,0.326359832635983
18025,12,0.397489539748954
10403,12,0.313953488372093
10407,12,0.390946502057613
12000,12,0.346774193548387
10909,12,0.37890625
101036,12,0.365145228215768
20023,12,0.372881355932203
101521,12,0.439024390243902
12857,12,0.414634146341463
12,42,0.425
42,42,1
11,42,0.350194552529183
11399,42,0.372727272727273
23,42,0.390557939914163
193,42,0.411016949152542
194,42,0.337254901960784
235,42,0.330434782608696
10373,42,0.412451361867704
10444,42,0.791304347826087
12619,42,0.384
13005,42,0.427385892116183
11685,42,0.330508474576271
11199,42,0.347328244274809
17035,42,0.381974248927039
12809,42,0.41025641025641
11287,42,0.36480686695279
11288,42,0.364016736401674
208,42,0.365853658536585
12703,42,0.37344398340249
10081,42,0.427350427350427
17034,42,0.365546218487395
10747,42,0.334630350194553
12029,42,0.317460317460317
10443,42,0.727642276422764
12847,42,0.323651452282158
10684,42,0.306513409961686
11692,42,0.298387096774194
11942,42,0.381395348837209
12725,42,0.411522633744856
10908,42,0.411764705882353
10074,42,0.350649350649351
10494,42,0.357429718875502
18025,42,0.784552845528455
10403,42,0.342412451361868
10407,42,0.777327935222672
12000,42,0.382352941176471
10909,42,0.41025641025641
101036,42,0.37603305785124
20023,42,0.352941176470588
101521,42,0.3
12857,42,0.345833333333333
12,11,0.307392996108949
42,11,0.350194552529183
11,11,1
11399,11,0.32319391634981
23,11,0.387351778656126
193,11,0.374015748031496
194,11,0.407114624505929
235,11,0.375
10373,11,0.281368821292776
10444,11,0.373540856031128
12619,11,0.291079812206573
13005,11,0.300380228136882
11685,11,0.33587786259542
11199,11,0.346153846153846
17035,11,0.35546875
12809,11,0.306640625
11287,11,0.37109375
11288,11,0.28125
208,11,0.295454545454545
12703,11,0.335907335907336
10081,11,0.3515625
17034,11,0.396078431372549
10747,11,0.797101449275362
12029,11,0.315384615384615
10443,11,0.357976653696498
12847,11,0.395604395604396
10684,11,0.32183908045977
11692,11,0.347490347490347
11942,11,0.266666666666667
12725,11,0.3
10908,11,0.317120622568093
10074,11,0.273972602739726
10494,11,0.312925170068027
18025,11,0.357976653696498
10403,11,0.810897435897436
10407,11,0.350194552529183
12000,11,0.33852140077821
10909,11,0.3671875
101036,11,0.359550561797753
20023,11,0.403162055335968
101521,11,0.30327868852459
12857,11,0.342307692307692
12,11399,0.357142857142857
42,11399,0.372727272727273
11,11399,0.32319391634981
11399,11399,1
23,11399,0.326612903225806
193,11399,0.328888888888889
194,11399,0.337254901960784
235,11399,0.281818181818182
10373,11399,0.299610894941634
10444,11399,0.395454545454545
12619,11399,0.3
13005,11399,0.319230769230769
11685,11399,0.313653136531365
11199,11399,0.315985130111524
17035,11399,0.338645418326693
12809,11399,0.360515021459227
11287,11399,0.368421052631579
11288,11399,0.332695984703633
208,11399,0.288537549407115
12703,11399,0.345381526104418
10081,11399,0.334661354581673
17034,11399,0.333333333333333
10747,11399,0.319391634980989
12029,11399,0.347014925373134
10443,11399,0.390909090909091
12847,11399,0.34051724137931
10684,11399,0.287234042553192
11692,11399,0.508771929824561
11942,11399,0.429347826086956
12725,11399,0.374074074074074
10908,11399,0.362445414847162
10074,11399,0.306306306306306
10494,11399,0.307017543859649
18025,11399,0.390909090909091
10403,11399,0.330798479087453
10407,11399,0.386363636363636
12000,11399,0.3
10909,11399,0.358870967741935
101036,11399,0.333333333333333
20023,11399,0.338461538461538
101521,11399,0.407407407407407
12857,11399,0.342205323193916
12,23,0.352226720647773
42,23,0.390557939914163
11,23,0.387351778656126
11399,23,0.326612903225806
23,23,1
193,23,0.395061728395062
194,23,0.355932203389831
235,23,0.285714285714286
10373,23,0.352697095435685
10444,23,0.386554621848739
12619,23,0.297413793103448
13005,23,0.350806451612903
11685,23,0.389344262295082
11199,23,0.372384937238494
17035,23,0.389830508474576
12809,23,0.365079365079365
11287,23,0.585326953748006
11288,23,0.358267716535433
208,23,0.344
12703,23,0.398340248962656
10081,23,0.397435897435897
17034,23,0.34412955465587
10747,23,0.379446640316206
12029,23,0.387351778656126
10443,23,0.383928571428571
12847,23,0.379591836734694
10684,23,0.293436293436293
11692,23,0.308300395256917
11942,23,0.324324324324324
12725,23,0.391836734693878
10908,23,0.385542168674699
10074,23,0.282258064516129
10494,23,0.286274509803922
18025,23,0.41743119266055
10403,23,0.403162055335968
10407,23,0.413636363636364
12000,23,0.386454183266932
10909,23,0.393162393162393
101036,23,0.39453125
20023,23,0.341666666666667
101521,23,0.279661016949153
12857,23,0.388679245283019
12,193,0.347457627118644
42,193,0.411016949152542
11,193,0.374015748031496
11399,193,0.328888888888889
23,193,0.395061728395062
193,193,1
194,193,0.448275862068966
235,193,0.319526627218935
10373,193,0.323770491803279
10444,193,0.411016949152542
12619,193,0.311203319502075
13005,193,0.292181069958848
11685,193,0.373493975903614
11199,193,0.361344537815126
17035,193,0.319327731092437
12809,193,0.340248962655602
11287,193,0.381742738589212
11288,193,0.345238095238095
208,193,0.369747899159664
12703,193,0.362139917695473
10081,193,0.34453781512605
17034,193,0.444201312910284
10747,193,0.366141732283465
12029,193,0.338645418326693
10443,193,0.411016949152542
12847,193,0.355056179775281
10684,193,0.307086614173228
11692,193,0.362903225806452
11942,193,0.307692307692308
12725,193,0.382470119521912
10908,193,0.33206106870229
10074,193,0.31063829787234
10494,193,0.294871794871795
18025,193,0.398305084745763
10403,193,0.385826771653543
10407,193,0.406779661016949
12000,193,0.404545454545455
10909,193,0.340336134453782
101036,193,0.365853658536585
20023,193,0.437229437229437
101521,193,0.30327868852459
12857,193,0.338983050847458
12,194,0.345991561181435
42,194,0.337254901960784
11,194,0.407114624505929
11399,194,0.337254901960784
23,194,0.355932203389831
193,194,0.448275862068966
194,194,1
235,194,0.289473684210526
10373,194,0.311475409836066
10444,194,0.371794871794872
12619,194,0.265822784810127
13005,194,0.28099173553719
11685,194,0.329365079365079
11199,194,0.292181069958848
17035,194,0.310924369747899
12809,194,0.348739495798319
11287,194,0.340425531914894
11288,194,0.286885245901639
208,194,0.3125
12703,194,0.330578512396694
10081,194,0.298319327731092
17034,194,0.713375796178344
10747,194,0.387351778656126
12029,194,0.306273062730627
10443,194,0.363247863247863
12847,194,0.353065539112051
10684,194,0.307692307692308
11692,194,0.370967741935484
11942,194,0.301652892561983
12725,194,0.321138211382114
10908,194,0.334558823529412
10074,194,0.274261603375527
10494,194,0.274261603375527
18025,194,0.352173913043478
10403,194,0.384615384615385
10407,194,0.358974358974359
12000,194,0.381156316916488
10909,194,0.313559322033898
101036,194,0.329218106995885
20023,194,0.75
101521,194,0.314285714285714
12857,194,0.322448979591837
12,235,0.347280334728033
42,235,0.330434782608696
11,235,0.375
11399,235,0.281818181818182
23,235,0.285714285714286
193,235,0.319526627218935
194,235,0.289473684210526
235,235,1
10373,235,0.325102880658436
10444,235,0.334782608695652
12619,235,0.350806451612903
13005,235,0.3046875
11685,235,0.360655737704918
11199,235,0.356846473029046
17035,235,0.323886639676113
12809,235,0.330472103004292
11287,235,0.282700421940928
11288,235,0.313868613138686
208,235,0.385892116182573
12703,235,0.323308270676692
10081,235,0.32618025751073
17034,235,0.261603375527426
10747,235,0.375
12029,235,0.287313432835821
10443,235,0.330434782608696
12847,235,0.342592592592593
10684,235,0.206896551724138
11692,235,0.27906976744186
11942,235,0.431372549019608
12725,235,0.308176100628931
10908,235,0.338912133891213
10074,235,0.314741035856574
10494,235,0.3625
18025,235,0.334782608695652
10403,235,0.375
10407,235,0.326086956521739
12000,235,0.342105263157895
10909,235,0.309012875536481
101036,235,0.335766423357664
20023,235,0.292035398230089
101521,235,0.363636363636364
12857,235,0.296
12,10373,0.368421052631579
42,10373,0.412451361867704
11,10373,0.281368821292776
11399,10373,0.299610894941634
23,10373,0.352697095435685
193,10373,0.323770491803279
194,10373,0.311475409836066
235,10373,0.325102880658436
10373,10373,1
10444,10373,0.407563025210084
12619,10373,0.340248962655602
13005,10373,0.60536398467433
11685,10373,0.338582677165354
11199,10373,0.356862745098039
17035,10373,0.360323886639676
12809,10373,0.380165289256198
11287,10373,0.34156378600823
11288,10373,0.318897637795276
208,10373,0.311284046692607
12703,10373,0.351351351351351
10081,10373,0.360323886639676
17034,10373,0.304166666666667
10747,10373,0.277566539923954
12029,10373,0.303149606299213
10443,10373,0.399159663865546
12847,10373,0.327935222672065
10684,10373,0.4
11692,10373,0.28099173553719
11942,10373,0.313253012048193
12725,10373,0.293388429752066
10908,10373,0.378048780487805
10074,10373,0.364754098360656
10494,10373,0.3125
18025,10373,0.415966386554622
10403,10373,0.290076335877863
10407,10373,0.390756302521008
12000,10373,0.325581395348837
10909,10373,0.352226720647773
101036,10373,0.356862745098039
20023,10373,0.308
101521,10373,0.435897435897436
12857,10373,0.329268292682927
12,10444,0.404081632653061
42,10444,0.791304347826087
11,10444,0.373540856031128
11399,10444,0.395454545454545
23,10444,0.386554621848739
193,10444,0.411016949152542
194,10444,0.371794871794872
235,10444,0.334782608695652
10373,10444,0.407563025210084
10444,10444,1
12619,10444,0.382978723404255
13005,10444,0.429166666666667
11685,10444,0.342857142857143
11199,10444,0.372950819672131
17035,10444,0.40343347639485
12809,10444,0.4149377593361
11287,10444,0.368200836820084
11288,10444,0.379166666666667
208,10444,0.386178861788618
12703,10444,0.381742738589212
10081,10444,0.435897435897436
17034,10444,0.389830508474576
10747,10444,0.350194552529183
12029,10444,0.337837837837838
10443,10444,0.822510822510823
12847,10444,0.358649789029536
10684,10444,0.302325581395349
11692,10444,0.27710843373494
11942,10444,0.371559633027523
12725,10444,0.410041841004184
10908,10444,0.422131147540984
10074,10444,0.372294372294372
10494,10444,0.365638766519824
18025,10444,0.813852813852814
10403,10444,0.362595419847328
10407,10444,0.796536796536797
12000,10444,0.380753138075314
10909,10444,0.427350427350427
101036,10444,0.388429752066116
20023,10444,0.377118644067797
101521,10444,0.32258064516129
12857,10444,0.384297520661157
12,12619,0.352459016393443
42,12619,0.384
11,12619,0.291079812206573
11399,12619,0.3
23,12619,0.297413793103448
193,12619,0.311203319502075
194,12619,0.265822784810127
235,12619,0.350806451612903
10373,12619,0.340248962655602
10444,12619,0.382978723404255
12619,12619,1
13005,12619,0.355371900826446
11685,12619,0.297520661157025
11199,12619,0.31404958677686
17035,12619,0.286324786324786
12809,12619,0.336065573770492
11287,12619,0.310344827586207
11288,12619,0.315573770491803
208,12619,0.314516129032258
12703,12619,0.308016877637131
10081,12619,0.294871794871795
17034,12619,0.278481012658228
10747,12619,0.303448275862069
12029,12619,0.326829268292683
10443,12619,0.364754098360656
12847,12619,0.290909090909091
10684,12619,0.308176100628931
11692,12619,0.326771653543307
11942,12619,0.311926605504587
12725,12619,0.305
10908,12619,0.363265306122449
10074,12619,0.541322314049587
10494,12619,0.57085020242915
18025,12619,0.368852459016393
10403,12619,0.324137931034483
10407,12619,0.356
12000,12619,0.285714285714286
10909,12619,0.290598290598291
101036,12619,0.333333333333333
20023,12619,0.265822784810127
101521,12619,0.269565217391304
12857,12619,0.313559322033898
12,13005,0.383399209486166
42,13005,0.427385892116183
11,13005,0.300380228136882
11399,13005,0.319230769230769
23,13005,0.350806451612903
193,13005,0.292181069958848
194,13005,0.28099173553719
235,13005,0.3046875
10373,13005,0.60536398467433
10444,13005,0.429166666666667
12619,13005,0.355371900826446
13005,13005,1
11685,13005,0.323420074349442
11199,13005,0.359848484848485
17035,13005,0.331983805668016
12809,13005,0.378600823045267
11287,13005,0.327868852459016
11288,13005,0.344
208,13005,0.319702602230483
12703,13005,0.334677419354839
10081,13005,0.34412955465587
17034,13005,0.278008298755187
10747,13005,0.31651376146789
12029,13005,0.271653543307087
10443,13005,0.40625
12847,13005,0.271255060728745
10684,13005,0.292307692307692
11692,13005,0.253968253968254
11942,13005,0.290196078431373
12725,13005,0.300813008130081
10908,13005,0.380952380952381
10074,13005,0.351020408163265
10494,13005,0.33195020746888
18025,13005,0.42578125
10403,13005,0.307984790874525
10407,13005,0.398340248962656
12000,13005,0.286290322580645
10909,13005,0.352226720647773
101036,13005,0.324324324324324
20023,13005,0.281632653061224
101521,13005,0.390243902439024
12857,13005,0.320833333333333
12,11685,0.382239382239382
42,11685,0.330508474576271
11,11685,0.33587786259542
11399,11685,0.313653136531365
23,11685,0.389344262295082
193,11685,0.373493975903614
194,11685,0.329365079365079
235,11685,0.360655737704918
10373,11685,0.338582677165354
10444,11685,0.342857142857143
12619,11685,0.297520661157025
13005,11685,0.323420074349442
11685,11685,1
11199,11685,0.611320754716981
17035,11685,0.442687747035573
12809,11685,0.392156862745098
11287,11685,0.380566801619433
11288,11685,0.34061135371179
208,11685,0.520661157024793
12703,11685,0.327205882352941
10081,11685,0.403162055335968
17034,11685,0.344262295081967
10747,11685,0.33969465648855
12029,11685,0.339285714285714
10443,11685,0.333333333333333
12847,11685,0.337349397590361
10684,11685,0.307971014492754
11692,11685,0.274809160305344
11942,11685,0.316602316602317
12725,11685,0.348837209302326
10908,11685,0.387596899224806
10074,11685,0.326446280991736
10494,11685,0.309917355371901
18025,11685,0.35
10403,11685,0.334586466165413
10407,11685,0.342412451361868
12000,11685,0.342629482071713
10909,11685,0.428571428571429
101036,11685,0.361111111111111
20023,11685,0.344262295081967
101521,11685,0.277777777777778
12857,11685,0.380228136882129
12,11199,0.388679245283019
42,11199,0.347328244274809
11,11199,0.346153846153846
11399,11199,0.315985130111524
23,11199,0.372384937238494
193,11199,0.361344537815126
194,11199,0.292181069958848
235,11199,0.356846473029046
10373,11199,0.356862745098039
10444,11199,0.372950819672131
12619,11199,0.31404958677686
13005,11199,0.359848484848485
11685,11199,0.611320754716981
11199,11199,1
17035,11199,0.43579766536965
12809,11199,0.391634980988593
11287,11199,0.375
11288,11199,0.347169811320755
208,11199,0.578512396694215
12703,11199,0.341911764705882
10081,11199,0.420233463035019
17034,11199,0.321138211382114
10747,11199,0.342307692307692
12029,11199,0.364705882352941
10443,11199,0.377049180327869
12847,11199,0.356
10684,11199,0.306273062730627
11692,11199,0.315384615384615
11942,11199,0.338461538461538
12725,11199,0.361867704280156
10908,11199,0.368821292775665
10074,11199,0.337448559670782
10494,11199,0.341666666666667
18025,11199,0.372950819672131
10403,11199,0.35
10407,11199,0.372950819672131
12000,11199,0.34136546184739
10909,11199,0.415094339622642
101036,11199,0.352059925093633
20023,11199,0.322314049586777
101521,11199,0.361111111111111
12857,11199,0.389763779527559
12,17035,0.377510040160643
42,17035,0.381974248927039
11,17035,0.35546875
11399,17035,0.338645418326693
23,17035,0.389830508474576
193,17035,0.319327731092437
194,17035,0.310924369747899
235,17035,0.323886639676113
10373,17035,0.360323886639676
10444,17035,0.40343347639485
12619,17035,0.286324786324786
13005,17035,0.331983805668016
11685,17035,0.442687747035573
11199,17035,0.43579766536965
17035,17035,1
12809,17035,0.382470119521912
11287,17035,0.384937238493724
11288,17035,0.350597609561753
208,17035,0.395061728395062
12703,17035,0.415966386554622
10081,17035,0.791836734693878
17034,17035,0.304166666666667
10747,17035,0.34375
12029,17035,0.317647058823529
10443,17035,0.377682403433476
12847,17035,0.357446808510638
10684,17035,0.327137546468401
11692,17035,0.278625954198473
11942,17035,0.334661354581673
12725,17035,0.383333333333333
10908,17035,0.379446640316206
10074,17035,0.333333333333333
10494,17035,0.311203319502075
18025,17035,0.412017167381974
10403,17035,0.34375
10407,17035,0.429184549356223
12000,17035,0.337448559670782
10909,17035,0.861224489795918
101036,17035,0.381742738589212
20023,17035,0.320833333333333
101521,17035,0.464285714285714
12857,17035,0.390041493775934
12,12809,0.788437884378844
42,12809,0.41025641025641
11,12809,0.306640625
11399,12809,0.360515021459227
23,12809,0.365079365079365
193,12809,0.340248962655602
194,12809,0.348739495798319
235,12809,0.330472103004292
10373,12809,0.380165289256198
10444,12809,0.4149377593361
12619,12809,0.336065573770492
13005,12809,0.378600823045267
11685,12809,0.392156862745098
11199,12809,0.391634980988593
17035,12809,0.382470119521912
12809,12809,1
11287,12809,0.375527426160338
11288,12809,0.38671875
208,12809,0.414225941422594
12703,12809,0.381742738589212
10081,12809,0.392712550607287
17034,12809,0.341772151898734
10747,12809,0.299212598425197
12029,12809,0.364754098360656
10443,12809,0.3875
12847,12809,0.331967213114754
10684,12809,0.335820895522388
11692,12809,0.316793893129771
11942,12809,0.329639889196676
12725,12809,0.406639004149378
10908,12809,0.747847478474785
10074,12809,0.318965517241379
10494,12809,0.326359832635983
18025,12809,0.393162393162393
10403,12809,0.316254416961131
10407,12809,0.382978723404255
12000,12809,0.337037037037037
10909,12809,0.385542168674699
101036,12809,0.363265306122449
20023,12809,0.367088607594937
101521,12809,0.439024390243902
12857,12809,0.413654618473896
12,11287,0.362869198312236
42,11287,0.36480686695279
11,11287,0.37109375
11399,11287,0.368421052631579
23,11287,0.585326953748006
193,11287,0.381742738589212
194,11287,0.340425531914894
235,11287,0.282700421940928
10373,11287,0.34156378600823
10444,11287,0.368200836820084
12619,11287,0.310344827586207
13005,11287,0.327868852459016
11685,11287,0.380566801619433
11199,11287,0.375
17035,11287,0.384937238493724
12809,11287,0.375527426160338
11287,11287,1
11288,11287,0.361788617886179
208,11287,0.369747899159664
12703,11287,0.402489626556017
10081,11287,0.397489539748954
17034,11287,0.340425531914894
10747,11287,0.3671875
12029,11287,0.380566801619433
10443,11287,0.373390557939914
12847,11287,0.363265306122449
10684,11287,0.312741312741313
11692,11287,0.329365079365079
11942,11287,0.320158102766798
12725,11287,0.383673469387755
10908,11287,0.393305439330544
10074,11287,0.296747967479675
10494,11287,0.310344827586207
18025,11287,0.368200836820084
10403,11287,0.37890625
10407,11287,0.384937238493724
12000,11287,0.364
10909,11287,0.394849785407725
101036,11287,0.398406374501992
20023,11287,0.344398340248963
101521,11287,0.314285714285714
12857,11287,0.4
12,11288,0.384313725490196
42,11288,0.364016736401674
11,11288,0.28125
11399,11288,0.332695984703633
23,11288,0.358267716535433
193,11288,0.345238095238095
194,11288,0.286885245901639
235,11288,0.313868613138686
10373,11288,0.318897637795276
10444,11288,0.379166666666667
12619,11288,0.315573770491803
13005,11288,0.344
11685,11288,0.34061135371179
11199,11288,0.347169811320755
17035,11288,0.350597609561753
12809,11288,0.38671875
11287,11288,0.361788617886179
11288,11288,1
208,11288,0.321138211382114
12703,11288,0.373913043478261
10081,11288,0.346613545816733
17034,11288,0.307377049180328
10747,11288,0.305019305019305
12029,11288,0.357414448669202
10443,11288,0.364754098360656
12847,11288,0.338645418326693
10684,11288,0.273076923076923
11692,11288,0.272357723577236
11942,11288,0.348519362186788
12725,11288,0.364341085271318
10908,11288,0.327313769751693
10074,11288,0.313364055299539
10494,11288,0.300411522633745
18025,11288,0.3625
10403,11288,0.294258373205742
10407,11288,0.375
12000,11288,0.313725490196078
10909,11288,0.364372469635627
101036,11288,0.349442379182156
20023,11288,0.304878048780488
101521,11288,0.311688311688312
12857,11288,0.394308943089431
12,208,0.365853658536585
42,208,0.365853658536585
11,208,0.295454545454545
11399,208,0.288537549407115
23,208,0.344
193,208,0.369747899159664
194,208,0.3125
235,208,0.385892116182573
10373,208,0.311284046692607
10444,208,0.386178861788618
12619,208,0.314516129032258
13005,208,0.319702602230483
11685,208,0.520661157024793
11199,208,0.578512396694215
17035,208,0.395061728395062
12809,208,0.414225941422594
11287,208,0.369747899159664
11288,208,0.321138211382114
208,208,1
12703,208,0.356275303643725
10081,208,0.386831275720165
17034,208,0.329218106995885
10747,208,0.290076335877863
12029,208,0.335907335907336
10443,208,0.374517374517374
12847,208,0.313364055299539
10684,208,0.289772727272727
11692,208,0.26
11942,208,0.319838056680162
12725,208,0.33739837398374
10908,208,0.365461847389558
10074,208,0.316872427983539
10494,208,0.305785123966942
18025,208,0.376923076923077
10403,208,0.299242424242424
10407,208,0.357692307692308
12000,208,0.317829457364341
10909,208,0.37037037037037
101036,208,0.321428571428571
20023,208,0.32520325203252
101521,208,0.348837209302326
12857,208,0.32295719844358
12,12703,0.390041493775934
42,12703,0.37344398340249
11,12703,0.335907335907336
11399,12703,0.345381526104418
23,12703,0.398340248962656
193,12703,0.362139917695473
194,12703,0.330578512396694
235,12703,0.323308270676692
10373,12703,0.351351351351351
10444,12703,0.381742738589212
12619,12703,0.308016877637131
13005,12703,0.334677419354839
11685,12703,0.327205882352941
11199,12703,0.341911764705882
17035,12703,0.415966386554622
12809,12703,0.381742738589212
11287,12703,0.402489626556017
11288,12703,0.373913043478261
208,12703,0.356275303643725
12703,12703,1
10081,12703,0.383966244725738
17034,12703,0.32520325203252
10747,12703,0.324324324324324
12029,12703,0.367588932806324
10443,12703,0.383333333333333
12847,12703,0.358267716535433
10684,12703,0.283464566929134
11692,12703,0.33201581027668
11942,12703,0.32046332046332
12725,12703,0.392
10908,12703,0.405857740585774
10074,12703,0.315352697095436
10494,12703,0.336134453781513
18025,12703,0.401673640167364
10403,12703,0.340996168582375
10407,12703,0.37037037037037
12000,12703,0.351778656126482
10909,12703,0.375527426160338
101036,12703,0.393382352941176
20023,12703,0.324110671936759
101521,12703,0.5
12857,12703,0.461254612546125
12,10081,0.381526104417671
42,10081,0.427350427350427
11,10081,0.3515625
11399,10081,0.334661354581673
23,10081,0.397435897435897
193,10081,0.34453781512605
194,10081,0.298319327731092
235,10081,0.32618025751073
10373,10081,0.360323886639676
10444,10081,0.435897435897436
12619,10081,0.294871794871795
13005,10081,0.34412955465587
11685,10081,0.403162055335968
11199,10081,0.420233463035019
17035,10081,0.791836734693878
12809,10081,0.392712550607287
11287,10081,0.397489539748954
11288,10081,0.346613545816733
208,10081,0.386831275720165
12703,10081,0.383966244725738
10081,10081,1
17034,10081,0.295833333333333
10747,10081,0.34765625
12029,10081,0.335849056603774
10443,10081,0.418803418803419
12847,10081,0.340425531914894
10684,10081,0.338289962825279
11692,10081,0.281853281853282
11942,10081,0.350467289719626
12725,10081,0.366666666666667
10908,10081,0.377510040160643
10074,10081,0.345991561181435
10494,10081,0.311203319502075
18025,10081,0.435897435897436
10403,10081,0.3515625
10407,10081,0.448717948717949
12000,10081,0.353909465020576
10909,10081,0.816326530612245
101036,10081,0.37344398340249
20023,10081,0.308333333333333
101521,10081,0.5
12857,10081,0.385892116182573
12,17034,0.360169491525424
42,17034,0.365546218487395
11,17034,0.396078431372549
11399,17034,0.333333333333333
23,17034,0.34412955465587
193,17034,0.444201312910284
194,17034,0.713375796178344
235,17034,0.261603375527426
10373,17034,0.304166666666667
10444,17034,0.389830508474576
12619,17034,0.278481012658228
13005,17034,0.278008298755187
11685,17034,0.344262295081967
11199,17034,0.321138211382114
17035,17034,0.304166666666667
12809,17034,0.341772151898734
11287,17034,0.340425531914894
11288,17034,0.307377049180328
208,17034,0.329218106995885
12703,17034,0.32520325203252
10081,17034,0.295833333333333
17034,17034,1
10747,17034,0.388235294117647
12029,17034,0.322463768115942
10443,17034,0.38695652173913
12847,17034,0.372881355932203
10684,17034,0.326771653543307
11692,17034,0.352941176470588
11942,17034,0.300395256916996
12725,17034,0.333333333333333
10908,17034,0.351694915254237
10074,17034,0.285123966942149
10494,17034,0.296296296296296
18025,17034,0.364406779661017
10403,17034,0.403921568627451
10407,17034,0.373949579831933
12000,17034,0.404395604395604
10909,17034,0.325
101036,17034,0.337448559670782
20023,17034,0.718685831622177
101521,17034,0.314285714285714
12857,17034,0.329268292682927
12,10747,0.306483300589391
42,10747,0.334630350194553
11,10747,0.797101449275362
11399,10747,0.319391634980989
23,10747,0.379446640316206
193,10747,0.366141732283465
194,10747,0.387351778656126
235,10747,0.375
10373,10747,0.277566539923954
10444,10747,0.350194552529183
12619,10747,0.303448275862069
13005,10747,0.31651376146789
11685,10747,0.33969465648855
11199,10747,0.342307692307692
17035,10747,0.34375
12809,10747,0.299212598425197
11287,10747,0.3671875
11288,10747,0.305019305019305
208,10747,0.290076335877863
12703,10747,0.324324324324324
10081,10747,0.34765625
17034,10747,0.388235294117647
10747,10747,1
12029,10747,0.294573643410853
10443,10747,0.342412451361868
12847,10747,0.380952380952381
10684,10747,0.305343511450382
11692,10747,0.347490347490347
11942,10747,0.271111111111111
12725,10747,0.337254901960784
10908,10747,0.316306483300589
10074,10747,0.275700934579439
10494,10747,0.31875
18025,10747,0.357976653696498
10403,10747,0.762439807383628
10407,10747,0.346303501945525
12000,10747,0.346303501945525
10909,10747,0.359375
101036,10747,0.344569288389513
20023,10747,0.391304347826087
101521,10747,0.31404958677686
12857,10747,0.3359375
12,12029,0.350597609561753
42,12029,0.317460317460317
11,12029,0.315384615384615
11399,12029,0.347014925373134
23,12029,0.387351778656126
193,12029,0.338645418326693
194,12029,0.306273062730627
235,12029,0.287313432835821
10373,12029,0.303149606299213
10444,12029,0.337837837837838
12619,12029,0.326829268292683
13005,12029,0.271653543307087
11685,12029,0.339285714285714
11199,12029,0.364705882352941
17035,12029,0.317647058823529
12809,12029,0.364754098360656
11287,12029,0.380566801619433
11288,12029,0.357414448669202
208,12029,0.335907335907336
12703,12029,0.367588932806324
10081,12029,0.335849056603774
17034,12029,0.322463768115942
10747,12029,0.294573643410853
12029,12029,1
10443,12029,0.358744394618834
12847,12029,0.297709923664122
10684,12029,0.256521739130435
11692,12029,0.318897637795276
11942,12029,0.321428571428571
12725,12029,0.322709163346614
10908,12029,0.362549800796813
10074,12029,0.318725099601594
10494,12029,0.309178743961353
18025,12029,0.350597609561753
10403,12029,0.319230769230769
10407,12029,0.329365079365079
12000,12029,0.310077519379845
10909,12029,0.325490196078431
101036,12029,0.360294117647059
20023,12029,0.305970149253731
101521,12029,0.458333333333333
12857,12029,0.402826855123675
12,10443,0.397489539748954
42,10443,0.727642276422764
11,10443,0.357976653696498
11399,10443,0.390909090909091
23,10443,0.383928571428571
193,10443,0.411016949152542
194,10443,0.363247863247863
235,10443,0.330434782608696
10373,10443,0.399159663865546
10444,10443,0.822510822510823
12619,10443,0.364754098360656
13005,10443,0.40625
11685,10443,0.333333333333333
11199,10443,0.377049180327869
17035,10443,0.377682403433476
12809,10443,0.3875
11287,10443,0.373390557939914
11288,10443,0.364754098360656
208,10443,0.374517374517374
12703,10443,0.383333333333333
10081,10443,0.418803418803419
17034,10443,0.38695652173913
10747,10443,0.342412451361868
12029,10443,0.358744394618834
10443,10443,1
12847,10443,0.354430379746835
10684,10443,0.296153846153846
11692,10443,0.29718875502008
11942,10443,0.397196261682243
12725,10443,0.384937238493724
10908,10443,0.418032786885246
10074,10443,0.359307359307359
10494,10443,0.331877729257642
18025,10443,0.74390243902439
10403,10443,0.346303501945525
10407,10443,0.731707317073171
12000,10443,0.378600823045267
10909,10443,0.401709401709402
101036,10443,0.374015748031496
20023,10443,0.371794871794872
101521,10443,0.306451612903226
12857,10443,0.34156378600823
12,12847,0.333333333333333
42,12847,0.323651452282158
11,12847,0.395604395604396
11399,12847,0.34051724137931
23,12847,0.379591836734694
193,12847,0.355056179775281
194,12847,0.353065539112051
235,12847,0.342592592592593
10373,12847,0.327935222672065
10444,12847,0.358649789029536
12619,12847,0.290909090909091
13005,12847,0.271255060728745
11685,12847,0.337349397590361
11199,12847,0.356
17035,12847,0.357446808510638
12809,12847,0.331967213114754
11287,12847,0.363265306122449
11288,12847,0.338645418326693
208,12847,0.313364055299539
12703,12847,0.358267716535433
10081,12847,0.340425531914894
17034,12847,0.372881355932203
10747,12847,0.380952380952381
12029,12847,0.297709923664122
10443,12847,0.354430379746835
12847,12847,1
10684,12847,0.306382978723404
11692,12847,0.333333333333333
11942,12847,0.334630350194553
12725,12847,0.338775510204082
10908,12847,0.334710743801653
10074,12847,0.287081339712919
10494,12847,0.291079812206573
18025,12847,0.348547717842324
10403,12847,0.395604395604396
10407,12847,0.358649789029536
12000,12847,0.390804597701149
10909,12847,0.365957446808511
101036,12847,0.321285140562249
20023,12847,0.390086206896552
101521,12847,0.36734693877551
12857,12847,0.362204724409449
12,10684,0.329588014981273
42,10684,0.306513409961686
11,10684,0.32183908045977
11399,10684,0.287234042553192
23,10684,0.293436293436293
193,10684,0.307086614173228
194,10684,0.307692307692308
235,10684,0.206896551724138
10373,10684,0.4
10444,10684,0.302325581395349
12619,10684,0.308176100628931
13005,10684,0.292307692307692
11685,10684,0.307971014492754
11199,10684,0.306273062730627
17035,10684,0.327137546468401
12809,10684,0.335820895522388
11287,10684,0.312741312741313
11288,10684,0.273076923076923
208,10684,0.289772727272727
12703,10684,0.283464566929134
10081,10684,0.338289962825279
17034,10684,0.326771653543307
10747,10684,0.305343511450382
12029,10684,0.256521739130435
10443,10684,0.296153846153846
12847,10684,0.306382978723404
10684,10684,1
11692,10684,0.381159420289855
11942,10684,0.36
12725,10684,0.28735632183908
10908,10684,0.323308270676692
10074,10684,0.273504273504273
10494,10684,0.294964028776978
18025,10684,0.298449612403101
10403,10684,0.316602316602317
10407,10684,0.316602316602317
12000,10684,0.328301886792453
10909,10684,0.33457249070632
101036,10684,0.298449612403101
20023,10684,0.305970149253731
101521,10684,0.361702127659574
12857,10684,0.302583025830258
12,11692,0.294573643410853
42,11692,0.298387096774194
11,11692,0.347490347490347
11399,11692,0.508771929824561
23,11692,0.308300395256917
193,11692,0.362903225806452
194,11692,0.370967741935484
235,11692,0.27906976744186
10373,11692,0.28099173553719
10444,11692,0.27710843373494
12619,11692,0.326771653543307
13005,11692,0.253968253968254
11685,11692,0.274809160305344
11199,11692,0.315384615384615
17035,11692,0.278625954198473
12809,11692,0.316793893129771
11287,11692,0.329365079365079
11288,11692,0.272357723577236
208,11692,0.26
12703,11692,0.33201581027668
10081,11692,0.281853281853282
17034,11692,0.352941176470588
10747,11692,0.347490347490347
12029,11692,0.318897637795276
10443,11692,0.29718875502008
12847,11692,0.333333333333333
10684,11692,0.381159420289855
11692,11692,1
11942,11692,0.264367816091954
12725,11692,0.308880308880309
10908,11692,0.311284046692607
10074,11692,0.283783783783784
10494,11692,0.282157676348548
18025,11692,0.290322580645161
10403,11692,0.364341085271318
10407,11692,0.29718875502008
12000,11692,0.324324324324324
10909,11692,0.284615384615385
101036,11692,0.321705426356589
20023,11692,0.357429718875502
101521,11692,0.285714285714286
12857,11692,0.319702602230483
12,11942,0.343575418994413
42,11942,0.381395348837209
11,11942,0.266666666666667
11399,11942,0.429347826086956
23,11942,0.324324324324324
193,11942,0.307692307692308
194,11942,0.301652892561983
235,11942,0.431372549019608
10373,11942,0.313253012048193
10444,11942,0.371559633027523
12619,11942,0.311926605504587
13005,11942,0.290196078431373
11685,11942,0.316602316602317
11199,11942,0.338461538461538
17035,11942,0.334661354581673
12809,11942,0.329639889196676
11287,11942,0.320158102766798
11288,11942,0.348519362186788
208,11942,0.319838056680162
12703,11942,0.32046332046332
10081,11942,0.350467289719626
17034,11942,0.300395256916996
10747,11942,0.271111111111111
12029,11942,0.321428571428571
10443,11942,0.397196261682243
12847,11942,0.334630350194553
10684,11942,0.36
11692,11942,0.264367816091954
11942,11942,1
12725,11942,0.298932384341637
10908,11942,0.347578347578348
10074,11942,0.31404958677686
10494,11942,0.278688524590164
18025,11942,0.369158878504673
10403,11942,0.266666666666667
10407,11942,0.397196261682243
12000,11942,0.325892857142857
10909,11942,0.35981308411215
101036,11942,0.365384615384615
20023,11942,0.309917355371901
101521,11942,0.4
12857,11942,0.354330708661417
12,12725,0.429166666666667
42,12725,0.411522633744856
11,12725,0.3
11399,12725,0.374074074074074
23,12725,0.391836734693878
193,12725,0.382470119521912
194,12725,0.321138211382114
235,12725,0.308176100628931
10373,12725,0.293388429752066
10444,12725,0.410041841004184
12619,12725,0.305
13005,12725,0.300813008130081
11685,12725,0.348837209302326
11199,12725,0.361867704280156
17035,12725,0.383333333333333
12809,12725,0.406639004149378
11287,12725,0.383673469387755
11288,12725,0.364341085271318
208,12725,0.33739837398374
12703,12725,0.392
10081,12725,0.366666666666667
17034,12725,0.333333333333333
10747,12725,0.337254901960784
12029,12725,0.322709163346614
10443,12725,0.384937238493724
12847,12725,0.338775510204082
10684,12725,0.28735632183908
11692,12725,0.308880308880309
11942,12725,0.298932384341637
12725,12725,1
10908,12725,0.40495867768595
10074,12725,0.27710843373494
10494,12725,0.308571428571429
18025,12725,0.401673640167364
10403,12725,0.341176470588235
10407,12725,0.414225941422594
12000,12725,0.354838709677419
10909,12725,0.383333333333333
101036,12725,0.405622489959839
20023,12725,0.329218106995885
101521,12725,0.46
12857,12725,0.386178861788618
12,10908,0.781481481481482
42,10908,0.411764705882353
11,10908,0.317120622568093
11399,10908,0.362445414847162
23,10908,0.385542168674699
193,10908,0.33206106870229
194,10908,0.334558823529412
235,10908,0.338912133891213
10373,10908,0.378048780487805
10444,10908,0.422131147540984
12619,10908,0.363265306122449
13005,10908,0.380952380952381
11685,10908,0.387596899224806
11199,10908,0.368821292775665
17035,10908,0.379446640316206
12809,10908,0.747847478474785
11287,10908,0.393305439330544
11288,10908,0.327313769751693
208,10908,0.365461847389558
12703,10908,0.405857740585774
10081,10908,0.377510040160643
17034,10908,0.351694915254237
10747,10908,0.316306483300589
12029,10908,0.362549800796813
10443,10908,0.418032786885246
12847,10908,0.334710743801653
10684,10908,0.323308270676692
11692,10908,0.311284046692607
11942,10908,0.347578347578348
12725,10908,0.40495867768595
10908,10908,1
10074,10908,0.34156378600823
10494,10908,0.358333333333333
18025,10908,0.39344262295082
10403,10908,0.304424778761062
10407,10908,0.413934426229508
12000,10908,0.36
10909,10908,0.369649805447471
101036,10908,0.381742738589212
20023,10908,0.355932203389831
101521,10908,0.434782608695652
12857,10908,0.408163265306122
12,10074,0.338842975206612
42,10074,0.350649350649351
11,10074,0.273972602739726
11399,10074,0.306306306306306
23,10074,0.282258064516129
193,10074,0.31063829787234
194,10074,0.274261603375527
235,10074,0.314741035856574
10373,10074,0.364754098360656
10444,10074,0.372294372294372
12619,10074,0.541322314049587
13005,10074,0.351020408163265
11685,10074,0.326446280991736
11199,10074,0.337448559670782
17035,10074,0.333333333333333
12809,10074,0.318965517241379
11287,10074,0.296747967479675
11288,10074,0.313364055299539
208,10074,0.316872427983539
12703,10074,0.315352697095436
10081,10074,0.345991561181435
17034,10074,0.285123966942149
10747,10074,0.275700934579439
12029,10074,0.318725099601594
10443,10074,0.359307359307359
12847,10074,0.287081339712919
10684,10074,0.273504273504273
11692,10074,0.283783783783784
11942,10074,0.31404958677686
12725,10074,0.27710843373494
10908,10074,0.34156378600823
10074,10074,1
10494,10074,0.524793388429752
18025,10074,0.377682403433476
10403,10074,0.299065420560748
10407,10074,0.367965367965368
12000,10074,0.29718875502008
10909,10074,0.337552742616034
101036,10074,0.30188679245283
20023,10074,0.277310924369748
101521,10074,0.351351351351351
12857,10074,0.293388429752066
12,10494,0.326359832635983
42,10494,0.357429718875502
11,10494,0.312925170068027
11399,10494,0.307017543859649
23,10494,0.286274509803922
193,10494,0.294871794871795
194,10494,0.274261603375527
235,10494,0.3625
10373,10494,0.3125
10444,10494,0.365638766519824
12619,10494,0.57085020242915
13005,10494,0.33195020746888
11685,10494,0.309917355371901
11199,10494,0.341666666666667
17035,10494,0.311203319502075
12809,10494,0.326359832635983
11287,10494,0.310344827586207
11288,10494,0.300411522633745
208,10494,0.305785123966942
12703,10494,0.336134453781513
10081,10494,0.311203319502075
17034,10494,0.296296296296296
10747,10494,0.31875
12029,10494,0.309178743961353
10443,10494,0.331877729257642
12847,10494,0.291079812206573
10684,10494,0.294964028776978
11692,10494,0.282157676348548
11942,10494,0.278688524590164
12725,10494,0.308571428571429
10908,10494,0.358333333333333
10074,10494,0.524793388429752
10494,10494,1
18025,10494,0.356828193832599
10403,10494,0.324137931034483
10407,10494,0.352422907488987
12000,10494,0.291497975708502
10909,10494,0.309322033898305
101036,10494,0.357798165137615
20023,10494,0.29535864978903
101521,10494,0.447368421052632
12857,10494,0.331914893617021
12,18025,0.397489539748954
42,18025,0.784552845528455
11,18025,0.357976653696498
11399,18025,0.390909090909091
23,18025,0.41743119266055
193,18025,0.398305084745763
194,18025,0.352173913043478
235,18025,0.334782608695652
10373,18025,0.415966386554622
10444,18025,0.813852813852814
12619,18025,0.368852459016393
13005,18025,0.42578125
11685,18025,0.35
11199,18025,0.372950819672131
17035,18025,0.412017167381974
12809,18025,0.393162393162393
11287,18025,0.368200836820084
11288,18025,0.3625
208,18025,0.376923076923077
12703,18025,0.401673640167364
10081,18025,0.435897435897436
17034,18025,0.364406779661017
10747,18025,0.357976653696498
12029,18025,0.350597609561753
10443,18025,0.74390243902439
12847,18025,0.348547717842324
10684,18025,0.298449612403101
11692,18025,0.290322580645161
11942,18025,0.369158878504673
12725,18025,0.401673640167364
10908,18025,0.39344262295082
10074,18025,0.377682403433476
10494,18025,0.356828193832599
18025,18025,1
10403,18025,0.350194552529183
10407,18025,0.800813008130081
12000,18025,0.394957983193277
10909,18025,0.44017094017094
101036,18025,0.374015748031496
20023,18025,0.355932203389831
101521,18025,0.3
12857,18025,0.354166666666667
12,10403,0.313953488372093
42,10403,0.342412451361868
11,10403,0.810897435897436
11399,10403,0.330798479087453
23,10403,0.403162055335968
193,10403,0.385826771653543
194,10403,0.384615384615385
235,10403,0.375
10373,10403,0.290076335877863
