Var1,Var2,Freq
11140,11140,1
11107,11140,0.883812010443864
11119,11140,0.84765625
20151,11140,0.347107438016529
100186,11140,0.514993481095176
101548,11140,0.514993481095176
20154,11140,0.355371900826446
11140,11107,0.883812010443864
11107,11107,1
11119,11107,0.821614583333333
20151,11107,0.345833333333333
100186,11107,0.51890482398957
101548,11107,0.525423728813559
20154,11107,0.367768595041322
11140,11119,0.84765625
11107,11119,0.821614583333333
11119,11119,1
20151,11119,0.355371900826446
100186,11119,0.52405721716515
101548,11119,0.52405721716515
20154,11119,0.341085271317829
11140,20151,0.347107438016529
11107,20151,0.345833333333333
11119,20151,0.355371900826446
20151,20151,1
100186,20151,0.342857142857143
101548,20151,0.345528455284553
20154,20151,0.615476190476191
11140,100186,0.514993481095176
11107,100186,0.51890482398957
11119,100186,0.52405721716515
20151,100186,0.342857142857143
100186,100186,1
101548,100186,0.894875164257556
20154,100186,0.319838056680162
11140,101548,0.514993481095176
11107,101548,0.525423728813559
11119,101548,0.52405721716515
20151,101548,0.345528455284553
100186,101548,0.894875164257556
101548,101548,1
20154,101548,0.338842975206612
11140,20154,0.355371900826446
11107,20154,0.367768595041322
11119,20154,0.341085271317829
20151,20154,0.615476190476191
100186,20154,0.319838056680162
101548,20154,0.338842975206612
20154,20154,1
