Var1,Var2,Freq
279,279,1
227,279,0.298192771084337
106,279,0.495702005730659
168,279,0.305785123966942
51,279,0.393229166666667
105,279,0.504347826086956
107,279,0.303370786516854
108,279,0.312138728323699
10618,279,0.583333333333333
11249,279,0.292011019283747
10577,279,0.484240687679083
17005,279,0.308988764044944
12688,279,0.291066282420749
10627,279,0.308139534883721
10628,279,0.302325581395349
10209,279,0.367816091954023
10621,279,0.303370786516854
17106,279,0.508361204013378
10626,279,0.361764705882353
12689,279,0.312138728323699
10625,279,0.373529411764706
11863,279,0.401041666666667
11923,279,0.364942528735632
10624,279,0.35693215339233
12687,279,0.312138728323699
100868,279,0.355742296918768
10576,279,0.385416666666667
10623,279,0.289256198347107
20033,279,0.297520661157025
10578,279,0.48695652173913
10620,279,0.30635838150289
279,227,0.298192771084337
227,227,1
106,227,0.278089887640449
168,227,0.303571428571429
51,227,0.375690607734807
105,227,0.286135693215339
107,227,0.531428571428571
108,227,0.519886363636364
10618,227,0.310240963855422
11249,227,0.294117647058824
10577,227,0.293604651162791
17005,227,0.537142857142857
12688,227,0.814968814968815
10627,227,0.303206997084548
10628,227,0.313953488372093
10209,227,0.295321637426901
10621,227,0.528571428571429
17106,227,0.283333333333333
10626,227,0.259036144578313
12689,227,0.511363636363636
10625,227,0.259036144578313
11863,227,0.313471502590674
11923,227,0.289473684210526
10624,227,0.258160237388724
12687,227,0.531428571428571
100868,227,0.283625730994152
10576,227,0.375690607734807
10623,227,0.292899408284024
20033,227,0.306547619047619
10578,227,0.28023598820059
10620,227,0.531428571428571
279,106,0.495702005730659
227,106,0.278089887640449
106,106,1
168,106,0.371287128712871
51,106,0.398533007334963
105,106,0.670553935860058
107,106,0.316568047337278
108,106,0.29585798816568
10618,106,0.486033519553073
11249,106,0.297619047619048
10577,106,0.930591259640103
17005,106,0.323442136498516
12688,106,0.306784660766962
10627,106,0.310240963855422
10628,106,0.301204819277108
10209,106,0.378299120234604
10621,106,0.313609467455621
17106,106,0.67687074829932
10626,106,0.353107344632768
12689,106,0.287833827893175
10625,106,0.361194029850746
11863,106,0.421994884910486
11923,106,0.378299120234604
10624,106,0.367469879518072
12687,106,0.32069970845481
100868,106,0.378299120234604
10576,106,0.424552429667519
10623,106,0.361386138613861
20033,106,0.318452380952381
10578,106,0.664723032069971
10620,106,0.32069970845481
279,168,0.305785123966942
227,168,0.303571428571429
106,168,0.371287128712871
168,168,1
51,168,0.37719298245614
105,168,0.312312312312312
107,168,0.290519877675841
108,168,0.338150289017341
10618,168,0.303468208092486
11249,168,0.888059701492537
10577,168,0.376237623762376
17005,168,0.292307692307692
12688,168,0.277173913043478
10627,168,0.314935064935065
10628,168,0.311688311688312
10209,168,0.336309523809524
10621,168,0.297546012269939
17106,168,0.302083333333333
10626,168,0.291793313069909
12689,168,0.289085545722714
10625,168,0.294670846394984
11863,168,0.384955752212389
11923,168,0.330357142857143
10624,168,0.296636085626911
12687,168,0.296636085626911
100868,168,0.357142857142857
10576,168,0.372384937238494
10623,168,0.927272727272727
20033,168,0.95360824742268
10578,168,0.30421686746988
10620,168,0.299694189602446
279,51,0.393229166666667
227,51,0.375690607734807
106,51,0.398533007334963
168,51,0.37719298245614
51,51,1
105,51,0.40625
107,51,0.357541899441341
108,51,0.353932584269663
10618,51,0.373737373737374
11249,51,0.454545454545455
10577,51,0.419437340153453
17005,51,0.363128491620112
12688,51,0.365079365079365
10627,51,0.342391304347826
10628,51,0.342391304347826
10209,51,0.407407407407407
10621,51,0.357541899441341
17106,51,0.410029498525074
10626,51,0.371559633027523
12689,51,0.348314606741573
10625,51,0.408163265306122
11863,51,0.883610451306413
11923,51,0.407407407407407
10624,51,0.381443298969072
12687,51,0.363128491620112
100868,51,0.407407407407407
10576,51,0.898104265402843
10623,51,0.359649122807018
20033,51,0.37719298245614
10578,51,0.412658227848101
10620,51,0.363128491620112
279,105,0.504347826086956
227,105,0.286135693215339
106,105,0.670553935860058
168,105,0.312312312312312
51,105,0.40625
105,105,1
107,105,0.304477611940299
108,105,0.327272727272727
10618,105,0.475
11249,105,0.301492537313433
10577,105,0.629834254143646
17005,105,0.311377245508982
12688,105,0.303834808259587
10627,105,0.313432835820896
10628,105,0.325373134328358
10209,105,0.392330383480826
10621,105,0.31044776119403
17106,105,0.948453608247423
10626,105,0.353115727002967
12689,105,0.319277108433735
10625,105,0.353115727002967
11863,105,0.409921671018277
11923,105,0.389380530973451
10624,105,0.345238095238095
12687,105,0.325373134328358
100868,105,0.380116959064327
10576,105,0.409921671018277
10623,105,0.286144578313253
20033,105,0.307228915662651
10578,105,0.901856763925729
10620,105,0.322388059701493
279,107,0.303370786516854
227,107,0.531428571428571
106,107,0.316568047337278
168,107,0.290519877675841
51,107,0.357541899441341
105,107,0.304477611940299
107,107,1
108,107,0.580474934036939
10618,107,0.328571428571429
11249,107,0.271386430678466
10577,107,0.327485380116959
17005,107,0.942675159235669
12688,107,0.534285714285714
10627,107,0.321100917431193
10628,107,0.330275229357798
10209,107,0.318452380952381
10621,107,0.959660297239915
17106,107,0.292517006802721
10626,107,0.266457680250784
12689,107,0.559902200488998
10625,107,0.263322884012539
11863,107,0.357541899441341
11923,107,0.31547619047619
10624,107,0.275
12687,107,0.912951167728238
100868,107,0.30952380952381
10576,107,0.357541899441341
10623,107,0.290519877675841
20033,107,0.293577981651376
10578,107,0.313432835820896
10620,107,0.915074309978768
279,108,0.312138728323699
227,108,0.519886363636364
106,108,0.29585798816568
168,108,0.338150289017341
51,108,0.353932584269663
105,108,0.327272727272727
107,108,0.580474934036939
108,108,1
10618,108,0.332361516034985
11249,108,0.297935103244838
10577,108,0.292537313432836
17005,108,0.561274509803922
12688,108,0.5
10627,108,0.302670623145401
10628,108,0.314540059347181
10209,108,0.314199395770393
10621,108,0.549019607843137
17106,108,0.326460481099656
10626,108,0.297124600638978
12689,108,0.900216919739696
10625,108,0.300319488817891
11863,108,0.359550561797753
11923,108,0.311178247734139
10624,108,0.308411214953271
12687,108,0.547911547911548
100868,108,0.293939393939394
10576,108,0.353932584269663
10623,108,0.304733727810651
20033,108,0.338150289017341
10578,108,0.329268292682927
10620,108,0.55036855036855
279,10618,0.583333333333333
227,10618,0.310240963855422
106,10618,0.486033519553073
168,10618,0.303468208092486
51,10618,0.373737373737374
105,10618,0.475
107,10618,0.328571428571429
108,10618,0.332361516034985
10618,10618,1
11249,10618,0.276162790697674
10577,10618,0.472067039106145
17005,10618,0.334285714285714
12688,10618,0.306990881458967
10627,10618,0.297058823529412
10628,10618,0.297058823529412
10209,10618,0.3810888252149
10621,10618,0.328571428571429
17106,10618,0.478114478114478
10626,10618,0.345714285714286
12689,10618,0.335276967930029
10625,10618,0.348571428571429
11863,10618,0.393316195372751
11923,10618,0.3810888252149
10624,10618,0.346268656716418
12687,10618,0.331428571428571
100868,10618,0.372492836676218
10576,10618,0.378172588832487
10623,10618,0.363636363636364
20033,10618,0.382352941176471
10578,10618,0.476744186046512
10620,10618,0.337142857142857
279,11249,0.292011019283747
227,11249,0.294117647058824
106,11249,0.297619047619048
168,11249,0.888059701492537
51,11249,0.454545454545455
105,11249,0.301492537313433
107,11249,0.271386430678466
108,11249,0.297935103244838
10618,11249,0.276162790697674
11249,11249,1
10577,11249,0.291666666666667
17005,11249,0.274336283185841
12688,11249,0.287390029325513
10627,11249,0.30188679245283
10628,11249,0.310344827586207
10209,11249,0.323863636363636
10621,11249,0.277286135693215
17106,11249,0.29553264604811
10626,11249,0.27190332326284
12689,11249,0.286135693215339
10625,11249,0.275229357798165
11863,11249,0.454545454545455
11923,11249,0.32069970845481
10624,11249,0.291021671826625
12687,11249,0.274336283185841
100868,11249,0.314868804664723
10576,11249,0.454545454545455
10623,11249,0.852130325814536
20033,11249,0.883084577114428
10578,11249,0.291428571428571
10620,11249,0.277286135693215
279,10577,0.484240687679083
227,10577,0.293604651162791
106,10577,0.930591259640103
168,10577,0.376237623762376
51,10577,0.419437340153453
105,10577,0.629834254143646
107,10577,0.327485380116959
108,10577,0.292537313432836
10618,10577,0.472067039106145
11249,10577,0.291666666666667
10577,10577,1
17005,10577,0.330409356725146
12688,10577,0.302670623145401
10627,10577,0.306547619047619
10628,10577,0.297619047619048
10209,10577,0.381231671554252
10621,10577,0.324561403508772
17106,10577,0.663265306122449
10626,10577,0.35672514619883
12689,10577,0.298507462686567
10625,10577,0.355223880597015
11863,10577,0.429667519181586
11923,10577,0.381231671554252
10624,10577,0.346590909090909
12687,10577,0.327485380116959
100868,10577,0.381231671554252
10576,10577,0.436224489795918
10623,10577,0.366336633663366
20033,10577,0.376237623762376
10578,10577,0.655882352941176
10620,10577,0.327485380116959
279,17005,0.308988764044944
227,17005,0.537142857142857
106,17005,0.323442136498516
168,17005,0.292307692307692
51,17005,0.363128491620112
105,17005,0.311377245508982
107,17005,0.942675159235669
108,17005,0.561274509803922
10618,17005,0.334285714285714
11249,17005,0.274336283185841
10577,17005,0.330409356725146
17005,17005,1
12688,17005,0.534285714285714
10627,17005,0.319018404907975
10628,17005,0.325153374233129
10209,17005,0.319402985074627
10621,17005,0.94468085106383
17106,17005,0.299319727891156
10626,17005,0.270440251572327
12689,17005,0.567237163814181
10625,17005,0.267295597484277
11863,17005,0.363128491620112
11923,17005,0.316417910447761
10624,17005,0.282131661442006
12687,17005,0.881104033970276
100868,17005,0.31044776119403
10576,17005,0.363128491620112
10623,17005,0.288343558282209
20033,17005,0.288343558282209
10578,17005,0.31437125748503
10620,17005,0.883227176220807
279,12688,0.291066282420749
227,12688,0.814968814968815
106,12688,0.306784660766962
168,12688,0.277173913043478
51,12688,0.365079365079365
105,12688,0.303834808259587
107,12688,0.534285714285714
108,12688,0.5
10618,12688,0.306990881458967
11249,12688,0.287390029325513
10577,12688,0.302670623145401
17005,12688,0.534285714285714
12688,12688,1
10627,12688,0.286549707602339
10628,12688,0.302325581395349
10209,12688,0.289473684210526
10621,12688,0.531428571428571
17106,12688,0.306666666666667
10626,12688,0.274691358024691
12689,12688,0.507042253521127
10625,12688,0.268518518518518
11863,12688,0.365079365079365
11923,12688,0.286549707602339
10624,12688,0.267062314540059
12687,12688,0.537142857142857
100868,12688,0.283625730994152
10576,12688,0.365079365079365
10623,12688,0.270341207349081
20033,12688,0.474747474747475
10578,12688,0.297935103244838
10620,12688,0.537142857142857
279,10627,0.308139534883721
227,10627,0.303206997084548
106,10627,0.310240963855422
168,10627,0.314935064935065
51,10627,0.342391304347826
105,10627,0.313432835820896
107,10627,0.321100917431193
108,10627,0.302670623145401
10618,10627,0.297058823529412
11249,10627,0.30188679245283
10577,10627,0.306547619047619
17005,10627,0.319018404907975
12688,10627,0.286549707602339
10627,10627,1
10628,10627,0.92022792022792
10209,10627,0.324404761904762
10621,10627,0.322085889570552
17106,10627,0.334494773519164
10626,10627,0.319488817891374
12689,10627,0.298550724637681
10625,10627,0.31629392971246
11863,10627,0.342391304347826
11923,10627,0.327380952380952
10624,10627,0.309904153354633
12687,10627,0.321100917431193
100868,10627,0.325373134328358
10576,10627,0.342391304347826
10623,10627,0.298701298701299
20033,10627,0.321428571428571
10578,10627,0.319277108433735
10620,10627,0.321100917431193
279,10628,0.302325581395349
227,10628,0.313953488372093
106,10628,0.301204819277108
168,10628,0.311688311688312
51,10628,0.342391304347826
105,10628,0.325373134328358
107,10628,0.330275229357798
108,10628,0.314540059347181
10618,10628,0.297058823529412
11249,10628,0.310344827586207
10577,10628,0.297619047619048
17005,10628,0.325153374233129
12688,10628,0.302325581395349
10627,10628,0.92022792022792
10628,10628,1
10209,10628,0.333333333333333
10621,10628,0.328220858895706
17106,10628,0.344947735191638
10626,10628,0.309904153354633
12689,10628,0.303977272727273
10625,10628,0.303514376996805
11863,10628,0.33695652173913
11923,10628,0.33641975308642
10624,10628,0.29559748427673
12687,10628,0.330275229357798
100868,10628,0.333333333333333
10576,10628,0.330143540669856
10623,10628,0.295454545454545
20033,10628,0.318181818181818
10578,10628,0.328313253012048
10620,10628,0.330275229357798
279,10209,0.367816091954023
227,10209,0.295321637426901
106,10209,0.378299120234604
168,10209,0.336309523809524
51,10209,0.407407407407407
105,10209,0.392330383480826
107,10209,0.318452380952381
108,10209,0.314199395770393
10618,10209,0.3810888252149
11249,10209,0.323863636363636
10577,10209,0.381231671554252
17005,10209,0.319402985074627
12688,10209,0.289473684210526
10627,10209,0.324404761904762
10628,10209,0.333333333333333
10209,10209,1
10621,10209,0.316417910447761
17106,10209,0.389830508474576
10626,10209,0.349056603773585
12689,10209,0.313253012048193
10625,10209,0.358490566037736
11863,10209,0.402116402116402
11923,10209,0.958715596330275
10624,10209,0.345679012345679
12687,10209,0.321428571428571
100868,10209,0.919724770642202
10576,10209,0.407407407407407
10623,10209,0.324404761904762
20033,10209,0.327380952380952
10578,10209,0.392330383480826
10620,10209,0.324404761904762
279,10621,0.303370786516854
227,10621,0.528571428571429
106,10621,0.313609467455621
168,10621,0.297546012269939
51,10621,0.357541899441341
105,10621,0.31044776119403
107,10621,0.959660297239915
108,10621,0.549019607843137
10618,10621,0.328571428571429
11249,10621,0.277286135693215
10577,10621,0.324561403508772
17005,10621,0.94468085106383
12688,10621,0.531428571428571
10627,10621,0.322085889570552
10628,10621,0.328220858895706
10209,10621,0.316417910447761
10621,10621,1
17106,10621,0.292517006802721
10626,10621,0.267295597484277
12689,10621,0.559902200488998
10625,10621,0.264150943396226
11863,10621,0.357541899441341
11923,10621,0.313432835820896
10624,10621,0.278996865203762
12687,10621,0.900212314225053
100868,10621,0.307462686567164
10576,10621,0.357541899441341
10623,10621,0.294478527607362
20033,10621,0.294478527607362
10578,10621,0.31044776119403
10620,10621,0.900212314225053
279,17106,0.508361204013378
227,17106,0.283333333333333
106,17106,0.67687074829932
168,17106,0.302083333333333
51,17106,0.410029498525074
105,17106,0.948453608247423
107,17106,0.292517006802721
108,17106,0.326460481099656
10618,17106,0.478114478114478
11249,17106,0.29553264604811
10577,17106,0.663265306122449
17005,17106,0.299319727891156
12688,17106,0.306666666666667
10627,17106,0.334494773519164
10628,17106,0.344947735191638
10209,17106,0.389830508474576
10621,17106,0.292517006802721
17106,17106,1
10626,17106,0.362068965517241
12689,17106,0.313993174061433
10625,17106,0.358620689655172
11863,17106,0.414201183431953
11923,17106,0.386440677966102
10624,17106,0.352941176470588
12687,17106,0.299319727891156
100868,17106,0.379661016949153
10576,17106,0.414201183431953
10623,17106,0.295138888888889
20033,17106,0.3125
10578,17106,0.917525773195876
10620,17106,0.299319727891156
279,10626,0.361764705882353
227,10626,0.259036144578313
106,10626,0.353107344632768
168,10626,0.291793313069909
51,10626,0.371559633027523
105,10626,0.353115727002967
107,10626,0.266457680250784
108,10626,0.297124600638978
10618,10626,0.345714285714286
11249,10626,0.27190332326284
10577,10626,0.35672514619883
17005,10626,0.270440251572327
12688,10626,0.274691358024691
10627,10626,0.319488817891374
10628,10626,0.309904153354633
10209,10626,0.349056603773585
10621,10626,0.267295597484277
17106,10626,0.362068965517241
10626,10626,1
12689,10626,0.280757097791798
10625,10626,0.955182072829132
11863,10626,0.394871794871795
11923,10626,0.355345911949686
10624,10626,0.884831460674157
12687,10626,0.270096463022508
100868,10626,0.35
10576,10626,0.38974358974359
10623,10626,0.273846153846154
20033,10626,0.29673590504451
10578,10626,0.360795454545455
10620,10626,0.270096463022508
279,12689,0.312138728323699
227,12689,0.511363636363636
106,12689,0.287833827893175
168,12689,0.289085545722714
51,12689,0.348314606741573
105,12689,0.319277108433735
107,12689,0.559902200488998
108,12689,0.900216919739696
10618,12689,0.335276967930029
11249,12689,0.286135693215339
10577,12689,0.298507462686567
17005,12689,0.567237163814181
12688,12689,0.507042253521127
10627,12689,0.298550724637681
10628,12689,0.303977272727273
10209,12689,0.313253012048193
10621,12689,0.559902200488998
17106,12689,0.313993174061433
10626,12689,0.280757097791798
12689,12689,1
10625,12689,0.293375394321767
11863,12689,0.353932584269663
11923,12689,0.310240963855422
10624,12689,0.292834890965732
12687,12689,0.557457212713936
100868,12689,0.299093655589124
10576,12689,0.348314606741573
10623,12689,0.297935103244838
20033,12689,0.297935103244838
10578,12689,0.310030395136778
10620,12689,0.551470588235294
279,10625,0.373529411764706
227,10625,0.259036144578313
106,10625,0.361194029850746
168,10625,0.294670846394984
51,10625,0.408163265306122
105,10625,0.353115727002967
107,10625,0.263322884012539
108,10625,0.300319488817891
10618,10625,0.348571428571429
11249,10625,0.275229357798165
10577,10625,0.355223880597015
17005,10625,0.267295597484277
12688,10625,0.268518518518518
10627,10625,0.31629392971246
10628,10625,0.303514376996805
10209,10625,0.358490566037736
10621,10625,0.264150943396226
17106,10625,0.358620689655172
10626,10625,0.955182072829132
12689,10625,0.293375394321767
10625,10625,1
11863,10625,0.4
11923,10625,0.358490566037736
10624,10625,0.882022471910112
12687,10625,0.266881028938907
100868,10625,0.353125
10576,10625,0.408163265306122
10623,10625,0.278996865203762
20033,10625,0.302114803625378
10578,10625,0.362017804154303
10620,10625,0.266881028938907
279,11863,0.401041666666667
227,11863,0.313471502590674
106,11863,0.421994884910486
168,11863,0.384955752212389
51,11863,0.883610451306413
105,11863,0.409921671018277
107,11863,0.357541899441341
108,11863,0.359550561797753
10618,11863,0.393316195372751
11249,11863,0.454545454545455
10577,11863,0.429667519181586
17005,11863,0.363128491620112
12688,11863,0.365079365079365
10627,11863,0.342391304347826
10628,11863,0.33695652173913
10209,11863,0.402116402116402
10621,11863,0.357541899441341
17106,11863,0.414201183431953
10626,11863,0.394871794871795
12689,11863,0.353932584269663
10625,11863,0.4
11863,11863,1
11923,11863,0.402116402116402
10624,11863,0.38659793814433
12687,11863,0.363128491620112
100868,11863,0.402116402116402
10576,11863,0.942992874109264
10623,11863,0.373271889400922
20033,11863,0.387096774193548
10578,11863,0.417553191489362
10620,11863,0.363128491620112
279,11923,0.364942528735632
227,11923,0.289473684210526
106,11923,0.378299120234604
168,11923,0.330357142857143
51,11923,0.407407407407407
105,11923,0.389380530973451
107,11923,0.31547619047619
108,11923,0.311178247734139
10618,11923,0.3810888252149
11249,11923,0.32069970845481
10577,11923,0.381231671554252
17005,11923,0.316417910447761
12688,11923,0.286549707602339
10627,11923,0.327380952380952
10628,11923,0.33641975308642
10209,11923,0.958715596330275
10621,11923,0.313432835820896
17106,11923,0.386440677966102
10626,11923,0.355345911949686
12689,11923,0.310240963855422
10625,11923,0.358490566037736
11863,11923,0.402116402116402
11923,11923,1
10624,11923,0.342592592592593
12687,11923,0.318452380952381
100868,11923,0.926339285714286
10576,11923,0.407407407407407
10623,11923,0.318452380952381
20033,11923,0.321428571428571
10578,11923,0.392330383480826
10620,11923,0.321428571428571
279,10624,0.35693215339233
227,10624,0.258160237388724
106,10624,0.367469879518072
168,10624,0.296636085626911
51,10624,0.381443298969072
105,10624,0.345238095238095
107,10624,0.275
108,10624,0.308411214953271
10618,10624,0.346268656716418
11249,10624,0.291021671826625
10577,10624,0.346590909090909
17005,10624,0.282131661442006
12688,10624,0.267062314540059
10627,10624,0.309904153354633
10628,10624,0.29559748427673
10209,10624,0.345679012345679
10621,10624,0.278996865203762
17106,10624,0.352941176470588
10626,10624,0.884831460674157
12689,10624,0.292834890965732
10625,10624,0.882022471910112
11863,10624,0.38659793814433
11923,10624,0.342592592592593
10624,10624,1
12687,10624,0.278125
100868,10624,0.33641975308642
10576,10624,0.381443298969072
10623,10624,0.284403669724771
20033,10624,0.296636085626911
10578,10624,0.344213649851632
10620,10624,0.278125
279,12687,0.312138728323699
227,12687,0.531428571428571
106,12687,0.32069970845481
168,12687,0.296636085626911
51,12687,0.363128491620112
105,12687,0.325373134328358
107,12687,0.912951167728238
108,12687,0.547911547911548
10618,12687,0.331428571428571
11249,12687,0.274336283185841
10577,12687,0.327485380116959
17005,12687,0.881104033970276
12688,12687,0.537142857142857
10627,12687,0.321100917431193
10628,12687,0.330275229357798
10209,12687,0.321428571428571
10621,12687,0.900212314225053
17106,12687,0.299319727891156
10626,12687,0.270096463022508
12689,12687,0.557457212713936
10625,12687,0.266881028938907
11863,12687,0.363128491620112
11923,12687,0.318452380952381
10624,12687,0.278125
12687,12687,1
100868,12687,0.3125
10576,12687,0.363128491620112
10623,12687,0.284403669724771
20033,12687,0.293577981651376
10578,12687,0.319402985074627
10620,12687,0.974522292993631
279,100868,0.355742296918768
227,100868,0.283625730994152
106,100868,0.378299120234604
168,100868,0.357142857142857
51,100868,0.407407407407407
105,100868,0.380116959064327
107,100868,0.30952380952381
108,100868,0.293939393939394
10618,100868,0.372492836676218
11249,100868,0.314868804664723
10577,100868,0.381231671554252
17005,100868,0.31044776119403
12688,100868,0.283625730994152
10627,100868,0.325373134328358
10628,100868,0.333333333333333
10209,100868,0.919724770642202
10621,100868,0.307462686567164
17106,100868,0.379661016949153
10626,100868,0.35
12689,100868,0.299093655589124
10625,100868,0.353125
11863,100868,0.402116402116402
11923,100868,0.926339285714286
10624,100868,0.33641975308642
12687,100868,0.3125
100868,100868,1
10576,100868,0.407407407407407
10623,100868,0.3125
20033,100868,0.345714285714286
10578,100868,0.385964912280702
10620,100868,0.31547619047619
279,10576,0.385416666666667
227,10576,0.375690607734807
106,10576,0.424552429667519
168,10576,0.372384937238494
51,10576,0.898104265402843
105,10576,0.409921671018277
107,10576,0.357541899441341
108,10576,0.353932584269663
10618,10576,0.378172588832487
11249,10576,0.454545454545455
10577,10576,0.436224489795918
17005,10576,0.363128491620112
12688,10576,0.365079365079365
10627,10576,0.342391304347826
10628,10576,0.330143540669856
10209,10576,0.407407407407407
10621,10576,0.357541899441341
17106,10576,0.414201183431953
10626,10576,0.38974358974359
12689,10576,0.348314606741573
10625,10576,0.408163265306122
11863,10576,0.942992874109264
11923,10576,0.407407407407407
10624,10576,0.381443298969072
12687,10576,0.363128491620112
100868,10576,0.407407407407407
10576,10576,1
10623,10576,0.360869565217391
20033,10576,0.373913043478261
10578,10576,0.41343669250646
10620,10576,0.363128491620112
279,10623,0.289256198347107
227,10623,0.292899408284024
106,10623,0.361386138613861
168,10623,0.927272727272727
51,10623,0.359649122807018
105,10623,0.286144578313253
107,10623,0.290519877675841
108,10623,0.304733727810651
10618,10623,0.363636363636364
11249,10623,0.852130325814536
10577,10623,0.366336633663366
17005,10623,0.288343558282209
12688,10623,0.270341207349081
10627,10623,0.298701298701299
10628,10623,0.295454545454545
10209,10623,0.324404761904762
10621,10623,0.294478527607362
17106,10623,0.295138888888889
10626,10623,0.273846153846154
12689,10623,0.297935103244838
10625,10623,0.278996865203762
11863,10623,0.373271889400922
11923,10623,0.318452380952381
10624,10623,0.284403669724771
12687,10623,0.284403669724771
100868,10623,0.3125
10576,10623,0.360869565217391
10623,10623,1
20033,10623,0.924870466321243
10578,10623,0.286144578313253
10620,10623,0.287461773700306
279,20033,0.297520661157025
227,20033,0.306547619047619
106,20033,0.318452380952381
168,20033,0.95360824742268
51,20033,0.37719298245614
105,20033,0.307228915662651
107,20033,0.293577981651376
108,20033,0.338150289017341
10618,20033,0.382352941176471
11249,20033,0.883084577114428
10577,20033,0.376237623762376
17005,20033,0.288343558282209
12688,20033,0.474747474747475
10627,20033,0.321428571428571
10628,20033,0.318181818181818
10209,20033,0.327380952380952
10621,20033,0.294478527607362
17106,20033,0.3125
10626,20033,0.29673590504451
12689,20033,0.297935103244838
10625,20033,0.302114803625378
11863,20033,0.387096774193548
11923,20033,0.321428571428571
10624,20033,0.296636085626911
12687,20033,0.293577981651376
100868,20033,0.345714285714286
10576,20033,0.373913043478261
10623,20033,0.924870466321243
20033,20033,1
10578,20033,0.310240963855422
10620,20033,0.296636085626911
279,10578,0.48695652173913
227,10578,0.28023598820059
106,10578,0.664723032069971
168,10578,0.30421686746988
51,10578,0.412658227848101
105,10578,0.901856763925729
107,10578,0.313432835820896
108,10578,0.329268292682927
10618,10578,0.476744186046512
11249,10578,0.291428571428571
10577,10578,0.655882352941176
17005,10578,0.31437125748503
12688,10578,0.297935103244838
10627,10578,0.319277108433735
10628,10578,0.328313253012048
10209,10578,0.392330383480826
10621,10578,0.31044776119403
17106,10578,0.917525773195876
10626,10578,0.360795454545455
12689,10578,0.310030395136778
10625,10578,0.362017804154303
11863,10578,0.417553191489362
11923,10578,0.392330383480826
10624,10578,0.344213649851632
12687,10578,0.319402985074627
100868,10578,0.385964912280702
10576,10578,0.41343669250646
10623,10578,0.286144578313253
20033,10578,0.310240963855422
10578,10578,1
10620,10578,0.319402985074627
279,10620,0.30635838150289
227,10620,0.531428571428571
106,10620,0.32069970845481
168,10620,0.299694189602446
51,10620,0.363128491620112
105,10620,0.322388059701493
107,10620,0.915074309978768
108,10620,0.55036855036855
10618,10620,0.337142857142857
11249,10620,0.277286135693215
10577,10620,0.327485380116959
17005,10620,0.883227176220807
12688,10620,0.537142857142857
10627,10620,0.321100917431193
10628,10620,0.330275229357798
10209,10620,0.324404761904762
10621,10620,0.900212314225053
17106,10620,0.299319727891156
10626,10620,0.270096463022508
12689,10620,0.551470588235294
10625,10620,0.266881028938907
11863,10620,0.363128491620112
11923,10620,0.321428571428571
10624,10620,0.278125
12687,10620,0.974522292993631
100868,10620,0.31547619047619
10576,10620,0.363128491620112
10623,10620,0.287461773700306
20033,10620,0.296636085626911
10578,10620,0.319402985074627
10620,10620,1
