Var1,Var2,Freq
279,279,1
227,279,0.172634193760683
106,279,0.43265533316339
168,279,0.132079484466249
51,279,0.273855605809139
105,279,0.418246241706151
107,279,0.162731339868431
108,279,0.180951715324442
10618,279,0.531610768813956
11249,279,0.132545485549562
10577,279,0.424916567297405
17005,279,0.164701655977998
12688,279,0.173559839813912
10627,279,0.135326847785287
10628,279,0.125963201868283
10209,279,0.217439199680282
10621,279,0.159054062544333
17106,279,0.41016038742715
10626,279,0.244587598857076
12689,279,0.181836072061187
10625,279,0.247133581679778
11863,279,0.281172993464139
11923,279,0.2225394609234
10624,279,0.243071605676714
12687,279,0.164973777858686
100868,279,0.218755002364143
10576,279,0.273364825153567
10623,279,0.114340160240303
20033,279,0.127662602116354
10578,279,0.404333810153434
10620,279,0.163968657199767
279,227,0.172634193760683
227,227,1
106,227,0.169244083497817
168,227,0.0876396780851588
51,227,0.122491182366037
105,227,0.173979543560163
107,227,0.351961433409214
108,227,0.364222178520046
10618,227,0.167690634876769
11249,227,0.100365319197245
10577,227,0.165534419593516
17005,227,0.359358089757106
12688,227,0.809808780257213
10627,227,0.111340739913644
10628,227,0.114906603807056
10209,227,0.134578857361015
10621,227,0.352319621598043
17106,227,0.165661671039628
10626,227,0.104987787165272
12689,227,0.363977480462389
10625,227,0.107510563647789
11863,227,0.125699328479889
11923,227,0.136295200555129
10624,227,0.112501667630074
12687,227,0.352153552978384
100868,227,0.133104758012215
10576,227,0.122491182366037
10623,227,0.0840235061394906
20033,227,0.0881916953717636
10578,227,0.168307298377361
10620,227,0.352008065034567
279,106,0.43265533316339
227,106,0.169244083497817
106,106,1
168,106,0.117623065215753
51,106,0.295928428364739
105,106,0.608287093618175
107,106,0.166045466879673
108,106,0.171832939799532
10618,106,0.404687816098566
11249,106,0.131720418088359
10577,106,0.926221499720662
17005,106,0.16747440589048
12688,106,0.169694155497442
10627,106,0.142173385857247
10628,106,0.135794135465648
10209,106,0.210661749150994
10621,106,0.162926708964589
17106,106,0.596402145555485
10626,106,0.248360510449922
12689,106,0.169960256407205
10625,106,0.243059166863663
11863,106,0.310151979989225
11923,106,0.215612696015088
10624,106,0.244791071783155
12687,106,0.167751108938955
100868,106,0.212873287910765
10576,106,0.304451167101643
10623,106,0.112229247720411
20033,106,0.123163756440138
10578,106,0.612484169027743
10620,106,0.166777859576658
279,168,0.132079484466249
227,168,0.0876396780851588
106,168,0.117623065215753
168,168,1
51,168,0.141702011621452
105,168,0.122958569941719
107,168,0.120159511963451
108,168,0.125900012603425
10618,168,0.127441209662618
11249,168,0.890854025028808
10577,168,0.118179621240774
17005,168,0.121228918115109
12688,168,0.0869806298823908
10627,168,0.172199102782202
10628,168,0.168324668173541
10209,168,0.167534594324405
10621,168,0.127912656537562
17106,168,0.110428756724933
10626,168,0.148387687791673
12689,168,0.125529484119349
10625,168,0.144417174601905
11863,168,0.144277160848975
11923,168,0.170116756190148
10624,168,0.142185472878547
12687,168,0.12322152698169
100868,168,0.162967181468965
10576,168,0.142171223580463
10623,168,0.904464207262737
20033,168,0.958425215850593
10578,168,0.127516001448361
10620,168,0.124066405834951
279,51,0.273855605809139
227,51,0.122491182366037
106,51,0.295928428364739
168,51,0.141702011621452
51,51,1
105,51,0.286837256937382
107,51,0.124750205220453
108,51,0.133008679099476
10618,51,0.246732376419602
11249,51,0.128408733504277
10577,51,0.297328670311155
17005,51,0.126195889527651
12688,51,0.118938494861603
10627,51,0.119211868587241
10628,51,0.114582994551597
10209,51,0.166093494221606
10621,51,0.124009455749908
17106,51,0.277057118370158
10626,51,0.187354659714245
12689,51,0.13087226599527
10625,51,0.189809767577292
11863,51,0.869467613135418
11923,51,0.171801642468404
10624,51,0.181185843163513
12687,51,0.125538608253891
100868,51,0.171001464705667
10576,51,0.885766092475068
10623,51,0.126732236188034
20033,51,0.143753508420563
10578,51,0.28615965283583
10620,51,0.125054030600924
279,105,0.418246241706151
227,105,0.173979543560163
106,105,0.608287093618175
168,105,0.122958569941719
51,105,0.286837256937382
105,105,1
107,105,0.174419567223588
108,105,0.19715209121912
10618,105,0.398674223450571
11249,105,0.136298092829071
10577,105,0.60407053218891
17005,105,0.172642711862371
12688,105,0.18362337747636
10627,105,0.156843786664905
10628,105,0.164781541133103
10209,105,0.222068153411986
10621,105,0.169385155507297
17106,105,0.847722142191193
10626,105,0.254873847145174
12689,105,0.201218954192536
10625,105,0.254189620817723
11863,105,0.29164636452436
11923,105,0.225498158162298
10624,105,0.250702672194163
12687,105,0.177078224939625
100868,105,0.222226617396761
10576,105,0.289734602967053
10623,105,0.106632387543881
20033,105,0.121606817699514
10578,105,0.900551179722818
10620,105,0.177926968623339
279,107,0.162731339868431
227,107,0.351961433409214
106,107,0.166045466879673
168,107,0.120159511963451
51,107,0.124750205220453
105,107,0.174419567223588
107,107,1
108,107,0.444420363776376
10618,107,0.181142675588907
11249,107,0.116544161684857
10577,107,0.168194885068896
17005,107,0.9349600825473
12688,107,0.347544237428188
10627,107,0.162793763876633
10628,107,0.16507723129116
10209,107,0.173286453228368
10621,107,0.954585918403639
17106,107,0.159157550332413
10626,107,0.162021891545549
12689,107,0.441028163806917
10625,107,0.158760339088436
11863,107,0.125382453264751
11923,107,0.176310277659319
10624,107,0.169368730589749
12687,107,0.914167704411241
100868,107,0.173012588235133
10576,107,0.124750205220453
10623,107,0.111885159545564
20033,107,0.119407870156194
10578,107,0.170552659671561
10620,107,0.919165262631835
279,108,0.180951715324442
227,108,0.364222178520046
106,108,0.171832939799532
168,108,0.125900012603425
51,108,0.133008679099476
105,108,0.19715209121912
107,108,0.444420363776376
108,108,1
10618,108,0.188156646596009
11249,108,0.133267275460875
10577,108,0.167595186376195
17005,108,0.445080617828947
12688,108,0.355208321884439
10627,108,0.148550016771675
10628,108,0.153555694661354
10209,108,0.146815837995517
10621,108,0.43915029715593
17106,108,0.181251884481185
10626,108,0.144093415908554
12689,108,0.878740658915085
10625,108,0.144658286501789
11863,108,0.134973109360652
11923,108,0.148900382357599
10624,108,0.162998072115054
12687,108,0.447069450652084
100868,108,0.144786842785413
10576,108,0.133008679099476
10623,108,0.124979570926463
20033,108,0.127413442929271
10578,108,0.187720916667786
10620,108,0.446884749363205
279,10618,0.531610768813956
227,10618,0.167690634876769
106,10618,0.404687816098566
168,10618,0.127441209662618
51,10618,0.246732376419602
105,10618,0.398674223450571
107,10618,0.181142675588907
108,10618,0.188156646596009
10618,10618,1
11249,10618,0.127486369686382
10577,10618,0.394809658122964
17005,10618,0.177471085284353
12688,10618,0.174174629605716
10627,10618,0.139993484832754
10628,10618,0.140122897033827
10209,10618,0.208243602905802
10621,10618,0.176503119876057
17106,10618,0.383093676585421
10626,10618,0.245088758747346
12689,10618,0.194185452192173
10625,10618,0.254526855991535
11863,10618,0.253975755446432
11923,10618,0.215400327270019
10624,10618,0.238266538426046
12687,10618,0.182896607723818
100868,10618,0.21117444362067
10576,10618,0.249175271235637
10623,10618,0.118281327104595
20033,10618,0.129621565794654
10578,10618,0.38945109839948
10620,10618,0.184686567101659
279,11249,0.132545485549562
227,11249,0.100365319197245
106,11249,0.131720418088359
168,11249,0.890854025028808
51,11249,0.128408733504277
105,11249,0.136298092829071
107,11249,0.116544161684857
108,11249,0.133267275460875
10618,11249,0.127486369686382
11249,11249,1
10577,11249,0.127996623303149
17005,11249,0.116279752603683
12688,11249,0.096694438830378
10627,11249,0.159876204979572
10628,11249,0.150342568244799
10209,11249,0.153578576626649
10621,11249,0.121958919494688
17106,11249,0.126003394458496
10626,11249,0.142038995357725
12689,11249,0.132432147961617
10625,11249,0.139655453210698
11863,11249,0.128612950635356
11923,11249,0.155741787952026
10624,11249,0.145467273544765
12687,11249,0.119548486752951
100868,11249,0.150972503698207
10576,11249,0.128408733504277
10623,11249,0.827041873938409
20033,11249,0.890029769583696
10578,11249,0.136405544983441
10620,11249,0.119938431668787
279,10577,0.424916567297405
227,10577,0.165534419593516
106,10577,0.926221499720662
168,10577,0.118179621240774
51,10577,0.297328670311155
105,10577,0.60407053218891
107,10577,0.168194885068896
108,10577,0.167595186376195
10618,10577,0.394809658122964
11249,10577,0.127996623303149
10577,10577,1
17005,10577,0.170081040835417
12688,10577,0.167331367273161
10627,10577,0.142846106418909
10628,10577,0.136436671384238
10209,10577,0.214326500233159
10621,10577,0.165057995941414
17106,10577,0.591798098436803
10626,10577,0.247460534942524
12689,10577,0.166186320314444
10625,10577,0.242657070367204
11863,10577,0.310190076034989
11923,10577,0.218932621122621
10624,10577,0.244915946928439
12687,10577,0.169907751793123
100868,10577,0.216175394142415
10576,10577,0.305416010143618
10623,10577,0.11083275568079
20033,10577,0.12226748712225
10578,10577,0.607747239422448
10620,10577,0.168929334251342
279,17005,0.164701655977998
227,17005,0.359358089757106
106,17005,0.16747440589048
168,17005,0.121228918115109
51,17005,0.126195889527651
105,17005,0.172642711862371
107,17005,0.9349600825473
108,17005,0.445080617828947
10618,17005,0.177471085284353
11249,17005,0.116279752603683
10577,17005,0.170081040835417
17005,17005,1
12688,17005,0.352096772440542
10627,17005,0.161152172212065
10628,17005,0.165122872992729
10209,17005,0.1757210046372
10621,17005,0.944593222920794
17106,17005,0.157239634241522
10626,17005,0.157412646904151
12689,17005,0.447929779668179
10625,17005,0.153229820852246
11863,17005,0.126829452448066
11923,17005,0.178835148373577
10624,17005,0.165229265410486
12687,17005,0.870409770461014
100868,17005,0.17553876342558
10576,17005,0.126195889527651
10623,17005,0.113382400094214
20033,17005,0.116001780783929
10578,17005,0.171090532726049
10620,17005,0.875413211695095
279,12688,0.173559839813912
227,12688,0.809808780257213
106,12688,0.169694155497442
168,12688,0.0869806298823908
51,12688,0.118938494861603
105,12688,0.18362337747636
107,12688,0.347544237428188
108,12688,0.355208321884439
10618,12688,0.174174629605716
11249,12688,0.096694438830378
10577,12688,0.167331367273161
17005,12688,0.352096772440542
12688,12688,1
10627,12688,0.104870960705632
10628,12688,0.111022642095014
10209,12688,0.124464041367391
10621,12688,0.348327386552807
17106,12688,0.175416359274555
10626,12688,0.110436342657413
12689,12688,0.359139458696238
10625,12688,0.110139868719424
11863,12688,0.119559272752194
11923,12688,0.126241671831077
10624,12688,0.117481377069005
12687,12688,0.349386295784718
100868,12688,0.124312020589465
10576,12688,0.118938494861603
10623,12688,0.0772627473032288
20033,12688,0.0875330299933366
10578,12688,0.172904589321338
10620,12688,0.350887378430894
279,10627,0.135326847785287
227,10627,0.111340739913644
106,10627,0.142173385857247
168,10627,0.172199102782202
51,10627,0.119211868587241
105,10627,0.156843786664905
107,10627,0.162793763876633
108,10627,0.148550016771675
10618,10627,0.139993484832754
11249,10627,0.159876204979572
10577,10627,0.142846106418909
17005,10627,0.161152172212065
12688,10627,0.104870960705632
10627,10627,1
10628,10627,0.727382789419261
10209,10627,0.154251953854335
10621,10627,0.164510961178416
17106,10627,0.153293463495423
10626,10627,0.179965562446045
12689,10627,0.146828613195564
10625,10627,0.176579751697879
11863,10627,0.120738042819187
11923,10627,0.160843330086906
10624,10627,0.184073651600892
12687,10627,0.163542356302003
100868,10627,0.159216177116026
10576,10627,0.119211868587241
10623,10627,0.15544878092253
20033,10627,0.176557434556516
10578,10627,0.161341576528578
10620,10627,0.162200961234373
279,10628,0.125963201868283
227,10628,0.114906603807056
106,10628,0.135794135465648
168,10628,0.168324668173541
51,10628,0.114582994551597
105,10628,0.164781541133103
107,10628,0.16507723129116
108,10628,0.153555694661354
10618,10628,0.140122897033827
11249,10628,0.150342568244799
10577,10628,0.136436671384238
17005,10628,0.165122872992729
12688,10628,0.111022642095014
10627,10628,0.727382789419261
10628,10628,1
10209,10628,0.16188679806116
10621,10628,0.168869526648625
17106,10628,0.158224979129327
10626,10628,0.174935923015378
12689,10628,0.152255554105109
10625,10628,0.172069780480657
11863,10628,0.11653084249661
11923,10628,0.167450374448443
10624,10628,0.180455499115968
12687,10628,0.165816544987879
100868,10628,0.165396000101295
10576,10628,0.115023698376795
10623,10628,0.151331745855787
20033,10628,0.172639891482742
10578,10628,0.166921384734358
10620,10628,0.165748039905431
279,10209,0.217439199680282
227,10209,0.134578857361015
106,10209,0.210661749150994
168,10209,0.167534594324405
51,10209,0.166093494221606
105,10209,0.222068153411986
107,10209,0.173286453228368
108,10209,0.146815837995517
10618,10209,0.208243602905802
11249,10209,0.153578576626649
10577,10209,0.214326500233159
17005,10209,0.1757210046372
12688,10209,0.124464041367391
10627,10209,0.154251953854335
10628,10209,0.16188679806116
10209,10209,1
10621,10209,0.173665448857761
17106,10209,0.206561618081201
10626,10209,0.222712395914703
12689,10209,0.147199261824452
10625,10209,0.220732053757901
11863,10209,0.163811353518203
11923,10209,0.892628065451723
10624,10209,0.223197971932193
12687,10209,0.176415956560062
100868,10209,0.848638020321403
10576,10209,0.166093494221606
10623,10209,0.153221000875766
20033,10209,0.159834480119959
10578,10209,0.21987213324446
10620,10209,0.177556442224679
279,10621,0.159054062544333
227,10621,0.352319621598043
106,10621,0.162926708964589
168,10621,0.127912656537562
51,10621,0.124009455749908
105,10621,0.169385155507297
107,10621,0.954585918403639
108,10621,0.43915029715593
10618,10621,0.176503119876057
11249,10621,0.121958919494688
10577,10621,0.165057995941414
17005,10621,0.944593222920794
12688,10621,0.348327386552807
10627,10621,0.164510961178416
10628,10621,0.168869526648625
10209,10621,0.173665448857761
10621,10621,1
17106,10621,0.15357539975214
10626,10621,0.156909029166492
12689,10621,0.442847694450408
10625,10621,0.152728329540166
11863,10621,0.124639452286748
11923,10621,0.176709551529838
10624,10621,0.164256626814197
12687,10621,0.897463894972376
100868,10621,0.173418256815218
10576,10621,0.124009455749908
10623,10621,0.118173525734788
20033,10621,0.124485920522712
10578,10621,0.167356803393354
10620,10621,0.898330488532967
279,17106,0.41016038742715
227,17106,0.165661671039628
106,17106,0.596402145555485
168,17106,0.110428756724933
51,17106,0.277057118370158
105,17106,0.847722142191193
107,17106,0.159157550332413
108,17106,0.181251884481185
10618,17106,0.383093676585421
11249,17106,0.126003394458496
10577,17106,0.591798098436803
17005,17106,0.157239634241522
12688,17106,0.175416359274555
10627,17106,0.153293463495423
10628,17106,0.158224979129327
10209,17106,0.206561618081201
10621,17106,0.15357539975214
17106,17106,1
10626,17106,0.254054034805917
12689,17106,0.185956669390328
10625,17106,0.249820065265031
11863,17106,0.283494745353286
11923,17106,0.209450477686973
10624,17106,0.247712261525653
12687,17106,0.160618227828492
100868,17106,0.204806963458187
10576,17106,0.28141165068246
10623,17106,0.0992447540368274
20033,17106,0.11225537405774
10578,17106,0.830487218290272
10620,17106,0.161591041049343
279,10626,0.244587598857076
227,10626,0.104987787165272
106,10626,0.248360510449922
168,10626,0.148387687791673
51,10626,0.187354659714245
105,10626,0.254873847145174
107,10626,0.162021891545549
108,10626,0.144093415908554
10618,10626,0.245088758747346
11249,10626,0.142038995357725
10577,10626,0.247460534942524
17005,10626,0.157412646904151
12688,10626,0.110436342657413
10627,10626,0.179965562446045
10628,10626,0.174935923015378
10209,10626,0.222712395914703
10621,10626,0.156909029166492
17106,10626,0.254054034805917
10626,10626,1
12689,10626,0.141290712036808
10625,10626,0.966670159382247
11863,10626,0.190128250821595
11923,10626,0.228454616320648
10624,10626,0.885376305949333
12687,10626,0.162393466097718
100868,10626,0.225110560154576
10576,10626,0.187354659714245
10623,10626,0.134697983163588
20033,10626,0.151129706653163
10578,10626,0.259698043526257
10620,10626,0.16185449622082
279,12689,0.181836072061187
227,12689,0.363977480462389
106,12689,0.169960256407205
168,12689,0.125529484119349
51,12689,0.13087226599527
105,12689,0.201218954192536
107,12689,0.441028163806917
108,12689,0.878740658915085
10618,12689,0.194185452192173
11249,12689,0.132432147961617
10577,12689,0.166186320314444
17005,12689,0.447929779668179
12688,12689,0.359139458696238
10627,12689,0.146828613195564
10628,12689,0.152255554105109
10209,12689,0.147199261824452
10621,12689,0.442847694450408
17106,12689,0.185956669390328
10626,12689,0.141290712036808
12689,12689,1
10625,12689,0.139013610694526
11863,12689,0.132828139730065
11923,12689,0.149305697934701
10624,12689,0.155411145617868
12687,12689,0.441587785893897
100868,12689,0.147727743750572
10576,12689,0.13087226599527
10623,12689,0.128588722124297
20033,12689,0.131107307847608
10578,12689,0.188101955395631
10620,12689,0.442654609710444
279,10625,0.247133581679778
227,10625,0.107510563647789
106,10625,0.243059166863663
168,10625,0.144417174601905
51,10625,0.189809767577292
105,10625,0.254189620817723
107,10625,0.158760339088436
108,10625,0.144658286501789
10618,10625,0.254526855991535
11249,10625,0.139655453210698
10577,10625,0.242657070367204
17005,10625,0.153229820852246
12688,10625,0.110139868719424
10627,10625,0.176579751697879
10628,10625,0.172069780480657
10209,10625,0.220732053757901
10621,10625,0.152728329540166
17106,10625,0.249820065265031
10626,10625,0.966670159382247
12689,10625,0.139013610694526
10625,10625,1
11863,10625,0.19159302430673
11923,10625,0.225458036885241
10624,10625,0.886212306802134
12687,10625,0.159132669412082
100868,10625,0.22212799139366
10576,10625,0.189809767577292
10623,10625,0.132838201977002
20033,10625,0.147147487163772
10578,10625,0.256890879621734
10620,10625,0.158596313485092
279,11863,0.281172993464139
227,11863,0.125699328479889
106,11863,0.310151979989225
168,11863,0.144277160848975
51,11863,0.869467613135418
105,11863,0.29164636452436
107,11863,0.125382453264751
108,11863,0.134973109360652
10618,11863,0.253975755446432
11249,11863,0.128612950635356
10577,11863,0.310190076034989
17005,11863,0.126829452448066
12688,11863,0.119559272752194
10627,11863,0.120738042819187
10628,11863,0.11653084249661
10209,11863,0.163811353518203
10621,11863,0.124639452286748
17106,11863,0.283494745353286
10626,11863,0.190128250821595
12689,11863,0.132828139730065
10625,11863,0.19159302430673
11863,11863,1
11923,11863,0.169441071255027
10624,11863,0.183939674601176
12687,11863,0.126171841039589
100868,11863,0.168645183327016
10576,11863,0.942112426765531
10623,11863,0.127393692097176
20033,11863,0.142100010051063
10578,11863,0.287586327399586
10620,11863,0.125686313601491
279,11923,0.2225394609234
227,11923,0.136295200555129
106,11923,0.215612696015088
168,11923,0.170116756190148
51,11923,0.171801642468404
105,11923,0.225498158162298
107,11923,0.176310277659319
108,11923,0.148900382357599
10618,11923,0.215400327270019
11249,11923,0.155741787952026
10577,11923,0.218932621122621
17005,11923,0.178835148373577
12688,11923,0.126241671831077
10627,11923,0.160843330086906
10628,11923,0.167450374448443
10209,11923,0.892628065451723
10621,11923,0.176709551529838
17106,11923,0.209450477686973
10626,11923,0.228454616320648
12689,11923,0.149305697934701
10625,11923,0.225458036885241
11863,11923,0.169441071255027
11923,11923,1
10624,11923,0.22753650966053
12687,11923,0.17954915125537
100868,11923,0.916703951443433
10576,11923,0.171801642468404
10623,11923,0.155379175613808
20033,11923,0.162148148866338
10578,11923,0.224146023088678
10620,11923,0.1803116858737
279,10624,0.243071605676714
227,10624,0.112501667630074
106,10624,0.244791071783155
168,10624,0.142185472878547
51,10624,0.181185843163513
105,10624,0.250702672194163
107,10624,0.169368730589749
108,10624,0.162998072115054
10618,10624,0.238266538426046
11249,10624,0.145467273544765
10577,10624,0.244915946928439
17005,10624,0.165229265410486
12688,10624,0.117481377069005
10627,10624,0.184073651600892
10628,10624,0.180455499115968
10209,10624,0.223197971932193
10621,10624,0.164256626814197
17106,10624,0.247712261525653
10626,10624,0.885376305949333
12689,10624,0.155411145617868
10625,10624,0.886212306802134
11863,10624,0.183939674601176
11923,10624,0.22753650966053
10624,10624,1
12687,10624,0.169263673990833
100868,10624,0.224205892488544
10576,10624,0.181185843163513
10623,10624,0.133657939235969
20033,10624,0.148481370023437
10578,10624,0.245484601923003
10620,10624,0.168723762144737
279,12687,0.164973777858686
227,12687,0.352153552978384
106,12687,0.167751108938955
168,12687,0.12322152698169
51,12687,0.125538608253891
105,12687,0.177078224939625
107,12687,0.914167704411241
108,12687,0.447069450652084
10618,12687,0.182896607723818
11249,12687,0.119548486752951
10577,12687,0.169907751793123
17005,12687,0.870409770461014
12688,12687,0.349386295784718
10627,12687,0.163542356302003
10628,12687,0.165816544987879
10209,12687,0.176415956560062
10621,12687,0.897463894972376
17106,12687,0.160618227828492
10626,12687,0.162393466097718
12689,12687,0.441587785893897
10625,12687,0.159132669412082
11863,12687,0.126171841039589
11923,12687,0.17954915125537
10624,12687,0.169263673990833
12687,12687,1
100868,12687,0.176246436077058
10576,12687,0.125538608253891
10623,12687,0.110061786356142
20033,12687,0.121128296730675
10578,12687,0.17276272289549
10620,12687,0.972314132599735
279,100868,0.218755002364143
227,100868,0.133104758012215
106,100868,0.212873287910765
168,100868,0.162967181468965
51,100868,0.171001464705667
105,100868,0.222226617396761
107,100868,0.173012588235133
108,100868,0.144786842785413
10618,100868,0.21117444362067
11249,100868,0.150972503698207
10577,100868,0.216175394142415
17005,100868,0.17553876342558
12688,100868,0.124312020589465
10627,100868,0.159216177116026
10628,100868,0.165396000101295
10209,100868,0.848638020321403
10621,100868,0.173418256815218
17106,100868,0.204806963458187
10626,100868,0.225110560154576
12689,100868,0.147727743750572
10625,100868,0.22212799139366
11863,100868,0.168645183327016
11923,100868,0.916703951443433
10624,100868,0.224205892488544
12687,100868,0.176246436077058
100868,100868,1
10576,100868,0.171001464705667
10623,100868,0.148848983932248
20033,100868,0.155007143621194
10578,100868,0.220865034931458
10620,100868,0.177008568088249
279,10576,0.273364825153567
227,10576,0.122491182366037
106,10576,0.304451167101643
168,10576,0.142171223580463
51,10576,0.885766092475068
105,10576,0.289734602967053
107,10576,0.124750205220453
108,10576,0.133008679099476
10618,10576,0.249175271235637
11249,10576,0.128408733504277
10577,10576,0.305416010143618
17005,10576,0.126195889527651
12688,10576,0.118938494861603
10627,10576,0.119211868587241
10628,10576,0.115023698376795
10209,10576,0.166093494221606
10621,10576,0.124009455749908
17106,10576,0.28141165068246
10626,10576,0.187354659714245
12689,10576,0.13087226599527
10625,10576,0.189809767577292
11863,10576,0.942112426765531
11923,10576,0.171801642468404
10624,10576,0.181185843163513
12687,10576,0.125538608253891
100868,10576,0.171001464705667
10576,10576,1
10623,10576,0.12581388665044
20033,10576,0.139995246762509
10578,10576,0.289069751000262
10620,10576,0.125054030600924
279,10623,0.114340160240303
227,10623,0.0840235061394906
106,10623,0.112229247720411
168,10623,0.904464207262737
51,10623,0.126732236188034
105,10623,0.106632387543881
107,10623,0.111885159545564
108,10623,0.124979570926463
10618,10623,0.118281327104595
11249,10623,0.827041873938409
10577,10623,0.11083275568079
17005,10623,0.113382400094214
12688,10623,0.0772627473032288
10627,10623,0.15544878092253
10628,10623,0.151331745855787
10209,10623,0.153221000875766
10621,10623,0.118173525734788
17106,10623,0.0992447540368274
10626,10623,0.134697983163588
12689,10623,0.128588722124297
10625,10623,0.132838201977002
11863,10623,0.127393692097176
11923,10623,0.155379175613808
10624,10623,0.133657939235969
12687,10623,0.110061786356142
100868,10623,0.148848983932248
10576,10623,0.12581388665044
10623,10623,1
20033,10623,0.90841956412295
10578,10623,0.112014632845636
10620,10623,0.110892939701223
279,20033,0.127662602116354
227,20033,0.0881916953717636
106,20033,0.123163756440138
168,20033,0.958425215850593
51,20033,0.143753508420563
105,20033,0.121606817699514
107,20033,0.119407870156194
108,20033,0.127413442929271
10618,20033,0.129621565794654
11249,20033,0.890029769583696
10577,20033,0.12226748712225
17005,20033,0.116001780783929
12688,20033,0.0875330299933366
10627,20033,0.176557434556516
10628,20033,0.172639891482742
10209,20033,0.159834480119959
10621,20033,0.124485920522712
17106,20033,0.11225537405774
10626,20033,0.151129706653163
12689,20033,0.131107307847608
10625,20033,0.147147487163772
11863,20033,0.142100010051063
11923,20033,0.162148148866338
10624,20033,0.148481370023437
12687,20033,0.121128296730675
100868,20033,0.155007143621194
10576,20033,0.139995246762509
10623,20033,0.90841956412295
20033,20033,1
10578,20033,0.125660542904917
10620,20033,0.12152669203073
279,10578,0.404333810153434
227,10578,0.168307298377361
106,10578,0.612484169027743
168,10578,0.127516001448361
51,10578,0.28615965283583
105,10578,0.900551179722818
107,10578,0.170552659671561
108,10578,0.187720916667786
10618,10578,0.38945109839948
11249,10578,0.136405544983441
10577,10578,0.607747239422448
17005,10578,0.171090532726049
12688,10578,0.172904589321338
10627,10578,0.161341576528578
10628,10578,0.166921384734358
10209,10578,0.21987213324446
10621,10578,0.167356803393354
17106,10578,0.830487218290272
10626,10578,0.259698043526257
12689,10578,0.188101955395631
10625,10578,0.256890879621734
11863,10578,0.287586327399586
11923,10578,0.224146023088678
10624,10578,0.245484601923003
12687,10578,0.17276272289549
100868,10578,0.220865034931458
10576,10578,0.289069751000262
10623,10578,0.112014632845636
20033,10578,0.125660542904917
10578,10578,1
10620,10578,0.173617307055351
279,10620,0.163968657199767
227,10620,0.352008065034567
106,10620,0.166777859576658
168,10620,0.124066405834951
51,10620,0.125054030600924
105,10620,0.177926968623339
107,10620,0.919165262631835
108,10620,0.446884749363205
10618,10620,0.184686567101659
11249,10620,0.119938431668787
10577,10620,0.168929334251342
17005,10620,0.875413211695095
12688,10620,0.350887378430894
10627,10620,0.162200961234373
10628,10620,0.165748039905431
10209,10620,0.177556442224679
10621,10620,0.898330488532967
17106,10620,0.161591041049343
10626,10620,0.16185449622082
12689,10620,0.442654609710444
10625,10620,0.158596313485092
11863,10620,0.125686313601491
11923,10620,0.1803116858737
10624,10620,0.168723762144737
12687,10620,0.972314132599735
100868,10620,0.177008568088249
10576,10620,0.125054030600924
10623,10620,0.110892939701223
20033,10620,0.12152669203073
10578,10620,0.173617307055351
10620,10620,1
