Var1,Var2,Freq
11265,11265,1
117,11265,0.553516819571865
10183,11265,0.540880503144654
12786,11265,0.524752475247525
11261,11265,0.592814371257485
11262,11265,0.52445652173913
13024,11265,0.556574923547401
10113,11265,0.559633027522936
11260,11265,0.524752475247525
11265,117,0.553516819571865
117,117,1
10183,117,0.553191489361702
12786,117,0.555555555555556
11261,117,0.54635761589404
11262,117,0.533557046979866
13024,117,0.937669376693767
10113,117,0.929539295392954
11260,117,0.555555555555556
11265,10183,0.540880503144654
117,10183,0.553191489361702
10183,10183,1
12786,10183,0.629213483146067
11261,10183,0.5
11262,10183,0.49
13024,10183,0.560283687943262
10113,10183,0.560283687943262
11260,10183,0.623595505617977
11265,12786,0.524752475247525
117,12786,0.555555555555556
10183,12786,0.629213483146067
12786,12786,1
11261,12786,0.518272425249169
11262,12786,0.5
13024,12786,0.540453074433657
10113,12786,0.523219814241486
11260,12786,0.974424552429668
11265,11261,0.592814371257485
117,11261,0.54635761589404
10183,11261,0.5
12786,11261,0.518272425249169
11261,11261,1
11262,11261,0.843601895734597
13024,11261,0.562068965517241
10113,11261,0.533333333333333
11260,11261,0.518272425249169
11265,11262,0.52445652173913
117,11262,0.533557046979866
10183,11262,0.49
12786,11262,0.5
11261,11262,0.843601895734597
11262,11262,1
13024,11262,0.536912751677852
10113,11262,0.536912751677852
11260,11262,0.5
11265,13024,0.556574923547401
117,13024,0.937669376693767
10183,13024,0.560283687943262
12786,13024,0.540453074433657
11261,13024,0.562068965517241
11262,13024,0.536912751677852
13024,13024,1
10113,13024,0.981029810298103
11260,13024,0.543689320388349
11265,10113,0.559633027522936
117,10113,0.929539295392954
10183,10113,0.560283687943262
12786,10113,0.523219814241486
11261,10113,0.533333333333333
11262,10113,0.536912751677852
13024,10113,0.981029810298103
10113,10113,1
11260,10113,0.526315789473684
11265,11260,0.524752475247525
117,11260,0.555555555555556
10183,11260,0.623595505617977
12786,11260,0.974424552429668
11261,11260,0.518272425249169
11262,11260,0.5
13024,11260,0.543689320388349
10113,11260,0.526315789473684
11260,11260,1
