Var1,Var2,Freq
11265,11265,1
117,11265,0.507809907718498
10183,11265,0.435695529114618
12786,11265,0.411876994189851
11261,11265,0.486339337902303
11262,11265,0.447511398880409
13024,11265,0.51137825476175
10113,11265,0.512300728814476
11260,11265,0.411672334801221
11265,117,0.507809907718498
117,117,1
10183,117,0.421759985676426
12786,117,0.443563429148691
11261,117,0.429959027635199
11262,117,0.401813666933914
13024,117,0.945854332553523
10113,117,0.941422722901657
11260,117,0.443343024946686
11265,10183,0.435695529114618
117,10183,0.421759985676426
10183,10183,1
12786,10183,0.546813359277405
11261,10183,0.357510557657033
11262,10183,0.331190393898975
13024,10183,0.423624099289289
10113,10183,0.421980629157737
11260,10183,0.545546128626595
11265,12786,0.411876994189851
117,12786,0.443563429148691
10183,12786,0.546813359277405
12786,12786,1
11261,12786,0.372330668753827
11262,12786,0.353469853189587
13024,12786,0.447483343569147
10113,12786,0.446856137564732
11260,12786,0.97316115399566
11265,11261,0.486339337902303
117,11261,0.429959027635199
10183,11261,0.357510557657033
12786,11261,0.372330668753827
11261,11261,1
11262,11261,0.813051823033614
13024,11261,0.428819568828248
10113,11261,0.430676161768085
11260,11261,0.372145659714452
11265,11262,0.447511398880409
117,11262,0.401813666933914
10183,11262,0.331190393898975
12786,11262,0.353469853189587
11261,11262,0.813051823033614
11262,11262,1
13024,11262,0.401642264482901
10113,11262,0.400563740369564
11260,11262,0.353768436408752
11265,13024,0.51137825476175
117,13024,0.945854332553523
10183,13024,0.423624099289289
12786,13024,0.447483343569147
11261,13024,0.428819568828248
11262,13024,0.401642264482901
13024,13024,1
10113,13024,0.982465356859798
11260,13024,0.448790960767895
11265,10113,0.512300728814476
117,10113,0.941422722901657
10183,10113,0.421980629157737
12786,10113,0.446856137564732
11261,10113,0.430676161768085
11262,10113,0.400563740369564
13024,10113,0.982465356859798
10113,10113,1
11260,10113,0.448163666060366
11265,11260,0.411672334801221
117,11260,0.443343024946686
10183,11260,0.545546128626595
12786,11260,0.97316115399566
11261,11260,0.372145659714452
11262,11260,0.353768436408752
13024,11260,0.448790960767895
10113,11260,0.448163666060366
11260,11260,1
