Var1,Var2,Freq
100414,100414,1
12276,100414,0.306976744186047
30034,100414,0.308681672025723
101399,100414,0.359605911330049
102711,100414,0.354679802955665
30050,100414,0.313432835820896
103456,100414,0.345360824742268
102799,100414,0.333333333333333
103452,100414,0.346938775510204
100414,12276,0.306976744186047
12276,12276,1
30034,12276,0.365384615384615
101399,12276,0.43609022556391
102711,12276,0.418518518518519
30050,12276,0.322097378277154
103456,12276,0.367424242424242
102799,12276,0.351851851851852
103452,12276,0.351648351648352
100414,30034,0.308681672025723
12276,30034,0.365384615384615
30034,30034,1
101399,30034,0.398496240601504
102711,30034,0.397727272727273
30050,30034,0.397003745318352
103456,30034,0.58364312267658
102799,30034,0.42962962962963
103452,30034,0.471830985915493
100414,101399,0.359605911330049
12276,101399,0.43609022556391
30034,101399,0.398496240601504
101399,101399,1
102711,101399,0.652866242038217
30050,101399,0.4
103456,101399,0.406130268199234
102799,101399,0.468634686346864
103452,101399,0.418867924528302
100414,102711,0.354679802955665
12276,102711,0.418518518518519
30034,102711,0.397727272727273
101399,102711,0.652866242038217
102711,102711,1
30050,102711,0.393258426966292
103456,102711,0.404580152671756
102799,102711,0.478571428571429
103452,102711,0.409090909090909
100414,30050,0.313432835820896
12276,30050,0.322097378277154
30034,30050,0.397003745318352
101399,30050,0.4
102711,30050,0.393258426966292
30050,30050,1
103456,30050,0.401544401544402
102799,30050,0.379182156133829
103452,30050,0.398467432950192
100414,103456,0.345360824742268
12276,103456,0.367424242424242
30034,103456,0.58364312267658
101399,103456,0.406130268199234
102711,103456,0.404580152671756
30050,103456,0.401544401544402
103456,103456,1
102799,103456,0.426966292134832
103452,103456,0.468208092485549
100414,102799,0.333333333333333
12276,102799,0.351851851851852
30034,102799,0.42962962962963
101399,102799,0.468634686346864
102711,102799,0.478571428571429
30050,102799,0.379182156133829
103456,102799,0.426966292134832
102799,102799,1
103452,102799,0.425373134328358
100414,103452,0.346938775510204
12276,103452,0.351648351648352
30034,103452,0.471830985915493
101399,103452,0.418867924528302
102711,103452,0.409090909090909
30050,103452,0.398467432950192
103456,103452,0.468208092485549
102799,103452,0.425373134328358
103452,103452,1
