Var1,Var2,Freq
100414,100414,1
12276,100414,0.0569036584967968
30034,100414,0.0589853842450008
101399,100414,0.0874120754002437
102711,100414,0.0848674983781923
30050,100414,0.0427775479099192
103456,100414,0.0593878706575206
102799,100414,0.0625349683850924
103452,100414,0.0574157978604003
100414,12276,0.0569036584967968
12276,12276,1
30034,12276,0.0496118979147764
101399,12276,0.0981591901149796
102711,12276,0.0955131982790876
30050,12276,0.0467334860350602
103456,12276,0.0533004528632993
102799,12276,0.0600456798617619
103452,12276,0.0478167186025842
100414,30034,0.0589853842450008
12276,30034,0.0496118979147764
30034,30034,1
101399,30034,0.078904423330323
102711,30034,0.0760465715646615
30050,30034,0.0491633001943394
103456,30034,0.542751008804522
102799,30034,0.0621481121445274
103452,30034,0.379965459535518
100414,101399,0.0874120754002437
12276,101399,0.0981591901149796
30034,101399,0.078904423330323
101399,101399,1
102711,101399,0.618084716740907
30050,101399,0.0899380591551329
103456,101399,0.0833865776708899
102799,101399,0.120902187829041
103452,101399,0.0802364630267259
100414,102711,0.0848674983781923
12276,102711,0.0955131982790876
30034,102711,0.0760465715646615
101399,102711,0.618084716740907
102711,102711,1
30050,102711,0.0846864435718356
103456,102711,0.0811208163476259
102799,102711,0.120469394251295
103452,102711,0.0770824399286257
100414,30050,0.0427775479099192
12276,30050,0.0467334860350602
30034,30050,0.0491633001943394
101399,30050,0.0899380591551329
102711,30050,0.0846864435718356
30050,30050,1
103456,30050,0.0506373337751301
102799,30050,0.0523132071223615
103452,30050,0.0493284556056259
100414,103456,0.0593878706575206
12276,103456,0.0533004528632993
30034,103456,0.542751008804522
101399,103456,0.0833865776708899
102711,103456,0.0811208163476259
30050,103456,0.0506373337751301
103456,103456,1
102799,103456,0.0666786057408995
103452,103456,0.386544255520956
100414,102799,0.0625349683850924
12276,102799,0.0600456798617619
30034,102799,0.0621481121445274
101399,102799,0.120902187829041
102711,102799,0.120469394251295
30050,102799,0.0523132071223615
103456,102799,0.0666786057408995
102799,102799,1
103452,102799,0.0612388045491996
100414,103452,0.0574157978604003
12276,103452,0.0478167186025842
30034,103452,0.379965459535518
101399,103452,0.0802364630267259
102711,103452,0.0770824399286257
30050,103452,0.0493284556056259
103456,103452,0.386544255520956
102799,103452,0.0612388045491996
103452,103452,1
