Var1,Var2,Freq
11908,11908,1
30040,11908,0.239752405195858
30047,11908,0.100840819418397
30024,11908,0.224392743940919
100947,11908,0.149589311330638
30044,11908,0.243689136097383
30025,11908,0.742457630192798
101056,11908,0.23211468616796
100071,11908,0.677646016407233
30006,11908,0.130073333151307
100080,11908,0.271348608588114
30035,11908,0.122135101047191
101220,11908,0.0983335523738398
101273,11908,0.0976552561217196
101312,11908,0.133285245997265
103140,11908,0.105734275963812
30049,11908,0.137039244722272
101506,11908,0.128355518681295
101131,11908,0.124205466048189
10277,11908,0.225232397229351
103433,11908,0.153377178827719
103437,11908,0.142201567411195
101231,11908,0.233319194571692
101613,11908,0.241397318686574
101225,11908,0.0963131988898306
101188,11908,0.137209873022945
101464,11908,0.102783775655737
11908,30040,0.239752405195858
30040,30040,1
30047,30040,0.083118915488434
30024,30040,0.168005352160231
100947,30040,0.121156859779375
30044,30040,0.352718031702964
30025,30040,0.241583889204549
101056,30040,0.172606732210716
100071,30040,0.249679367952723
30006,30040,0.110133220649386
100080,30040,0.348125543907103
30035,30040,0.0961325291849443
101220,30040,0.082642571889609
101273,30040,0.0786293342135131
101312,30040,0.12118410301049
103140,30040,0.0829623705532927
30049,30040,0.125070120172577
101506,30040,0.0981673854007794
101131,30040,0.0944899609749413
10277,30040,0.166319482335427
103433,30040,0.113647295913052
103437,30040,0.107860714110074
101231,30040,0.170992028962233
101613,30040,0.171731240213018
101225,30040,0.0723642903573768
101188,30040,0.118391166140477
101464,30040,0.0857552006920288
11908,30047,0.100840819418397
30040,30047,0.083118915488434
30047,30047,1
30024,30047,0.153756937249115
100947,30047,0.108144084544387
30044,30047,0.082430023993578
30025,30047,0.10089058292538
101056,30047,0.147016949935979
100071,30047,0.0990750915708704
30006,30047,0.0918144599541436
100080,30047,0.0918752991995045
30035,30047,0.0856484136092047
101220,30047,0.557377668157695
101273,30047,0.105300599493876
101312,30047,0.105875882012389
103140,30047,0.070733933580614
30049,30047,0.112002692079281
101506,30047,0.0848900851988403
101131,30047,0.0814199140603816
10277,30047,0.145992981761942
103433,30047,0.0870414446850123
103437,30047,0.0807818348362792
101231,30047,0.154570337151214
101613,30047,0.157531108725536
101225,30047,0.100578015671053
101188,30047,0.110476369741376
101464,30047,0.551299002538125
11908,30024,0.224392743940919
30040,30024,0.168005352160231
30047,30024,0.153756937249115
30024,30024,1
100947,30024,0.18923091175469
30044,30024,0.161675373132667
30025,30024,0.226244514900271
101056,30024,0.319242450949254
100071,30024,0.225671747829088
30006,30024,0.182313808695772
100080,30024,0.177928885229231
30035,30024,0.160034186817099
101220,30024,0.148529114230889
101273,30024,0.143526107891157
101312,30024,0.182688376821775
103140,30024,0.129918542948103
30049,30024,0.180989674692576
101506,30024,0.164483774680908
101131,30024,0.150768506921987
10277,30024,0.763643419976736
103433,30024,0.171994076322453
103437,30024,0.163251653618811
101231,30024,0.321195347467278
101613,30024,0.323051893232885
101225,30024,0.139675961662669
101188,30024,0.188131149878043
101464,30024,0.158227065963916
11908,100947,0.149589311330638
30040,100947,0.121156859779375
30047,100947,0.108144084544387
30024,100947,0.18923091175469
100947,100947,1
30044,100947,0.115827845115206
30025,100947,0.150182463171099
101056,100947,0.198040745872349
100071,100947,0.149238565324121
30006,100947,0.13074782224166
100080,100947,0.124951499002769
30035,100947,0.116010406865719
101220,100947,0.104689167228813
101273,100947,0.0983468278603426
101312,100947,0.34861766659334
103140,100947,0.0942724336721053
30049,100947,0.481941199190018
101506,100947,0.111045896572853
101131,100947,0.10730447586699
10277,100947,0.183580365294136
103433,100947,0.117610867178176
103437,100947,0.110934019220135
101231,100947,0.210397947124665
101613,100947,0.207880665636716
101225,100947,0.0930321239859801
101188,100947,0.462980605969279
101464,100947,0.108671050280531
11908,30044,0.243689136097383
30040,30044,0.352718031702964
30047,30044,0.082430023993578
30024,30044,0.161675373132667
100947,30044,0.115827845115206
30044,30044,1
30025,30044,0.245598242454582
101056,30044,0.165075129680688
100071,30044,0.245282995746741
30006,30044,0.101570120411627
100080,30044,0.384187625686256
30035,30044,0.0895993001086593
101220,30044,0.0784929804558507
101273,30044,0.0726826756832599
101312,30044,0.109261881829425
103140,30044,0.0781311623986041
30049,30044,0.113573465580632
101506,30044,0.0998628630274752
101131,30044,0.0894895176004121
10277,30044,0.160691956460947
103433,30044,0.119812402842291
103437,30044,0.11095425420495
101231,30044,0.1593675086966
101613,30044,0.165220517118572
101225,30044,0.0654907478597872
101188,30044,0.113213344651652
101464,30044,0.082045290737108
11908,30025,0.742457630192798
30040,30025,0.241583889204549
30047,30025,0.10089058292538
30024,30025,0.226244514900271
100947,30025,0.150182463171099
30044,30025,0.245598242454582
30025,30025,1
101056,30025,0.232843869676974
100071,30025,0.728114660119831
30006,30025,0.131847185949372
100080,30025,0.272125986317024
30035,30025,0.120223740318933
101220,30025,0.0990247133597588
101273,30025,0.0978906104845003
101312,30025,0.139078239094879
103140,30025,0.108366611744332
30049,30025,0.141152494831296
101506,30025,0.130673122226018
101131,30025,0.126428085093252
10277,30025,0.228956861335259
103433,30025,0.159141725467835
103437,30025,0.144204216695827
101231,30025,0.236420312056357
101613,30025,0.243788372837976
101225,30025,0.09886482504981
101188,30025,0.139342755184514
101464,30025,0.103272039145122
11908,101056,0.23211468616796
30040,101056,0.172606732210716
30047,101056,0.147016949935979
30024,101056,0.319242450949254
100947,101056,0.198040745872349
30044,101056,0.165075129680688
30025,101056,0.232843869676974
101056,101056,1
100071,101056,0.232145047847058
30006,101056,0.173921643068733
100080,101056,0.177878758559262
30035,101056,0.150607791133721
101220,101056,0.144500406667351
101273,101056,0.123839889284334
101312,101056,0.188040106085982
103140,101056,0.142433602159839
30049,101056,0.196260425156338
101506,101056,0.169343090186615
101131,101056,0.165579253013404
10277,101056,0.31853845069854
103433,101056,0.211678572824616
103437,101056,0.206217362255857
101231,101056,0.684859763850938
101613,101056,0.654748535252627
101225,101056,0.122503543720644
101188,101056,0.191475126879163
101464,101056,0.147400458411943
11908,100071,0.677646016407233
30040,100071,0.249679367952723
30047,100071,0.0990750915708704
30024,100071,0.225671747829088
100947,100071,0.149238565324121
30044,100071,0.245282995746741
30025,100071,0.728114660119831
101056,100071,0.232145047847058
100071,100071,1
30006,100071,0.132127060860986
100080,100071,0.28006681421378
30035,100071,0.118593814224181
101220,100071,0.0973896379389392
101273,100071,0.100354351102323
101312,100071,0.137038099987216
103140,100071,0.106282005787548
30049,100071,0.140069278680738
101506,100071,0.128559039444294
101131,100071,0.123970592142185
10277,100071,0.229621413475133
103433,100071,0.158695937001387
103437,100071,0.144226455232039
101231,100071,0.231639758920979
101613,100071,0.242300248984073
101225,100071,0.0969257647081492
101188,100071,0.139745396432075
101464,100071,0.101078574976312
11908,30006,0.130073333151307
30040,30006,0.110133220649386
30047,30006,0.0918144599541436
30024,30006,0.182313808695772
100947,30006,0.13074782224166
30044,30006,0.101570120411627
30025,30006,0.131847185949372
101056,30006,0.173921643068733
100071,30006,0.132127060860986
30006,30006,1
100080,30006,0.109614647861374
30035,30006,0.328106950849912
101220,30006,0.091274036010102
101273,30006,0.099218893871114
101312,30006,0.124391581280154
103140,30006,0.080845439592613
30049,30006,0.127689218762799
101506,30006,0.102745527587331
101131,30006,0.0949686883552118
10277,30006,0.184857046277245
103433,30006,0.106039500263613
103437,30006,0.0987954423256948
101231,30006,0.17839808972635
101613,30006,0.172923806024081
101225,30006,0.0902308219679565
101188,30006,0.12462147422358
101464,30006,0.0950507643739949
11908,100080,0.271348608588114
30040,100080,0.348125543907103
30047,100080,0.0918752991995045
30024,100080,0.177928885229231
100947,100080,0.124951499002769
30044,100080,0.384187625686256
30025,100080,0.272125986317024
101056,100080,0.177878758559262
100071,100080,0.28006681421378
30006,100080,0.109614647861374
100080,100080,1
30035,100080,0.0984906490912864
101220,100080,0.0896530339629345
101273,100080,0.0806333734480227
101312,100080,0.123383325851448
103140,100080,0.0884742980658234
30049,100080,0.120355508560741
101506,100080,0.110256698718157
101131,100080,0.100529063383559
10277,100080,0.177558260288642
103433,100080,0.136389041544325
103437,100080,0.128531954284724
101231,100080,0.172609195367888
101613,100080,0.18368218723803
101225,100080,0.0726547265896096
101188,100080,0.123257329719732
101464,100080,0.0932620330107236
11908,30035,0.122135101047191
30040,30035,0.0961325291849443
30047,30035,0.0856484136092047
30024,30035,0.160034186817099
100947,30035,0.116010406865719
30044,30035,0.0895993001086593
30025,30035,0.120223740318933
101056,30035,0.150607791133721
100071,30035,0.118593814224181
30006,30035,0.328106950849912
100080,30035,0.0984906490912864
30035,30035,1
101220,30035,0.0838164154733632
101273,30035,0.0869697818320961
101312,30035,0.101205748172926
103140,30035,0.07260128679915
30049,30035,0.109705821385649
101506,30035,0.0909069440919902
101131,30035,0.0843669605570963
10277,30035,0.156559797692547
103433,30035,0.0907393052301824
103437,30035,0.0877103730195985
101231,30035,0.150242973414456
101613,30035,0.151756141484298
101225,30035,0.081567135767361
101188,30035,0.109295222827172
101464,30035,0.0868217887747077
11908,101220,0.0983335523738398
30040,101220,0.082642571889609
30047,101220,0.557377668157695
30024,101220,0.148529114230889
100947,101220,0.104689167228813
30044,101220,0.0784929804558507
30025,101220,0.0990247133597588
101056,101220,0.144500406667351
100071,101220,0.0973896379389392
30006,101220,0.091274036010102
100080,101220,0.0896530339629345
30035,101220,0.0838164154733632
101220,101220,1
101273,101220,0.104320637779043
101312,101220,0.104056886832891
103140,101220,0.0660771134634793
30049,101220,0.109677074916326
101506,101220,0.079220099741912
101131,101220,0.0772322502590098
10277,101220,0.143145010733206
103433,101220,0.0832612039448982
103437,101220,0.0786487685196055
101231,101220,0.149750267980429
101613,101220,0.151846610445256
101225,101220,0.102029415862544
101188,101220,0.108228401902216
101464,101220,0.51854226878802
11908,101273,0.0976552561217196
30040,101273,0.0786293342135131
30047,101273,0.105300599493876
30024,101273,0.143526107891157
100947,101273,0.0983468278603426
30044,101273,0.0726826756832599
30025,101273,0.0978906104845003
101056,101273,0.123839889284334
100071,101273,0.100354351102323
30006,101273,0.099218893871114
100080,101273,0.0806333734480227
30035,101273,0.0869697818320961
101220,101273,0.104320637779043
101273,101273,1
101312,101273,0.0864322097784
103140,101273,0.0549076345234145
30049,101273,0.0886549042897572
101506,101273,0.0697248558579732
101131,101273,0.0631358487401251
10277,101273,0.139116233669676
103433,101273,0.081869547354694
103437,101273,0.0754830747076536
101231,101273,0.127762001591564
101613,101273,0.134069221932836
101225,101273,0.493419082731
101188,101273,0.0928770991506448
101464,101273,0.110230281684519
11908,101312,0.133285245997265
30040,101312,0.12118410301049
30047,101312,0.105875882012389
30024,101312,0.182688376821775
100947,101312,0.34861766659334
30044,101312,0.109261881829425
30025,101312,0.139078239094879
101056,101312,0.188040106085982
100071,101312,0.137038099987216
30006,101312,0.124391581280154
100080,101312,0.123383325851448
30035,101312,0.101205748172926
101220,101312,0.104056886832891
101273,101312,0.0864322097784
101312,101312,1
103140,101312,0.0874938268272499
30049,101312,0.39056290547135
101506,101312,0.0979385791243381
101131,101312,0.0961793470093466
10277,101312,0.176508489207899
103433,101312,0.106722636780273
103437,101312,0.0994370641587644
101231,101312,0.190289813827033
101613,101312,0.195561756294314
101225,101312,0.0845724327076321
101188,101312,0.340344704824193
101464,101312,0.106136204029603
11908,103140,0.105734275963812
30040,103140,0.0829623705532927
30047,103140,0.070733933580614
30024,103140,0.129918542948103
100947,103140,0.0942724336721053
30044,103140,0.0781311623986041
30025,103140,0.108366611744332
101056,103140,0.142433602159839
100071,103140,0.106282005787548
30006,103140,0.080845439592613
100080,103140,0.0884742980658234
30035,103140,0.07260128679915
101220,103140,0.0660771134634793
101273,103140,0.0549076345234145
101312,103140,0.0874938268272499
103140,103140,1
30049,103140,0.0877987330047935
101506,103140,0.429047895706943
101131,103140,0.46919314009465
10277,103140,0.128140695462969
103433,103140,0.0789841873435159
103437,103140,0.0752643607666744
101231,103140,0.140655507379543
101613,103140,0.141194107255876
101225,103140,0.0508218375755454
101188,103140,0.0896747521916725
101464,103140,0.0686008537387026
11908,30049,0.137039244722272
30040,30049,0.125070120172577
30047,30049,0.112002692079281
30024,30049,0.180989674692576
100947,30049,0.481941199190018
30044,30049,0.113573465580632
30025,30049,0.141152494831296
101056,30049,0.196260425156338
100071,30049,0.140069278680738
30006,30049,0.127689218762799
100080,30049,0.120355508560741
30035,30049,0.109705821385649
101220,30049,0.109677074916326
101273,30049,0.0886549042897572
101312,30049,0.39056290547135
103140,30049,0.0877987330047935
30049,30049,1
101506,30049,0.106268664479946
101131,30049,0.10172040976663
10277,30049,0.176639553101242
103433,30049,0.114949281364623
103437,30049,0.103593334627471
101231,30049,0.206866378771397
101613,30049,0.201802560549769
101225,30049,0.0885132762403918
101188,30049,0.616508479095392
101464,30049,0.114454560296733
11908,101506,0.128355518681295
30040,101506,0.0981673854007794
30047,101506,0.0848900851988403
30024,101506,0.164483774680908
100947,101506,0.111045896572853
30044,101506,0.0998628630274752
30025,101506,0.130673122226018
101056,101506,0.169343090186615
100071,101506,0.128559039444294
30006,101506,0.102745527587331
100080,101506,0.110256698718157
30035,101506,0.0909069440919902
101220,101506,0.079220099741912
101273,101506,0.0697248558579732
101312,101506,0.0979385791243381
103140,101506,0.429047895706943
30049,101506,0.106268664479946
101506,101506,1
101131,101506,0.697762861529329
10277,101506,0.15911206487784
103433,101506,0.102888214631631
103437,101506,0.102201085578398
101231,101506,0.171007996192539
101613,101506,0.171739342105308
101225,101506,0.0638443969410661
101188,101506,0.107759374936202
101464,101506,0.0840905434766426
11908,101131,0.124205466048189
30040,101131,0.0944899609749413
30047,101131,0.0814199140603816
30024,101131,0.150768506921987
100947,101131,0.10730447586699
30044,101131,0.0894895176004121
30025,101131,0.126428085093252
101056,101131,0.165579253013404
100071,101131,0.123970592142185
30006,101131,0.0949686883552118
100080,101131,0.100529063383559
30035,101131,0.0843669605570963
101220,101131,0.0772322502590098
101273,101131,0.0631358487401251
101312,101131,0.0961793470093466
103140,101131,0.46919314009465
30049,101131,0.10172040976663
101506,101131,0.697762861529329
101131,101131,1
10277,101131,0.147376822211754
103433,101131,0.0868872395962356
103437,101131,0.087495880752233
101231,101131,0.161644946990583
101613,101131,0.162940781033819
101225,101131,0.0591767102767517
101188,101131,0.10408502132921
101464,101131,0.0800345644690701
11908,10277,0.225232397229351
30040,10277,0.166319482335427
30047,10277,0.145992981761942
30024,10277,0.763643419976736
100947,10277,0.183580365294136
30044,10277,0.160691956460947
30025,10277,0.228956861335259
101056,10277,0.31853845069854
100071,10277,0.229621413475133
30006,10277,0.184857046277245
100080,10277,0.177558260288642
30035,10277,0.156559797692547
101220,10277,0.143145010733206
101273,10277,0.139116233669676
101312,10277,0.176508489207899
103140,10277,0.128140695462969
30049,10277,0.176639553101242
101506,10277,0.15911206487784
101131,10277,0.147376822211754
10277,10277,1
103433,10277,0.168658413736021
103437,10277,0.160389309691655
101231,10277,0.319660576949881
101613,10277,0.334323171872451
101225,10277,0.137746839294157
101188,10277,0.181268560533696
101464,10277,0.151348713552223
11908,103433,0.153377178827719
30040,103433,0.113647295913052
30047,103433,0.0870414446850123
30024,103433,0.171994076322453
100947,103433,0.117610867178176
30044,103433,0.119812402842291
30025,103433,0.159141725467835
101056,103433,0.211678572824616
100071,103433,0.158695937001387
30006,103433,0.106039500263613
100080,103433,0.136389041544325
30035,103433,0.0907393052301824
101220,103433,0.0832612039448982
101273,103433,0.081869547354694
101312,103433,0.106722636780273
103140,103433,0.0789841873435159
30049,103433,0.114949281364623
101506,103433,0.102888214631631
101131,103433,0.0868872395962356
10277,103433,0.168658413736021
103433,103433,1
103437,103433,0.687347048443881
101231,103433,0.217790203935338
101613,103433,0.210718091806616
101225,103433,0.0867570489976155
101188,103433,0.118792608467943
101464,103433,0.0884717815895469
11908,103437,0.142201567411195
30040,103437,0.107860714110074
30047,103437,0.0807818348362792
30024,103437,0.163251653618811
100947,103437,0.110934019220135
30044,103437,0.11095425420495
30025,103437,0.144204216695827
101056,103437,0.206217362255857
100071,103437,0.144226455232039
30006,103437,0.0987954423256948
100080,103437,0.128531954284724
30035,103437,0.0877103730195985
101220,103437,0.0786487685196055
101273,103437,0.0754830747076536
101312,103437,0.0994370641587644
103140,103437,0.0752643607666744
30049,103437,0.103593334627471
101506,103437,0.102201085578398
101131,103437,0.087495880752233
10277,103437,0.160389309691655
103433,103437,0.687347048443881
103437,103437,1
101231,103437,0.210585886180852
101613,103437,0.207683251393727
101225,103437,0.0837656519153122
101188,103437,0.110107588156212
101464,103437,0.0810303623147934
11908,101231,0.233319194571692
30040,101231,0.170992028962233
30047,101231,0.154570337151214
30024,101231,0.321195347467278
100947,101231,0.210397947124665
30044,101231,0.1593675086966
30025,101231,0.236420312056357
101056,101231,0.684859763850938
100071,101231,0.231639758920979
30006,101231,0.17839808972635
100080,101231,0.172609195367888
30035,101231,0.150242973414456
101220,101231,0.149750267980429
101273,101231,0.127762001591564
101312,101231,0.190289813827033
103140,101231,0.140655507379543
30049,101231,0.206866378771397
101506,101231,0.171007996192539
101131,101231,0.161644946990583
10277,101231,0.319660576949881
103433,101231,0.217790203935338
103437,101231,0.210585886180852
101231,101231,1
101613,101231,0.653831958301269
101225,101231,0.129009161681818
101188,101231,0.201151830099962
101464,101231,0.155471592830966
11908,101613,0.241397318686574
30040,101613,0.171731240213018
30047,101613,0.157531108725536
30024,101613,0.323051893232885
100947,101613,0.207880665636716
30044,101613,0.165220517118572
30025,101613,0.243788372837976
101056,101613,0.654748535252627
100071,101613,0.242300248984073
30006,101613,0.172923806024081
100080,101613,0.18368218723803
30035,101613,0.151756141484298
101220,101613,0.151846610445256
101273,101613,0.134069221932836
101312,101613,0.195561756294314
103140,101613,0.141194107255876
30049,101613,0.201802560549769
101506,101613,0.171739342105308
101131,101613,0.162940781033819
10277,101613,0.334323171872451
103433,101613,0.210718091806616
103437,101613,0.207683251393727
101231,101613,0.653831958301269
101613,101613,1
101225,101613,0.132894079586289
101188,101613,0.197828132800225
101464,101613,0.157373569229342
11908,101225,0.0963131988898306
30040,101225,0.0723642903573768
30047,101225,0.100578015671053
30024,101225,0.139675961662669
100947,101225,0.0930321239859801
30044,101225,0.0654907478597872
30025,101225,0.09886482504981
101056,101225,0.122503543720644
100071,101225,0.0969257647081492
30006,101225,0.0902308219679565
100080,101225,0.0726547265896096
30035,101225,0.081567135767361
101220,101225,0.102029415862544
101273,101225,0.493419082731
101312,101225,0.0845724327076321
103140,101225,0.0508218375755454
30049,101225,0.0885132762403918
101506,101225,0.0638443969410661
101131,101225,0.0591767102767517
10277,101225,0.137746839294157
103433,101225,0.0867570489976155
103437,101225,0.0837656519153122
101231,101225,0.129009161681818
101613,101225,0.132894079586289
101225,101225,1
101188,101225,0.0905663642887943
101464,101225,0.105150579337124
11908,101188,0.137209873022945
30040,101188,0.118391166140477
30047,101188,0.110476369741376
30024,101188,0.188131149878043
100947,101188,0.462980605969279
30044,101188,0.113213344651652
30025,101188,0.139342755184514
101056,101188,0.191475126879163
100071,101188,0.139745396432075
30006,101188,0.12462147422358
100080,101188,0.123257329719732
30035,101188,0.109295222827172
101220,101188,0.108228401902216
101273,101188,0.0928770991506448
101312,101188,0.340344704824193
103140,101188,0.0896747521916725
30049,101188,0.616508479095392
101506,101188,0.107759374936202
101131,101188,0.10408502132921
10277,101188,0.181268560533696
103433,101188,0.118792608467943
103437,101188,0.110107588156212
101231,101188,0.201151830099962
101613,101188,0.197828132800225
101225,101188,0.0905663642887943
101188,101188,1
101464,101188,0.116368907830957
11908,101464,0.102783775655737
30040,101464,0.0857552006920288
30047,101464,0.551299002538125
30024,101464,0.158227065963916
100947,101464,0.108671050280531
30044,101464,0.082045290737108
30025,101464,0.103272039145122
101056,101464,0.147400458411943
100071,101464,0.101078574976312
30006,101464,0.0950507643739949
100080,101464,0.0932620330107236
30035,101464,0.0868217887747077
101220,101464,0.51854226878802
101273,101464,0.110230281684519
101312,101464,0.106136204029603
103140,101464,0.0686008537387026
30049,101464,0.114454560296733
101506,101464,0.0840905434766426
101131,101464,0.0800345644690701
10277,101464,0.151348713552223
103433,101464,0.0884717815895469
103437,101464,0.0810303623147934
101231,101464,0.155471592830966
101613,101464,0.157373569229342
101225,101464,0.105150579337124
101188,101464,0.116368907830957
101464,101464,1
