Var1,Var2,Freq
10478,10478,1
10235,10478,0.8
12919,10478,0.434782608695652
11047,10478,0.547297297297297
11046,10478,0.423423423423423
11409,10478,0.418918918918919
10371,10478,0.450909090909091
10478,10235,0.8
10235,10235,1
12919,10235,0.466216216216216
11047,10235,0.548895899053628
11046,10235,0.442857142857143
11409,10235,0.438095238095238
10371,10235,0.440972222222222
10478,12919,0.434782608695652
10235,12919,0.466216216216216
12919,12919,1
11047,12919,0.5
11046,12919,0.383966244725738
11409,12919,0.383966244725738
10371,12919,0.371929824561403
10478,11047,0.547297297297297
10235,11047,0.548895899053628
12919,11047,0.5
11047,11047,1
11046,11047,0.457142857142857
11409,11047,0.452380952380952
10371,11047,0.403333333333333
10478,11046,0.423423423423423
10235,11046,0.442857142857143
12919,11046,0.383966244725738
11047,11046,0.457142857142857
11046,11046,1
11409,11046,0.81701030927835
10371,11046,0.495535714285714
10478,11409,0.418918918918919
10235,11409,0.438095238095238
12919,11409,0.383966244725738
11047,11409,0.452380952380952
11046,11409,0.81701030927835
11409,11409,1
10371,11409,0.487179487179487
10478,10371,0.450909090909091
10235,10371,0.440972222222222
12919,10371,0.371929824561403
11047,10371,0.403333333333333
11046,10371,0.495535714285714
11409,10371,0.487179487179487
10371,10371,1
