Var1,Var2,Freq
10478,10478,1
10235,10478,0.779157310281
12919,10478,0.326877215671111
11047,10478,0.440640155353238
11046,10478,0.217522090556983
11409,10478,0.217191035039104
10371,10478,0.23362845763778
10478,10235,0.779157310281
10235,10235,1
12919,10235,0.343227976535169
11047,10235,0.469424954636971
11046,10235,0.235631317559787
11409,10235,0.235403969624116
10371,10235,0.247296553130708
10478,12919,0.326877215671111
10235,12919,0.343227976535169
12919,12919,1
11047,12919,0.339367535478438
11046,12919,0.187049254813984
11409,12919,0.191864085322369
10371,12919,0.166489814221353
10478,11047,0.440640155353238
10235,11047,0.469424954636971
12919,11047,0.339367535478438
11047,11047,1
11046,11047,0.199480799727795
11409,11047,0.202052224406968
10371,11047,0.205040510360078
10478,11046,0.217522090556983
10235,11046,0.235631317559787
12919,11046,0.187049254813984
11047,11046,0.199480799727795
11046,11046,1
11409,11046,0.79166175684991
10371,11046,0.261749832934303
10478,11409,0.217191035039104
10235,11409,0.235403969624116
12919,11409,0.191864085322369
11047,11409,0.202052224406968
11046,11409,0.79166175684991
11409,11409,1
10371,11409,0.269813572216726
10478,10371,0.23362845763778
10235,10371,0.247296553130708
12919,10371,0.166489814221353
11047,10371,0.205040510360078
11046,10371,0.261749832934303
11409,10371,0.269813572216726
10371,10371,1
