Var1,Var2,Freq
11908,11908,1
30040,11908,0.505226480836237
30047,11908,0.377697841726619
30024,11908,0.427083333333333
100947,11908,0.414035087719298
30044,11908,0.511784511784512
30025,11908,0.784832451499118
101056,11908,0.461538461538462
100071,11908,0.724199288256228
30006,11908,0.394366197183099
100080,11908,0.52901023890785
30035,11908,0.398601398601399
101220,11908,0.384892086330935
101273,11908,0.366548042704626
101312,11908,0.407692307692308
103140,11908,0.4
30049,11908,0.418250950570342
101506,11908,0.410526315789474
101131,11908,0.421052631578947
10277,11908,0.427083333333333
103433,11908,0.404255319148936
103437,11908,0.386524822695035
101231,11908,0.459558823529412
101613,11908,0.461818181818182
101225,11908,0.400735294117647
101188,11908,0.434456928838951
101464,11908,0.381294964028777
11908,30040,0.505226480836237
30040,30040,1
30047,30040,0.354243542435424
30024,30040,0.397683397683398
100947,30040,0.404255319148936
30044,30040,0.456582633053221
30025,30040,0.486394557823129
101056,30040,0.387096774193548
100071,30040,0.501742160278746
30006,30040,0.371212121212121
100080,30040,0.483630952380952
30035,30040,0.37007874015748
101220,30040,0.365313653136531
101273,30040,0.360294117647059
101312,30040,0.41025641025641
103140,30040,0.367857142857143
30049,30040,0.427480916030534
101506,30040,0.382142857142857
101131,30040,0.384892086330935
10277,30040,0.401544401544402
103433,30040,0.369402985074627
103437,30040,0.369175627240143
101231,30040,0.382142857142857
101613,30040,0.386973180076628
101225,30040,0.364963503649635
101188,30040,0.423529411764706
101464,30040,0.357933579335793
11908,30047,0.377697841726619
30040,30047,0.354243542435424
30047,30047,1
30024,30047,0.446428571428571
100947,30047,0.460714285714286
30044,30047,0.379310344827586
30025,30047,0.381294964028777
101056,30047,0.401146131805158
100071,30047,0.375451263537906
30006,30047,0.414893617021277
100080,30047,0.376383763837638
30035,30047,0.40327868852459
101220,30047,0.63323782234957
101273,30047,0.505338078291815
101312,30047,0.376
103140,30047,0.342042755344418
30049,30047,0.457337883959044
101506,30047,0.405144694533762
101131,30047,0.409785932721713
10277,30047,0.43613707165109
103433,30047,0.39041095890411
103437,30047,0.384879725085911
101231,30047,0.445141065830721
101613,30047,0.440625
101225,30047,0.538461538461538
101188,30047,0.472602739726027
101464,30047,0.644460535843592
11908,30024,0.427083333333333
30040,30024,0.397683397683398
30047,30024,0.446428571428571
30024,30024,1
100947,30024,0.42671009771987
30044,30024,0.394160583941606
30025,30024,0.430555555555556
101056,30024,0.511475409836066
100071,30024,0.425992779783394
30006,30024,0.409375
100080,30024,0.385496183206107
30035,30024,0.406940063091483
101220,30024,0.431137724550898
101273,30024,0.458483754512635
101312,30024,0.440129449838188
103140,30024,0.408783783783784
30049,30024,0.434640522875817
101506,30024,0.435810810810811
101131,30024,0.427609427609428
10277,30024,0.779835390946502
103433,30024,0.402097902097902
103437,30024,0.400709219858156
101231,30024,0.509868421052632
101613,30024,0.501650165016502
101225,30024,0.476868327402135
101188,30024,0.450980392156863
101464,30024,0.433734939759036
11908,100947,0.414035087719298
30040,100947,0.404255319148936
30047,100947,0.460714285714286
30024,100947,0.42671009771987
100947,100947,1
30044,100947,0.392982456140351
30025,100947,0.410526315789474
101056,100947,0.464285714285714
100071,100947,0.392982456140351
30006,100947,0.432624113475177
100080,100947,0.382456140350877
30035,100947,0.453183520599251
101220,100947,0.426380368098159
101273,100947,0.442446043165468
101312,100947,0.435
103140,100947,0.36280487804878
30049,100947,0.525059665871122
101506,100947,0.403508771929825
101131,100947,0.410526315789474
10277,100947,0.421052631578947
103433,100947,0.379928315412186
103437,100947,0.378839590443686
101231,100947,0.491166077738516
101613,100947,0.469964664310954
101225,100947,0.462633451957295
101188,100947,0.525784753363229
101464,100947,0.457142857142857
11908,30044,0.511784511784512
30040,30044,0.456582633053221
30047,30044,0.379310344827586
30024,30044,0.394160583941606
100947,30044,0.392982456140351
30044,30044,1
30025,30044,0.501618122977346
101056,30044,0.389891696750903
100071,30044,0.494915254237288
30006,30044,0.375
100080,30044,0.813504823151125
30035,30044,0.359848484848485
101220,30044,0.375478927203065
101273,30044,0.347985347985348
101312,30044,0.378277153558052
103140,30044,0.354838709677419
30049,30044,0.404669260700389
101506,30044,0.376344086021505
101131,30044,0.3584229390681
10277,30044,0.397810218978102
103433,30044,0.375
103437,30044,0.375
101231,30044,0.375968992248062
101613,30044,0.386100386100386
101225,30044,0.360294117647059
101188,30044,0.400749063670412
101464,30044,0.371647509578544
11908,30025,0.784832451499118
30040,30025,0.486394557823129
30047,30025,0.381294964028777
30024,30025,0.430555555555556
100947,30025,0.410526315789474
30044,30025,0.501618122977346
30025,30025,1
101056,30025,0.457875457875458
100071,30025,0.761467889908257
30006,30025,0.405693950177936
100080,30025,0.525597269624573
30035,30025,0.37953795379538
101220,30025,0.388489208633094
101273,30025,0.366548042704626
101312,30025,0.414448669201521
103140,30025,0.403508771929825
30049,30025,0.429657794676806
101506,30025,0.410526315789474
101131,30025,0.424561403508772
10277,30025,0.425170068027211
103433,30025,0.407801418439716
103437,30025,0.386524822695035
101231,30025,0.445229681978799
101613,30025,0.447552447552448
101225,30025,0.404411764705882
101188,30025,0.441947565543071
101464,30025,0.384892086330935
11908,101056,0.461538461538462
30040,101056,0.387096774193548
30047,101056,0.401146131805158
30024,101056,0.511475409836066
100947,101056,0.464285714285714
30044,101056,0.389891696750903
30025,101056,0.457875457875458
101056,101056,1
100071,101056,0.454212454212454
30006,101056,0.412337662337662
100080,101056,0.386973180076628
30035,101056,0.414473684210526
101220,101056,0.43343653250774
101273,101056,0.434306569343066
101312,101056,0.418060200668896
103140,101056,0.447183098591549
30049,101056,0.44
101506,101056,0.462897526501767
101131,101056,0.471830985915493
10277,101056,0.514754098360656
103433,101056,0.462897526501767
103437,101056,0.469964664310954
101231,101056,0.742647058823529
101613,101056,0.717391304347826
101225,101056,0.446735395189003
101188,101056,0.460750853242321
101464,101056,0.41304347826087
11908,100071,0.724199288256228
30040,100071,0.501742160278746
30047,100071,0.375451263537906
30024,100071,0.425992779783394
100947,100071,0.392982456140351
30044,100071,0.494915254237288
30025,100071,0.761467889908257
101056,100071,0.454212454212454
100071,100071,1
30006,100071,0.402135231316726
100080,100071,0.511551155115512
30035,100071,0.374125874125874
101220,100071,0.386281588447653
101273,100071,0.37410071942446
101312,100071,0.403846153846154
103140,100071,0.385964912280702
30049,100071,0.418250950570342
101506,100071,0.389473684210526
101131,100071,0.4
10277,100071,0.427083333333333
103433,100071,0.400709219858156
103437,100071,0.382978723404255
101231,100071,0.444852941176471
101613,100071,0.458181818181818
101225,100071,0.404411764705882
101188,100071,0.430711610486891
101464,100071,0.379061371841155
11908,30006,0.394366197183099
30040,30006,0.371212121212121
30047,30006,0.414893617021277
30024,30006,0.409375
100947,30006,0.432624113475177
30044,30006,0.375
30025,30006,0.405693950177936
101056,30006,0.412337662337662
100071,30006,0.402135231316726
30006,30006,1
100080,30006,0.354716981132075
30035,30006,0.470397404703974
101220,30006,0.418439716312057
101273,30006,0.427536231884058
101312,30006,0.400621118012422
103140,30006,0.363321799307958
30049,30006,0.454545454545455
101506,30006,0.333333333333333
101131,30006,0.377162629757785
10277,30006,0.39541547277937
103433,30006,0.344051446945338
103437,30006,0.338709677419355
101231,30006,0.394886363636364
101613,30006,0.394904458598726
101225,30006,0.431159420289855
101188,30006,0.434782608695652
101464,30006,0.414893617021277
11908,100080,0.52901023890785
30040,100080,0.483630952380952
30047,100080,0.376383763837638
30024,100080,0.385496183206107
100947,100080,0.382456140350877
30044,100080,0.813504823151125
30025,100080,0.525597269624573
101056,100080,0.386973180076628
100071,100080,0.511551155115512
30006,100080,0.354716981132075
100080,100080,1
30035,100080,0.348484848484849
101220,100080,0.380073800738007
101273,100080,0.360294117647059
101312,100080,0.389513108614232
103140,100080,0.362989323843416
30049,100080,0.389513108614232
101506,100080,0.373665480427046
101131,100080,0.366548042704626
10277,100080,0.37956204379562
103433,100080,0.386029411764706
103437,100080,0.386029411764706
101231,100080,0.369230769230769
101613,100080,0.386973180076628
101225,100080,0.364963503649635
101188,100080,0.4
101464,100080,0.372693726937269
11908,30035,0.398601398601399
30040,30035,0.37007874015748
30047,30035,0.40327868852459
30024,30035,0.406940063091483
100947,30035,0.453183520599251
30044,30035,0.359848484848485
30025,30035,0.37953795379538
101056,30035,0.414473684210526
100071,30035,0.374125874125874
30006,30035,0.470397404703974
100080,30035,0.348484848484849
30035,30035,1
101220,30035,0.320430107526882
101273,30035,0.432234432234432
101312,30035,0.374592833876221
103140,30035,0.387543252595156
30049,30035,0.447368421052632
101506,30035,0.397849462365591
101131,30035,0.391003460207612
10277,30035,0.406940063091483
103433,30035,0.354166666666667
103437,30035,0.354166666666667
101231,30035,0.413114754098361
101613,30035,0.347368421052632
101225,30035,0.441281138790036
101188,30035,0.464419475655431
101464,30035,0.338095238095238
11908,101220,0.384892086330935
30040,101220,0.365313653136531
30047,101220,0.63323782234957
30024,101220,0.431137724550898
100947,101220,0.426380368098159
30044,101220,0.375478927203065
30025,101220,0.388489208633094
101056,101220,0.43343653250774
100071,101220,0.386281588447653
30006,101220,0.418439716312057
100080,101220,0.380073800738007
30035,101220,0.320430107526882
101220,101220,1
101273,101220,0.519572953736655
101312,101220,0.435810810810811
103140,101220,0.404040404040404
30049,101220,0.445205479452055
101506,101220,0.412811387900356
101131,101220,0.419014084507042
10277,101220,0.42814371257485
103433,101220,0.393728222996516
103437,101220,0.376623376623377
101231,101220,0.443396226415094
101613,101220,0.448717948717949
101225,101220,0.56043956043956
101188,101220,0.469178082191781
101464,101220,0.611483967188665
11908,101273,0.366548042704626
30040,101273,0.360294117647059
30047,101273,0.505338078291815
30024,101273,0.458483754512635
100947,101273,0.442446043165468
30044,101273,0.347985347985348
30025,101273,0.366548042704626
101056,101273,0.434306569343066
100071,101273,0.37410071942446
30006,101273,0.427536231884058
100080,101273,0.360294117647059
30035,101273,0.432234432234432
101220,101273,0.519572953736655
101273,101273,1
101312,101273,0.386861313868613
103140,101273,0.380434782608696
30049,101273,0.390510948905109
101506,101273,0.385416666666667
101131,101273,0.383275261324042
10277,101273,0.457875457875458
103433,101273,0.384868421052632
103437,101273,0.371335504885993
101231,101273,0.423611111111111
101613,101273,0.453237410071942
101225,101273,0.645945945945946
101188,101273,0.411552346570397
101464,101273,0.519572953736655
11908,101312,0.407692307692308
30040,101312,0.41025641025641
30047,101312,0.376
30024,101312,0.440129449838188
100947,101312,0.435
30044,101312,0.378277153558052
30025,101312,0.414448669201521
101056,101312,0.418060200668896
100071,101312,0.403846153846154
30006,101312,0.400621118012422
100080,101312,0.389513108614232
30035,101312,0.374592833876221
101220,101312,0.435810810810811
101273,101312,0.386861313868613
101312,101312,1
103140,101312,0.393103448275862
30049,101312,0.463980463980464
101506,101312,0.372413793103448
101131,101312,0.389655172413793
10277,101312,0.444852941176471
103433,101312,0.37410071942446
103437,101312,0.351351351351351
101231,101312,0.436170212765957
101613,101312,0.436170212765957
101225,101312,0.41304347826087
101188,101312,0.443287037037037
101464,101312,0.42156862745098
11908,103140,0.4
30040,103140,0.367857142857143
30047,103140,0.342042755344418
30024,103140,0.408783783783784
100947,103140,0.36280487804878
30044,103140,0.354838709677419
30025,103140,0.403508771929825
101056,103140,0.447183098591549
100071,103140,0.385964912280702
30006,103140,0.363321799307958
100080,103140,0.362989323843416
30035,103140,0.387543252595156
101220,103140,0.404040404040404
101273,103140,0.380434782608696
101312,103140,0.393103448275862
103140,103140,1
30049,103140,0.392592592592593
101506,103140,0.633288227334235
101131,103140,0.728494623655914
10277,103140,0.347150259067358
103433,103140,0.371323529411765
103437,103140,0.314207650273224
101231,103140,0.451957295373665
101613,103140,0.437722419928826
101225,103140,0.376811594202899
101188,103140,0.395104895104895
101464,103140,0.401960784313726
11908,30049,0.418250950570342
30040,30049,0.427480916030534
30047,30049,0.457337883959044
30024,30049,0.434640522875817
100947,30049,0.525059665871122
30044,30049,0.404669260700389
30025,30049,0.429657794676806
101056,30049,0.44
100071,30049,0.418250950570342
30006,30049,0.454545454545455
100080,30049,0.389513108614232
30035,30049,0.447368421052632
101220,30049,0.445205479452055
101273,30049,0.390510948905109
101312,30049,0.463980463980464
103140,30049,0.392592592592593
30049,30049,1
101506,30049,0.389891696750903
101131,30049,0.403703703703704
10277,30049,0.405572755417957
103433,30049,0.39426523297491
103437,30049,0.372013651877133
101231,30049,0.471571906354515
101613,30049,0.441077441077441
101225,30049,0.431159420289855
101188,30049,0.657397107897664
101464,30049,0.441780821917808
11908,101506,0.410526315789474
30040,101506,0.382142857142857
30047,101506,0.405144694533762
30024,101506,0.435810810810811
100947,101506,0.403508771929825
30044,101506,0.376344086021505
30025,101506,0.410526315789474
101056,101506,0.462897526501767
100071,101506,0.389473684210526
30006,101506,0.333333333333333
100080,101506,0.373665480427046
30035,101506,0.397849462365591
101220,101506,0.412811387900356
101273,101506,0.385416666666667
101312,101506,0.372413793103448
103140,101506,0.633288227334235
30049,101506,0.389891696750903
101506,101506,1
101131,101506,0.729910714285714
10277,101506,0.422818791946309
103433,101506,0.362068965517241
103437,101506,0.350684931506849
101231,101506,0.473309608540925
101613,101506,0.462633451957295
101225,101506,0.402173913043478
101188,101506,0.388111888111888
101464,101506,0.397435897435897
11908,101131,0.421052631578947
30040,101131,0.384892086330935
30047,101131,0.409785932721713
30024,101131,0.427609427609428
100947,101131,0.410526315789474
30044,101131,0.3584229390681
30025,101131,0.424561403508772
101056,101131,0.471830985915493
100071,101131,0.4
30006,101131,0.377162629757785
100080,101131,0.366548042704626
30035,101131,0.391003460207612
101220,101131,0.419014084507042
101273,101131,0.383275261324042
101312,101131,0.389655172413793
103140,101131,0.728494623655914
30049,101131,0.403703703703704
101506,101131,0.729910714285714
101131,101131,1
10277,101131,0.407643312101911
103433,101131,0.372340425531915
103437,101131,0.334246575342466
101231,101131,0.469964664310954
101613,101131,0.455516014234875
101225,101131,0.375886524822695
101188,101131,0.398601398601399
101464,101131,0.306163021868787
11908,10277,0.427083333333333
30040,10277,0.401544401544402
30047,10277,0.43613707165109
30024,10277,0.779835390946502
100947,10277,0.421052631578947
30044,10277,0.397810218978102
30025,10277,0.425170068027211
101056,10277,0.514754098360656
100071,10277,0.427083333333333
30006,10277,0.39541547277937
100080,10277,0.37956204379562
30035,10277,0.406940063091483
101220,10277,0.42814371257485
101273,10277,0.457875457875458
101312,10277,0.444852941176471
103140,10277,0.347150259067358
30049,10277,0.405572755417957
101506,10277,0.422818791946309
101131,10277,0.407643312101911
10277,10277,1
103433,10277,0.381578947368421
103437,10277,0.400709219858156
101231,10277,0.509933774834437
101613,10277,0.521172638436482
101225,10277,0.496323529411765
101188,10277,0.453900709219858
101464,10277,0.412790697674419
11908,103433,0.404255319148936
30040,103433,0.369402985074627
30047,103433,0.39041095890411
30024,103433,0.402097902097902
100947,103433,0.379928315412186
30044,103433,0.375
30025,103433,0.407801418439716
101056,103433,0.462897526501767
100071,103433,0.400709219858156
30006,103433,0.344051446945338
100080,103433,0.386029411764706
30035,103433,0.354166666666667
101220,103433,0.393728222996516
101273,103433,0.384868421052632
101312,103433,0.37410071942446
103140,103433,0.371323529411765
30049,103433,0.39426523297491
101506,103433,0.362068965517241
101131,103433,0.372340425531915
10277,103433,0.381578947368421
103433,103433,1
103437,103433,0.743785850860421
101231,103433,0.473309608540925
101613,103433,0.462093862815884
101225,103433,0.411960132890365
101188,103433,0.415770609318996
101464,103433,0.386986301369863
11908,103437,0.386524822695035
30040,103437,0.369175627240143
30047,103437,0.384879725085911
30024,103437,0.400709219858156
100947,103437,0.378839590443686
30044,103437,0.375
30025,103437,0.386524822695035
101056,103437,0.469964664310954
100071,103437,0.382978723404255
30006,103437,0.338709677419355
100080,103437,0.386029411764706
30035,103437,0.354166666666667
101220,103437,0.376623376623377
101273,103437,0.371335504885993
101312,103437,0.351351351351351
103140,103437,0.314207650273224
30049,103437,0.372013651877133
101506,103437,0.350684931506849
101131,103437,0.334246575342466
10277,103437,0.400709219858156
103433,103437,0.743785850860421
103437,103437,1
101231,103437,0.452631578947368
101613,103437,0.456445993031359
101225,103437,0.390476190476191
101188,103437,0.399317406143345
101464,103437,0.381443298969072
11908,101231,0.459558823529412
30040,101231,0.382142857142857
30047,101231,0.445141065830721
30024,101231,0.509868421052632
100947,101231,0.491166077738516
30044,101231,0.375968992248062
30025,101231,0.445229681978799
101056,101231,0.742647058823529
100071,101231,0.444852941176471
30006,101231,0.394886363636364
100080,101231,0.369230769230769
30035,101231,0.413114754098361
101220,101231,0.443396226415094
101273,101231,0.423611111111111
101312,101231,0.436170212765957
103140,101231,0.451957295373665
30049,101231,0.471571906354515
101506,101231,0.473309608540925
101131,101231,0.469964664310954
10277,101231,0.509933774834437
103433,101231,0.473309608540925
103437,101231,0.452631578947368
101231,101231,1
101613,101231,0.700980392156863
101225,101231,0.45360824742268
101188,101231,0.501766784452297
101464,101231,0.444444444444444
11908,101613,0.461818181818182
30040,101613,0.386973180076628
30047,101613,0.440625
30024,101613,0.501650165016502
100947,101613,0.469964664310954
30044,101613,0.386100386100386
30025,101613,0.447552447552448
101056,101613,0.717391304347826
100071,101613,0.458181818181818
30006,101613,0.394904458598726
100080,101613,0.386973180076628
30035,101613,0.347368421052632
101220,101613,0.448717948717949
101273,101613,0.453237410071942
101312,101613,0.436170212765957
103140,101613,0.437722419928826
30049,101613,0.441077441077441
101506,101613,0.462633451957295
101131,101613,0.455516014234875
10277,101613,0.521172638436482
103433,101613,0.462093862815884
103437,101613,0.456445993031359
101231,101613,0.700980392156863
101613,101613,1
101225,101613,0.461016949152542
101188,101613,0.448844884488449
101464,101613,0.427272727272727
11908,101225,0.400735294117647
30040,101225,0.364963503649635
30047,101225,0.538461538461538
30024,101225,0.476868327402135
100947,101225,0.462633451957295
30044,101225,0.360294117647059
30025,101225,0.404411764705882
101056,101225,0.446735395189003
100071,101225,0.404411764705882
30006,101225,0.431159420289855
100080,101225,0.364963503649635
30035,101225,0.441281138790036
101220,101225,0.56043956043956
101273,101225,0.645945945945946
101312,101225,0.41304347826087
103140,101225,0.376811594202899
30049,101225,0.431159420289855
101506,101225,0.402173913043478
101131,101225,0.375886524822695
10277,101225,0.496323529411765
103433,101225,0.411960132890365
103437,101225,0.390476190476191
101231,101225,0.45360824742268
101613,101225,0.461016949152542
101225,101225,1
101188,101225,0.449275362318841
101464,101225,0.535714285714286
11908,101188,0.434456928838951
30040,101188,0.423529411764706
30047,101188,0.472602739726027
30024,101188,0.450980392156863
100947,101188,0.525784753363229
30044,101188,0.400749063670412
30025,101188,0.441947565543071
101056,101188,0.460750853242321
100071,101188,0.430711610486891
30006,101188,0.434782608695652
100080,101188,0.4
30035,101188,0.464419475655431
101220,101188,0.469178082191781
101273,101188,0.411552346570397
101312,101188,0.443287037037037
103140,101188,0.395104895104895
30049,101188,0.657397107897664
101506,101188,0.388111888111888
101131,101188,0.398601398601399
10277,101188,0.453900709219858
103433,101188,0.415770609318996
103437,101188,0.399317406143345
101231,101188,0.501766784452297
101613,101188,0.448844884488449
101225,101188,0.449275362318841
101188,101188,1
101464,101188,0.479591836734694
11908,101464,0.381294964028777
30040,101464,0.357933579335793
30047,101464,0.644460535843592
30024,101464,0.433734939759036
100947,101464,0.457142857142857
30044,101464,0.371647509578544
30025,101464,0.384892086330935
101056,101464,0.41304347826087
100071,101464,0.379061371841155
30006,101464,0.414893617021277
100080,101464,0.372693726937269
30035,101464,0.338095238095238
101220,101464,0.611483967188665
101273,101464,0.519572953736655
101312,101464,0.42156862745098
103140,101464,0.401960784313726
30049,101464,0.441780821917808
101506,101464,0.397435897435897
101131,101464,0.306163021868787
10277,101464,0.412790697674419
103433,101464,0.386986301369863
103437,101464,0.381443298969072
101231,101464,0.444444444444444
101613,101464,0.427272727272727
101225,101464,0.535714285714286
101188,101464,0.479591836734694
101464,101464,1
