Var1,Var2,Freq
100908,100908,1
100909,100908,0.532846715328467
13004,100908,0.698189134808853
100075,100908,0.385906040268456
100417,100908,0.271028037383178
100907,100908,0.517094017094017
101473,100908,0.398648648648649
100993,100908,0.376237623762376
101204,100908,0.595744680851064
100992,100908,0.396610169491525
101598,100908,0.563414634146342
100908,100909,0.532846715328467
100909,100909,1
13004,100909,0.630434782608696
100075,100909,0.350769230769231
100417,100909,0.2421875
100907,100909,0.509756097560976
101473,100909,0.409090909090909
100993,100909,0.359872611464968
101204,100909,0.501222493887531
100992,100909,0.383333333333333
101598,100909,0.604417670682731
100908,13004,0.698189134808853
100909,13004,0.630434782608696
13004,13004,1
100075,13004,0.409395973154362
100417,13004,0.416666666666667
100907,13004,0.52928870292887
101473,13004,0.403973509933775
100993,13004,0.376237623762376
101204,13004,0.533742331288344
100992,13004,0.396610169491525
101598,13004,0.578817733990148
100908,100075,0.385906040268456
100909,100075,0.350769230769231
13004,100075,0.409395973154362
100075,100075,1
100417,100075,0.4
100907,100075,0.323943661971831
101473,100075,0.449838187702265
100993,100075,0.401273885350318
101204,100075,0.332417582417582
100992,100075,0.460264900662252
101598,100075,0.377049180327869
100908,100417,0.271028037383178
100909,100417,0.2421875
13004,100417,0.416666666666667
100075,100417,0.4
100417,100417,1
100907,100417,0.275
101473,100417,0.294117647058824
100993,100417,0.36
101204,100417,0.225
100992,100417,0.318181818181818
101598,100417,0.247787610619469
100908,100907,0.517094017094017
100909,100907,0.509756097560976
13004,100907,0.52928870292887
100075,100907,0.323943661971831
100417,100907,0.275
100907,100907,1
101473,100907,0.412162162162162
100993,100907,0.355263157894737
101204,100907,0.733197556008147
100992,100907,0.386759581881533
101598,100907,0.518681318681319
100908,101473,0.398648648648649
100909,101473,0.409090909090909
13004,101473,0.403973509933775
100075,101473,0.449838187702265
100417,101473,0.294117647058824
100907,101473,0.412162162162162
101473,101473,1
100993,101473,0.362222222222222
101204,101473,0.403973509933775
100992,101473,0.671875
101598,101473,0.392156862745098
100908,100993,0.376237623762376
100909,100993,0.359872611464968
13004,100993,0.376237623762376
100075,100993,0.401273885350318
100417,100993,0.36
100907,100993,0.355263157894737
101473,100993,0.362222222222222
100993,100993,1
101204,100993,0.382838283828383
100992,100993,0.365079365079365
101598,100993,0.389078498293515
100908,101204,0.595744680851064
100909,101204,0.501222493887531
13004,101204,0.533742331288344
100075,101204,0.332417582417582
100417,101204,0.225
100907,101204,0.733197556008147
101473,101204,0.403973509933775
100993,101204,0.382838283828383
101204,101204,1
100992,101204,0.386666666666667
101598,101204,0.535087719298246
100908,100992,0.396610169491525
100909,100992,0.383333333333333
13004,100992,0.396610169491525
100075,100992,0.460264900662252
100417,100992,0.318181818181818
100907,100992,0.386759581881533
101473,100992,0.671875
100993,100992,0.365079365079365
101204,100992,0.386666666666667
100992,100992,1
101598,100992,0.376623376623377
100908,101598,0.563414634146342
100909,101598,0.604417670682731
13004,101598,0.578817733990148
100075,101598,0.377049180327869
100417,101598,0.247787610619469
100907,101598,0.518681318681319
101473,101598,0.392156862745098
100993,101598,0.389078498293515
101204,101598,0.535087719298246
100992,101598,0.376623376623377
101598,101598,1
