Var1,Var2,Freq
100908,100908,1
100909,100908,0.390706319702602
13004,100908,0.656074409112045
100075,100908,0.193157712747684
100417,100908,0.0122177538211187
100907,100908,0.412741035487311
101473,100908,0.202952189143322
100993,100908,0.120355853936157
101204,100908,0.441713987485427
100992,100908,0.19575829119485
101598,100908,0.411912002699153
100908,100909,0.390706319702602
100909,100909,1
13004,100909,0.402557071801055
100075,100909,0.168313151868906
100417,100909,0.0132531566873152
100907,100909,0.387375036818205
101473,100909,0.186833242713167
100993,100909,0.107824224892913
101204,100909,0.387710169453904
100992,100909,0.180419022108686
101598,100909,0.541697561897899
100908,13004,0.656074409112045
100909,13004,0.402557071801055
13004,13004,1
100075,13004,0.203033048701392
100417,13004,0.0106385101129203
100907,13004,0.443508021793063
101473,13004,0.212927161567632
100993,13004,0.124130803892385
101204,13004,0.463709731173699
100992,13004,0.200871949491999
101598,13004,0.425732458513402
100908,100075,0.193157712747684
100909,100075,0.168313151868906
13004,100075,0.203033048701392
100075,100075,1
100417,100075,0.0113055737784299
100907,100075,0.16952570941193
101473,100075,0.23621082875045
100993,100075,0.127297920535552
101204,100075,0.182649901640079
100992,100075,0.228613713045962
101598,100075,0.179594988694996
100908,100417,0.0122177538211187
100909,100417,0.0132531566873152
13004,100417,0.0106385101129203
100075,100417,0.0113055737784299
100417,100417,1
100907,100417,0.011707753159427
101473,100417,0.0102034165836497
100993,100417,0.00770785970677441
101204,100417,0.0116181272405701
100992,100417,0.00915502485998481
101598,100417,0.0164778627719862
100908,100907,0.412741035487311
100909,100907,0.387375036818205
13004,100907,0.443508021793063
100075,100907,0.16952570941193
100417,100907,0.011707753159427
100907,100907,1
101473,100907,0.205332656302696
100993,100907,0.115793423735148
101204,100907,0.701043459889566
100992,100907,0.184056908882363
101598,100907,0.414859256950659
100908,101473,0.202952189143322
100909,101473,0.186833242713167
13004,101473,0.212927161567632
100075,101473,0.23621082875045
100417,101473,0.0102034165836497
100907,101473,0.205332656302696
101473,101473,1
100993,101473,0.170832551741984
101204,101473,0.208101771556006
100992,101473,0.699301454767953
101598,101473,0.196401263261401
100908,100993,0.120355853936157
100909,100993,0.107824224892913
13004,100993,0.124130803892385
100075,100993,0.127297920535552
100417,100993,0.00770785970677441
100907,100993,0.115793423735148
101473,100993,0.170832551741984
100993,100993,1
101204,100993,0.12764236965477
100992,100993,0.168515292444756
101598,100993,0.12464620682054
100908,101204,0.441713987485427
100909,101204,0.387710169453904
13004,101204,0.463709731173699
100075,101204,0.182649901640079
100417,101204,0.0116181272405701
100907,101204,0.701043459889566
101473,101204,0.208101771556006
100993,101204,0.12764236965477
101204,101204,1
100992,101204,0.195391368950607
101598,101204,0.427127276474277
100908,100992,0.19575829119485
100909,100992,0.180419022108686
13004,100992,0.200871949491999
100075,100992,0.228613713045962
100417,100992,0.00915502485998481
100907,100992,0.184056908882363
101473,100992,0.699301454767953
100993,100992,0.168515292444756
101204,100992,0.195391368950607
100992,100992,1
101598,100992,0.192895205386412
100908,101598,0.411912002699153
100909,101598,0.541697561897899
13004,101598,0.425732458513402
100075,101598,0.179594988694996
100417,101598,0.0164778627719862
100907,101598,0.414859256950659
101473,101598,0.196401263261401
100993,101598,0.12464620682054
101204,101598,0.427127276474277
100992,101598,0.192895205386412
101598,101598,1
