Var1,Var2,Freq
12038,12038,1
11870,12038,0.337648280224324
20007,12038,0.102195640762768
101324,12038,0.0839088862856732
11873,12038,0.40368256219105
101130,12038,0.0607723392972541
103453,12038,0.101291024760616
12038,11870,0.337648280224324
11870,11870,1
20007,11870,0.110885932434028
101324,11870,0.0902160190313535
11873,11870,0.363254010477588
101130,11870,0.0699097814198151
103453,11870,0.118807453619412
12038,20007,0.102195640762768
11870,20007,0.110885932434028
20007,20007,1
101324,20007,0.100234984656944
11873,20007,0.109719626805484
101130,20007,0.0705124649158269
103453,20007,0.107289486679969
12038,101324,0.0839088862856732
11870,101324,0.0902160190313535
20007,101324,0.100234984656944
101324,101324,1
11873,101324,0.102431377696968
101130,101324,0.092789856831013
103453,101324,0.0827720672715741
12038,11873,0.40368256219105
11870,11873,0.363254010477588
20007,11873,0.109719626805484
101324,11873,0.102431377696968
11873,11873,1
101130,11873,0.0755116176680025
103453,11873,0.11541604449477
12038,101130,0.0607723392972541
11870,101130,0.0699097814198151
20007,101130,0.0705124649158269
101324,101130,0.092789856831013
11873,101130,0.0755116176680025
101130,101130,1
103453,101130,0.0574339509007664
12038,103453,0.101291024760616
11870,103453,0.118807453619412
20007,103453,0.107289486679969
101324,103453,0.0827720672715741
11873,103453,0.11541604449477
101130,103453,0.0574339509007664
103453,103453,1
