Var1,Var2,Freq
12038,12038,1
11870,12038,0.635687732342007
20007,12038,0.380239520958084
101324,12038,0.371323529411765
11873,12038,0.550796812749004
101130,12038,0.33210332103321
103453,12038,0.368279569892473
12038,11870,0.635687732342007
11870,11870,1
20007,11870,0.37125748502994
101324,11870,0.355555555555556
11873,11870,0.669291338582677
101130,11870,0.315985130111524
103453,11870,0.384823848238482
12038,20007,0.380239520958084
11870,20007,0.37125748502994
20007,20007,1
101324,20007,0.357414448669202
11873,20007,0.38368580060423
101130,20007,0.345724907063197
103453,20007,0.372549019607843
12038,101324,0.371323529411765
11870,101324,0.355555555555556
20007,101324,0.357414448669202
101324,101324,1
11873,101324,0.384892086330935
101130,101324,0.362264150943396
103453,101324,0.345098039215686
12038,11873,0.550796812749004
11870,11873,0.669291338582677
20007,11873,0.38368580060423
101324,11873,0.384892086330935
11873,11873,1
101130,11873,0.345323741007194
103453,11873,0.395095367847411
12038,101130,0.33210332103321
11870,101130,0.315985130111524
20007,101130,0.345724907063197
101324,101130,0.362264150943396
11873,101130,0.345323741007194
101130,101130,1
103453,101130,0.305660377358491
12038,103453,0.368279569892473
11870,103453,0.384823848238482
20007,103453,0.372549019607843
101324,103453,0.345098039215686
11873,103453,0.395095367847411
101130,103453,0.305660377358491
103453,103453,1
