Var1,Var2,Freq
12840,12840,1
197,12840,0.343975283213182
238,12840,0.417297297297297
12670,12840,0.427549194991055
12627,12840,0.340021119324182
10574,12840,0.343815513626834
11049,12840,0.345995893223819
101021,12840,0.747701736465781
12840,197,0.343975283213182
197,197,1
238,197,0.380577427821522
12670,197,0.42914979757085
12627,197,0.472448979591837
10574,197,0.853526220614828
11049,197,0.858047016274864
101021,197,0.348373557187828
12840,238,0.417297297297297
197,238,0.380577427821522
238,238,1
12670,238,0.371191135734072
12627,238,0.419400855920114
10574,238,0.374015748031496
11049,238,0.372703412073491
101021,238,0.409782608695652
12840,12670,0.427549194991055
197,12670,0.42914979757085
238,12670,0.371191135734072
12670,12670,1
12627,12670,0.420560747663551
10574,12670,0.431174089068826
11049,12670,0.431174089068826
101021,12670,0.397849462365591
12840,12627,0.340021119324182
197,12627,0.472448979591837
238,12627,0.419400855920114
12670,12627,0.420560747663551
12627,12627,1
10574,12627,0.45290199809705
11049,12627,0.444958371877891
101021,12627,0.343584305408272
12840,10574,0.343815513626834
197,10574,0.853526220614828
238,10574,0.374015748031496
12670,10574,0.431174089068826
12627,10574,0.45290199809705
10574,10574,1
11049,10574,0.965391621129326
101021,10574,0.352008456659619
12840,11049,0.345995893223819
197,11049,0.858047016274864
238,11049,0.372703412073491
12670,11049,0.431174089068826
12627,11049,0.444958371877891
10574,11049,0.965391621129326
11049,11049,1
101021,11049,0.35625
12840,101021,0.747701736465781
197,101021,0.348373557187828
238,101021,0.409782608695652
12670,101021,0.397849462365591
12627,101021,0.343584305408272
10574,101021,0.352008456659619
11049,101021,0.35625
101021,101021,1
