Var1,Var2,Freq
30008,30008,1
100416,30008,0.416200691528949
30046,30008,0.419823514087957
30027,30008,0.477016396446875
11569,30008,0.423078832161856
30010,30008,0.430864271228407
100129,30008,0.389292932076961
30019,30008,0.470654920631446
30021,30008,0.472427483126264
101340,30008,0.44146529403233
30020,30008,0.429483531417581
30009,30008,0.475010574221567
30008,100416,0.416200691528949
100416,100416,1
30046,100416,0.460067985749677
30027,100416,0.515448462792023
11569,100416,0.667318601418524
30010,100416,0.460095967750403
100129,100416,0.553363287332599
30019,100416,0.500360182078711
30021,100416,0.549931376172523
101340,100416,0.352358728102968
30020,100416,0.692599227575848
30009,100416,0.534637595979493
30008,30046,0.419823514087957
100416,30046,0.460067985749677
30046,30046,1
30027,30046,0.551774369951553
11569,30046,0.473731154559572
30010,30046,0.508697246644096
100129,30046,0.394951334112077
30019,30046,0.546857979074838
30021,30046,0.556576347705265
101340,30046,0.31637963564951
30020,30046,0.487457710127249
30009,30046,0.59438405119557
30008,30027,0.477016396446875
100416,30027,0.515448462792023
30046,30027,0.551774369951553
30027,30027,1
11569,30027,0.543919875810958
30010,30027,0.558955986944478
100129,30027,0.449725183914933
30019,30027,0.611942669724129
30021,30027,0.634053156335108
101340,30027,0.380000262776457
30020,30027,0.552987425305667
30009,30027,0.626151440998785
30008,11569,0.423078832161856
100416,11569,0.667318601418524
30046,11569,0.473731154559572
30027,11569,0.543919875810958
11569,11569,1
30010,11569,0.470024113648379
100129,11569,0.517632335977839
30019,11569,0.527382428723776
30021,11569,0.553851995747849
101340,11569,0.328739721570933
30020,11569,0.730891753996041
30009,11569,0.534892933771291
30008,30010,0.430864271228407
100416,30010,0.460095967750403
30046,30010,0.508697246644096
30027,30010,0.558955986944478
11569,30010,0.470024113648379
30010,30010,1
100129,30010,0.397178591756767
30019,30010,0.561391690538048
30021,30010,0.558119580996481
101340,30010,0.331768276557362
30020,30010,0.494009085380853
30009,30010,0.560376675326199
30008,100129,0.389292932076961
100416,100129,0.553363287332599
30046,100129,0.394951334112077
30027,100129,0.449725183914933
11569,100129,0.517632335977839
30010,100129,0.397178591756767
100129,100129,1
30019,100129,0.41901240169177
30021,100129,0.466237893514969
101340,100129,0.331484443507567
30020,100129,0.532914329529047
30009,100129,0.447322970639033
30008,30019,0.470654920631446
100416,30019,0.500360182078711
30046,30019,0.546857979074838
30027,30019,0.611942669724129
11569,30019,0.527382428723776
30010,30019,0.561391690538048
100129,30019,0.41901240169177
30019,30019,1
30021,30019,0.614690034684076
101340,30019,0.354546113646387
30020,30019,0.53171729310096
30009,30019,0.660929949703738
30008,30021,0.472427483126264
100416,30021,0.549931376172523
30046,30021,0.556576347705265
30027,30021,0.634053156335108
11569,30021,0.553851995747849
30010,30021,0.558119580996481
100129,30021,0.466237893514969
30019,30021,0.614690034684076
30021,30021,1
101340,30021,0.383755911237537
30020,30021,0.573609105158999
30009,30021,0.632600487575111
30008,101340,0.44146529403233
100416,101340,0.352358728102968
30046,101340,0.31637963564951
30027,101340,0.380000262776457
11569,101340,0.328739721570933
30010,101340,0.331768276557362
100129,101340,0.331484443507567
30019,101340,0.354546113646387
30021,101340,0.383755911237537
101340,101340,1
30020,101340,0.349263761667322
30009,101340,0.367656822158219
30008,30020,0.429483531417581
100416,30020,0.692599227575848
30046,30020,0.487457710127249
30027,30020,0.552987425305667
11569,30020,0.730891753996041
30010,30020,0.494009085380853
100129,30020,0.532914329529047
30019,30020,0.53171729310096
30021,30020,0.573609105158999
101340,30020,0.349263761667322
30020,30020,1
30009,30020,0.550646017889508
30008,30009,0.475010574221567
100416,30009,0.534637595979493
30046,30009,0.59438405119557
30027,30009,0.626151440998785
11569,30009,0.534892933771291
30010,30009,0.560376675326199
100129,30009,0.447322970639033
30019,30009,0.660929949703738
30021,30009,0.632600487575111
101340,30009,0.367656822158219
30020,30009,0.550646017889508
30009,30009,1
