Var1,Var2,Freq
30008,30008,1
100416,30008,0.481481481481481
30046,30008,0.491508491508491
30027,30008,0.51381780962129
11569,30008,0.485714285714286
30010,30008,0.469879518072289
100129,30008,0.465570400822199
30019,30008,0.51951951951952
30021,30008,0.511770726714432
101340,30008,0.503642039542144
30020,30008,0.478083588175331
30009,30008,0.515057113187954
30008,100416,0.481481481481481
100416,100416,1
30046,100416,0.531281032770606
30027,100416,0.568627450980392
11569,100416,0.705102040816327
30010,100416,0.511224489795918
100129,100416,0.593908629441624
30019,100416,0.546085232903865
30021,100416,0.585669781931464
101340,100416,0.435975609756098
30020,100416,0.705521472392638
30009,100416,0.569343065693431
30008,30046,0.491508491508491
100416,30046,0.531281032770606
30046,30046,1
30027,30046,0.577339901477833
11569,30046,0.529761904761905
30010,30046,0.537864077669903
100129,30046,0.477656405163853
30019,30046,0.590196078431373
30021,30046,0.593406593406593
101340,30046,0.416915422885572
30020,30046,0.532146389713155
30009,30046,0.62037962037962
30008,30027,0.51381780962129
100416,30027,0.568627450980392
30046,30027,0.577339901477833
30027,30027,1
11569,30027,0.58908341915551
30010,30027,0.579899497487437
100129,30027,0.50256937307297
30019,30027,0.636085626911315
30021,30027,0.638516992790937
101340,30027,0.446808510638298
30020,30027,0.579650565262076
30009,30027,0.632398753894081
30008,11569,0.485714285714286
100416,11569,0.705102040816327
30046,11569,0.529761904761905
30027,11569,0.58908341915551
11569,11569,1
30010,11569,0.516683518705763
100129,11569,0.556690500510725
30019,11569,0.576305220883534
30021,11569,0.595238095238095
101340,11569,0.420944558521561
30020,11569,0.737384140061792
30009,11569,0.571428571428572
30008,30010,0.469879518072289
100416,30010,0.511224489795918
30046,30010,0.537864077669903
30027,30010,0.579899497487437
11569,30010,0.516683518705763
30010,30010,1
100129,30010,0.461851475076297
30019,30010,0.573982125124131
30021,30010,0.578732106339468
101340,30010,0.419979612640163
30020,30010,0.525835866261398
30009,30010,0.572755417956656
30008,100129,0.465570400822199
100416,100129,0.593908629441624
30046,100129,0.477656405163853
30027,100129,0.50256937307297
11569,100129,0.556690500510725
30010,100129,0.461851475076297
100129,100129,1
30019,100129,0.485858585858586
30021,100129,0.510903426791277
101340,100129,0.411764705882353
30020,100129,0.566326530612245
30009,100129,0.491718426501035
30008,30019,0.51951951951952
100416,30019,0.546085232903865
30046,30019,0.590196078431373
30027,30019,0.636085626911315
11569,30019,0.576305220883534
30010,30019,0.573982125124131
100129,30019,0.485858585858586
30019,30019,1
30021,30019,0.646586345381526
101340,30019,0.428003972194638
30020,30019,0.574036511156187
30009,30019,0.67274569402229
30008,30021,0.511770726714432
100416,30021,0.585669781931464
30046,30021,0.593406593406593
30027,30021,0.638516992790937
11569,30021,0.595238095238095
30010,30021,0.578732106339468
100129,30021,0.510903426791277
30019,30021,0.646586345381526
30021,30021,1
101340,30021,0.452554744525547
30020,30021,0.599585062240664
30009,30021,0.643305439330544
30008,101340,0.503642039542144
100416,101340,0.435975609756098
30046,101340,0.416915422885572
30027,101340,0.446808510638298
11569,101340,0.420944558521561
30010,101340,0.419979612640163
100129,101340,0.411764705882353
30019,101340,0.428003972194638
30021,101340,0.452554744525547
101340,101340,1
30020,101340,0.426545086119554
30009,101340,0.43717549325026
30008,30020,0.478083588175331
100416,30020,0.705521472392638
30046,30020,0.532146389713155
30027,30020,0.579650565262076
11569,30020,0.737384140061792
30010,30020,0.525835866261398
100129,30020,0.566326530612245
30019,30020,0.574036511156187
30021,30020,0.599585062240664
101340,30020,0.426545086119554
30020,30020,1
30009,30020,0.56386292834891
30008,30009,0.515057113187954
100416,30009,0.569343065693431
30046,30009,0.62037962037962
30027,30009,0.632398753894081
11569,30009,0.571428571428572
30010,30009,0.572755417956656
100129,30009,0.491718426501035
30019,30009,0.67274569402229
30021,30009,0.643305439330544
101340,30009,0.43717549325026
30020,30009,0.56386292834891
30009,30009,1
