Var1,Var2,Freq
12840,12840,1
197,12840,0.191268734180905
238,12840,0.312028037079767
12670,12840,0.199955064057272
12627,12840,0.194838148681707
10574,12840,0.190115212828316
11049,12840,0.190714236065188
101021,12840,0.73580152574383
12840,197,0.191268734180905
197,197,1
238,197,0.205373641780355
12670,197,0.160121561167685
12627,197,0.385759457459074
10574,197,0.858310612360376
11049,197,0.86035804529339
101021,197,0.193798530964034
12840,238,0.312028037079767
197,238,0.205373641780355
238,238,1
12670,238,0.207422551472143
12627,238,0.2185181768993
10574,238,0.206997469497172
11049,238,0.204874527259655
101021,238,0.313323099418289
12840,12670,0.199955064057272
197,12670,0.160121561167685
238,12670,0.207422551472143
12670,12670,1
12627,12670,0.173618511596697
10574,12670,0.159477887089368
11049,12670,0.16019002393793
101021,12670,0.19627449735751
12840,12627,0.194838148681707
197,12627,0.385759457459074
238,12627,0.2185181768993
12670,12627,0.173618511596697
12627,12627,1
10574,12627,0.383589110915744
11049,12627,0.382140155374626
101021,12627,0.197207614791752
12840,10574,0.190115212828316
197,10574,0.858310612360376
238,10574,0.206997469497172
12670,10574,0.159477887089368
12627,10574,0.383589110915744
10574,10574,1
11049,10574,0.965904449548285
101021,10574,0.192833124140261
12840,11049,0.190714236065188
197,11049,0.86035804529339
238,11049,0.204874527259655
12670,11049,0.16019002393793
12627,11049,0.382140155374626
10574,11049,0.965904449548285
11049,11049,1
101021,11049,0.19619881499572
12840,101021,0.73580152574383
197,101021,0.193798530964034
238,101021,0.313323099418289
12670,101021,0.19627449735751
12627,101021,0.197207614791752
10574,101021,0.192833124140261
11049,101021,0.19619881499572
101021,101021,1
