Var1,Var2,Freq
11755,11755,1
10434,11755,0.752620545073375
18033,11755,0.725274725274725
10140,11755,0.628062360801782
11691,11755,0.63677130044843
17033,11755,0.754716981132076
100127,11755,0.706864564007421
30012,11755,0.538961038961039
10297,11755,0.609071274298056
30026,11755,0.433035714285714
11842,11755,0.627232142857143
11977,11755,0.688888888888889
11785,11755,0.63771186440678
101508,11755,0.4337899543379
11896,11755,0.743271221532091
11755,10434,0.752620545073375
10434,10434,1
18033,10434,0.822410147991543
10140,10434,0.607223476297968
11691,10434,0.627539503386005
17033,10434,0.942164179104478
100127,10434,0.746666666666667
30012,10434,0.519480519480519
10297,10434,0.602708803611738
30026,10434,0.45067264573991
11842,10434,0.602708803611738
11977,10434,0.988826815642458
11785,10434,0.631221719457014
101508,10434,0.430839002267574
11896,10434,0.977859778597786
11755,18033,0.725274725274725
10434,18033,0.822410147991543
18033,18033,1
10140,18033,0.621076233183857
11691,18033,0.625282167042889
17033,18033,0.822410147991543
100127,18033,0.769230769230769
30012,18033,0.515151515151515
10297,18033,0.621076233183857
30026,18033,0.443946188340807
11842,18033,0.62247191011236
11977,18033,0.818181818181818
11785,18033,0.671171171171171
101508,18033,0.402985074626866
11896,18033,0.807933194154488
11755,10140,0.628062360801782
10434,10140,0.607223476297968
18033,10140,0.621076233183857
10140,10140,1
11691,10140,0.666666666666667
17033,10140,0.611738148984199
100127,10140,0.573560767590618
30012,10140,0.503267973856209
10297,10140,0.968565815324165
30026,10140,0.409610983981693
11842,10140,0.703786191536748
11977,10140,0.604966139954853
11785,10140,0.723214285714286
101508,10140,0.443438914027149
11896,10140,0.596881959910913
11755,11691,0.63677130044843
10434,11691,0.627539503386005
18033,11691,0.625282167042889
10140,11691,0.666666666666667
11691,11691,1
17033,11691,0.62979683972912
100127,11691,0.611738148984199
30012,11691,0.506637168141593
10297,11691,0.662192393736018
30026,11691,0.410550458715596
11842,11691,0.663716814159292
11977,11691,0.62979683972912
11785,11691,0.673866090712743
101508,11691,0.435267857142857
11896,11691,0.621380846325167
11755,17033,0.754716981132076
10434,17033,0.942164179104478
18033,17033,0.822410147991543
10140,17033,0.611738148984199
11691,17033,0.62979683972912
17033,17033,1
100127,17033,0.676470588235294
30012,17033,0.515151515151515
10297,17033,0.607223476297968
30026,17033,0.452914798206278
11842,17033,0.604966139954853
11977,17033,0.936567164179104
11785,17033,0.635746606334842
101508,17033,0.438515081206497
11896,17033,0.929759704251386
11755,100127,0.706864564007421
10434,100127,0.746666666666667
18033,100127,0.769230769230769
10140,100127,0.573560767590618
11691,100127,0.611738148984199
17033,100127,0.676470588235294
100127,100127,1
30012,100127,0.533333333333333
10297,100127,0.569296375266525
30026,100127,0.429213483146067
11842,100127,0.61123595505618
11977,100127,0.668549905838041
11785,100127,0.628378378378378
101508,100127,0.44367816091954
11896,100127,0.66044776119403
11755,30012,0.538961038961039
10434,30012,0.519480519480519
18033,30012,0.515151515151515
10140,30012,0.503267973856209
11691,30012,0.506637168141593
17033,30012,0.515151515151515
100127,30012,0.533333333333333
30012,30012,1
10297,30012,0.486486486486486
30026,30012,0.444196428571429
11842,30012,0.521929824561403
11977,30012,0.517316017316017
11785,30012,0.537280701754386
101508,30012,0.44920993227991
11896,30012,0.510822510822511
11755,10297,0.609071274298056
10434,10297,0.602708803611738
18033,10297,0.621076233183857
10140,10297,0.968565815324165
11691,10297,0.662192393736018
17033,10297,0.607223476297968
100127,10297,0.569296375266525
30012,10297,0.486486486486486
10297,10297,1
30026,10297,0.409610983981693
11842,10297,0.706013363028953
11977,10297,0.600451467268623
11785,10297,0.725446428571429
101508,10297,0.443438914027149
11896,10297,0.592427616926503
11755,30026,0.433035714285714
10434,30026,0.45067264573991
18033,30026,0.443946188340807
10140,30026,0.409610983981693
11691,30026,0.410550458715596
17033,30026,0.452914798206278
100127,30026,0.429213483146067
30012,30026,0.444196428571429
10297,30026,0.409610983981693
30026,30026,1
11842,30026,0.392857142857143
11977,30026,0.448430493273543
11785,30026,0.416475972540046
101508,30026,0.472222222222222
11896,30026,0.443207126948775
11755,11842,0.627232142857143
10434,11842,0.602708803611738
18033,11842,0.62247191011236
10140,11842,0.703786191536748
11691,11842,0.663716814159292
17033,11842,0.604966139954853
100127,11842,0.61123595505618
30012,11842,0.521929824561403
10297,11842,0.706013363028953
30026,11842,0.392857142857143
11842,11842,1
11977,11842,0.604966139954853
11785,11842,0.70703125
101508,11842,0.409195402298851
11896,11842,0.596881959910913
11755,11977,0.688888888888889
10434,11977,0.988826815642458
18033,11977,0.818181818181818
10140,11977,0.604966139954853
11691,11977,0.62979683972912
17033,11977,0.936567164179104
100127,11977,0.668549905838041
30012,11977,0.517316017316017
10297,11977,0.600451467268623
30026,11977,0.448430493273543
11842,11977,0.604966139954853
11977,11977,1
11785,11977,0.633484162895928
101508,11977,0.428571428571429
11896,11977,0.983394833948339
11755,11785,0.63771186440678
10434,11785,0.631221719457014
18033,11785,0.671171171171171
10140,11785,0.723214285714286
11691,11785,0.673866090712743
17033,11785,0.635746606334842
100127,11785,0.628378378378378
30012,11785,0.537280701754386
10297,11785,0.725446428571429
30026,11785,0.416475972540046
11842,11785,0.70703125
11977,11785,0.633484162895928
11785,11785,1
101508,11785,0.428571428571429
11896,11785,0.625
11755,101508,0.4337899543379
10434,101508,0.430839002267574
18033,101508,0.402985074626866
10140,101508,0.443438914027149
11691,101508,0.435267857142857
17033,101508,0.438515081206497
100127,101508,0.44367816091954
30012,101508,0.44920993227991
10297,101508,0.443438914027149
30026,101508,0.472222222222222
11842,101508,0.409195402298851
11977,101508,0.428571428571429
11785,101508,0.428571428571429
101508,101508,1
11896,101508,0.428571428571429
11755,11896,0.743271221532091
10434,11896,0.977859778597786
18033,11896,0.807933194154488
10140,11896,0.596881959910913
11691,11896,0.621380846325167
17033,11896,0.929759704251386
100127,11896,0.66044776119403
30012,11896,0.510822510822511
10297,11896,0.592427616926503
30026,11896,0.443207126948775
11842,11896,0.596881959910913
11977,11896,0.983394833948339
11785,11896,0.625
101508,11896,0.428571428571429
11896,11896,1
