Var1,Var2,Freq
9,9,1
188,9,0.548732943469786
12475,9,0.551420176297747
12699,9,0.562260536398468
102678,9,0.472852912142152
11784,9,0.903465346534653
9,188,0.548732943469786
188,188,1
12475,188,0.879872712808274
12699,188,0.491482112436116
102678,188,0.475946775844422
11784,188,0.551219512195122
9,12475,0.551420176297747
188,12475,0.879872712808274
12475,12475,1
12699,12475,0.519174041297935
102678,12475,0.472336065573771
11784,12475,0.557296767874633
9,12699,0.562260536398468
188,12699,0.491482112436116
12475,12699,0.519174041297935
12699,12699,1
102678,12699,0.569082125603865
11784,12699,0.561797752808989
9,102678,0.472852912142152
188,102678,0.475946775844422
12475,102678,0.472336065573771
12699,102678,0.569082125603865
102678,102678,1
11784,102678,0.481737413622902
9,11784,0.903465346534653
188,11784,0.551219512195122
12475,11784,0.557296767874633
12699,11784,0.561797752808989
102678,11784,0.481737413622902
11784,11784,1
