Var1,Var2,Freq
11755,11755,1
10434,11755,0.668901009156921
18033,11755,0.700019746292959
10140,11755,0.534325559244828
11691,11755,0.523715919336051
17033,11755,0.669255331248949
100127,11755,0.672655704700649
30012,11755,0.436936802878227
10297,11755,0.532540904738332
30026,11755,0.354954088641941
11842,11755,0.532384266055882
11977,11755,0.669362525458577
11785,11755,0.554022446139748
101508,11755,0.318125727289208
11896,11755,0.654457460898083
11755,10434,0.668901009156921
10434,10434,1
18033,10434,0.736743731298159
10140,10434,0.522354365310158
11691,10434,0.514763446220544
17033,10434,0.937687686646684
100127,10434,0.644876969249002
30012,10434,0.417282835078149
10297,10434,0.519121085194758
30026,10434,0.353446751395724
11842,10434,0.518888825000293
11977,10434,0.982549297544316
11785,10434,0.535578269002143
101508,10434,0.319827637231976
11896,10434,0.969815088359467
11755,18033,0.700019746292959
10434,18033,0.736743731298159
18033,18033,1
10140,18033,0.533647174552678
11691,18033,0.513707293111852
17033,18033,0.737833690248466
100127,18033,0.669504724124566
30012,18033,0.409551163143453
10297,18033,0.531511161845996
30026,18033,0.354786924381257
11842,18033,0.538865579435944
11977,18033,0.733998534430437
11785,18033,0.558571794041933
101508,18033,0.314380238169693
11896,18033,0.719212949874561
11755,10140,0.534325559244828
10434,10140,0.522354365310158
18033,10140,0.533647174552678
10140,10140,1
11691,10140,0.599597935365516
17033,10140,0.52622549695428
100127,10140,0.511580830388144
30012,10140,0.404526956511118
10297,10140,0.96781272860278
30026,10140,0.330318274475653
11842,10140,0.637772545882493
11977,10140,0.520817371101609
11785,10140,0.640148753141296
101508,10140,0.339488508897162
11896,10140,0.510140617222564
11755,11691,0.523715919336051
10434,11691,0.514763446220544
18033,11691,0.513707293111852
10140,11691,0.599597935365516
11691,11691,1
17033,11691,0.517218476883441
100127,11691,0.507118444901991
30012,11691,0.40635585004141
10297,11691,0.595526591359947
30026,11691,0.321670032977524
11842,11691,0.601131856667661
11977,11691,0.514309950012153
11785,11691,0.613701350596483
101508,11691,0.332157919552309
11896,11691,0.503557176659338
11755,17033,0.669255331248949
10434,17033,0.937687686646684
18033,17033,0.737833690248466
10140,17033,0.52622549695428
11691,17033,0.517218476883441
17033,17033,1
100127,17033,0.646279198877894
30012,17033,0.414236451441737
10297,17033,0.522990504145135
30026,17033,0.353633974902133
11842,17033,0.522051938621607
11977,17033,0.929454187936409
11785,17033,0.5372852411588
101508,17033,0.322574704176582
11896,17033,0.918685673526865
11755,100127,0.672655704700649
10434,100127,0.644876969249002
18033,100127,0.669504724124566
10140,100127,0.511580830388144
11691,100127,0.507118444901991
17033,100127,0.646279198877894
100127,100127,1
30012,100127,0.412422533483564
10297,100127,0.509782022967651
30026,100127,0.337892939389971
11842,100127,0.516009245688784
11977,100127,0.642896661881171
11785,100127,0.529213152365268
101508,100127,0.3280198034693
11896,100127,0.630462697887415
11755,30012,0.436936802878227
10434,30012,0.417282835078149
18033,30012,0.409551163143453
10140,30012,0.404526956511118
11691,30012,0.40635585004141
17033,30012,0.414236451441737
100127,30012,0.412422533483564
30012,30012,1
10297,30012,0.407482404595218
30026,30012,0.359142356265989
11842,30012,0.425980624215307
11977,30012,0.416190147377886
11785,30012,0.422754593742974
101508,30012,0.343270139275269
11896,30012,0.406931870145791
11755,10297,0.532540904738332
10434,10297,0.519121085194758
18033,10297,0.531511161845996
10140,10297,0.96781272860278
11691,10297,0.595526591359947
17033,10297,0.522990504145135
100127,10297,0.509782022967651
30012,10297,0.407482404595218
10297,10297,1
30026,10297,0.329541055006299
11842,10297,0.636303023887372
11977,10297,0.517586939440744
11785,10297,0.64159705348777
101508,10297,0.34023793165411
11896,10297,0.5069231921665
11755,30026,0.354954088641941
10434,30026,0.353446751395724
18033,30026,0.354786924381257
10140,30026,0.330318274475653
11691,30026,0.321670032977524
17033,30026,0.353633974902133
100127,30026,0.337892939389971
30012,30026,0.359142356265989
10297,30026,0.329541055006299
30026,30026,1
11842,30026,0.324751833303114
11977,30026,0.350847237780725
11785,30026,0.332756797877276
101508,30026,0.365470012416698
11896,30026,0.339559303960835
11755,11842,0.532384266055882
10434,11842,0.518888825000293
18033,11842,0.538865579435944
10140,11842,0.637772545882493
11691,11842,0.601131856667661
17033,11842,0.522051938621607
100127,11842,0.516009245688784
30012,11842,0.425980624215307
10297,11842,0.636303023887372
30026,11842,0.324751833303114
11842,11842,1
11977,11842,0.518431694416446
11785,11842,0.687345442041796
101508,11842,0.3240519522469
11896,11842,0.507726637935886
11755,11977,0.669362525458577
10434,11977,0.982549297544316
18033,11977,0.733998534430437
10140,11977,0.520817371101609
11691,11977,0.514309950012153
17033,11977,0.929454187936409
100127,11977,0.642896661881171
30012,11977,0.416190147377886
10297,11977,0.517586939440744
30026,11977,0.350847237780725
11842,11977,0.518431694416446
11977,11977,1
11785,11977,0.535106435354916
101508,11977,0.318810441992033
11896,11977,0.974924615360736
11755,11785,0.554022446139748
10434,11785,0.535578269002143
18033,11785,0.558571794041933
10140,11785,0.640148753141296
11691,11785,0.613701350596483
17033,11785,0.5372852411588
100127,11785,0.529213152365268
30012,11785,0.422754593742974
10297,11785,0.64159705348777
30026,11785,0.332756797877276
11842,11785,0.687345442041796
11977,11785,0.535106435354916
11785,11785,1
101508,11785,0.33717698099501
11896,11785,0.524458691763336
11755,101508,0.318125727289208
10434,101508,0.319827637231976
18033,101508,0.314380238169693
10140,101508,0.339488508897162
11691,101508,0.332157919552309
17033,101508,0.322574704176582
100127,101508,0.3280198034693
30012,101508,0.343270139275269
10297,101508,0.34023793165411
30026,101508,0.365470012416698
11842,101508,0.3240519522469
11977,101508,0.318810441992033
11785,101508,0.33717698099501
101508,101508,1
11896,101508,0.306539736298747
11755,11896,0.654457460898083
10434,11896,0.969815088359467
18033,11896,0.719212949874561
10140,11896,0.510140617222564
11691,11896,0.503557176659338
17033,11896,0.918685673526865
100127,11896,0.630462697887415
30012,11896,0.406931870145791
10297,11896,0.5069231921665
30026,11896,0.339559303960835
11842,11896,0.507726637935886
11977,11896,0.974924615360736
11785,11896,0.524458691763336
101508,11896,0.306539736298747
11896,11896,1
