Var1,Var2,Freq
9,9,1
188,9,0.443583089676341
12475,9,0.437734631090344
12699,9,0.458336462329184
102678,9,0.362431904083241
11784,9,0.909121595711701
9,188,0.443583089676341
188,188,1
12475,188,0.87982391782832
12699,188,0.396113067023871
102678,188,0.327116945953294
11784,188,0.445008528074182
9,12475,0.437734631090344
188,12475,0.87982391782832
12475,12475,1
12699,12475,0.386213827029432
102678,12475,0.320591629598632
11784,12475,0.445606858868231
9,12699,0.458336462329184
188,12699,0.396113067023871
12475,12699,0.386213827029432
12699,12699,1
102678,12699,0.42579517726574
11784,12699,0.459960604698358
9,102678,0.362431904083241
188,102678,0.327116945953294
12475,102678,0.320591629598632
12699,102678,0.42579517726574
102678,102678,1
11784,102678,0.368315426166737
9,11784,0.909121595711701
188,11784,0.445008528074182
12475,11784,0.445606858868231
12699,11784,0.459960604698358
102678,11784,0.368315426166737
11784,11784,1
