Var1,Var2,Freq
112,112,1
134,112,0.411585365853659
148,112,0.462235649546828
116,112,0.415954415954416
12720,112,0.84366576819407
11680,112,0.421686746987952
10930,112,0.878706199460917
12719,112,0.439169139465875
17076,112,0.840540540540541
10549,112,0.425219941348974
112,134,0.411585365853659
134,134,1
148,134,0.547277936962751
116,134,0.518840579710145
12720,134,0.41399416909621
11680,134,0.820754716981132
10930,134,0.43558282208589
12719,134,0.528571428571429
17076,134,0.445121951219512
10549,134,0.493297587131367
112,148,0.462235649546828
134,148,0.547277936962751
148,148,1
116,148,0.551928783382789
12720,148,0.47008547008547
11680,148,0.553977272727273
10930,148,0.459214501510574
12719,148,0.811764705882353
17076,148,0.480597014925373
10549,148,0.557926829268293
112,116,0.415954415954416
134,116,0.518840579710145
148,116,0.551928783382789
116,116,1
12720,116,0.422857142857143
11680,116,0.514285714285714
10930,116,0.433526011560694
12719,116,0.540697674418605
17076,116,0.458333333333333
10549,116,0.915167095115681
112,12720,0.84366576819407
134,12720,0.41399416909621
148,12720,0.47008547008547
116,12720,0.422857142857143
12720,12720,1
11680,12720,0.426512968299712
10930,12720,0.851752021563342
12719,12720,0.449101796407186
17076,12720,0.87027027027027
10549,12720,0.420454545454545
112,11680,0.421686746987952
134,11680,0.820754716981132
148,11680,0.553977272727273
116,11680,0.514285714285714
12720,11680,0.426512968299712
11680,11680,1
10930,11680,0.446107784431138
12719,11680,0.548022598870056
17076,11680,0.447058823529412
10549,11680,0.501355013550136
112,10930,0.878706199460917
134,10930,0.43558282208589
148,10930,0.459214501510574
116,10930,0.433526011560694
12720,10930,0.851752021563342
11680,10930,0.446107784431138
10930,10930,1
12719,10930,0.457680250783699
17076,10930,0.856756756756757
10549,10930,0.434402332361516
112,12719,0.439169139465875
134,12719,0.528571428571429
148,12719,0.811764705882353
116,12719,0.540697674418605
12720,12719,0.449101796407186
11680,12719,0.548022598870056
10930,12719,0.457680250783699
12719,12719,1
17076,12719,0.443502824858757
10549,12719,0.551515151515152
112,17076,0.840540540540541
134,17076,0.445121951219512
148,17076,0.480597014925373
116,17076,0.458333333333333
12720,17076,0.87027027027027
11680,17076,0.447058823529412
10930,17076,0.856756756756757
12719,17076,0.443502824858757
17076,17076,1
10549,17076,0.442577030812325
112,10549,0.425219941348974
134,10549,0.493297587131367
148,10549,0.557926829268293
116,10549,0.915167095115681
12720,10549,0.420454545454545
11680,10549,0.501355013550136
10930,10549,0.434402332361516
12719,10549,0.551515151515152
17076,10549,0.442577030812325
10549,10549,1
