Var1,Var2,Freq
112,112,1
134,112,0.287803673850432
148,112,0.29893387578838
116,112,0.317805847912714
12720,112,0.821457708550002
11680,112,0.28142862886862
10930,112,0.863050939624326
12719,112,0.297867474571063
17076,112,0.835097024461997
10549,112,0.317869494855365
112,134,0.287803673850432
134,134,1
148,134,0.410818429330377
116,134,0.423782365632057
12720,134,0.282984666749807
11680,134,0.815948531451512
10930,134,0.296102718403618
12719,134,0.408174445657767
17076,134,0.311107169645496
10549,134,0.415915507372465
112,148,0.29893387578838
134,148,0.410818429330377
148,148,1
116,148,0.416601694084701
12720,148,0.310770482021976
11680,148,0.420097100329411
10930,148,0.30868809599355
12719,148,0.794626823692599
17076,148,0.323175462177438
10549,148,0.409236045939092
112,116,0.317805847912714
134,116,0.423782365632057
148,116,0.416601694084701
116,116,1
12720,116,0.323755583642968
11680,116,0.418138446316614
10930,116,0.326094405672506
12719,116,0.410882704321627
17076,116,0.336342516039263
10549,116,0.906331902618538
112,12720,0.821457708550002
134,12720,0.282984666749807
148,12720,0.310770482021976
116,12720,0.323755583642968
12720,12720,1
11680,12720,0.277611538953485
10930,12720,0.834468918131189
12719,12720,0.291068351257284
17076,12720,0.844687384126039
10549,12720,0.317249863576518
112,11680,0.28142862886862
134,11680,0.815948531451512
148,11680,0.420097100329411
116,11680,0.418138446316614
12720,11680,0.277611538953485
11680,11680,1
10930,11680,0.293023309964714
12719,11680,0.414840463960335
17076,11680,0.303164584518187
10549,11680,0.410325067977668
112,10930,0.863050939624326
134,10930,0.296102718403618
148,10930,0.30868809599355
116,10930,0.326094405672506
12720,10930,0.834468918131189
11680,10930,0.293023309964714
10930,10930,1
12719,10930,0.300898776990274
17076,10930,0.853892619651392
10549,10930,0.324106569307172
112,12719,0.297867474571063
134,12719,0.408174445657767
148,12719,0.794626823692599
116,12719,0.410882704321627
12720,12719,0.291068351257284
11680,12719,0.414840463960335
10930,12719,0.300898776990274
12719,12719,1
17076,12719,0.312086596483832
10549,12719,0.409656186049973
112,17076,0.835097024461997
134,17076,0.311107169645496
148,17076,0.323175462177438
116,17076,0.336342516039263
12720,17076,0.844687384126039
11680,17076,0.303164584518187
10930,17076,0.853892619651392
12719,17076,0.312086596483832
17076,17076,1
10549,17076,0.340404042637522
112,10549,0.317869494855365
134,10549,0.415915507372465
148,10549,0.409236045939092
116,10549,0.906331902618538
12720,10549,0.317249863576518
11680,10549,0.410325067977668
10930,10549,0.324106569307172
12719,10549,0.409656186049973
17076,10549,0.340404042637522
10549,10549,1
