Var1,Var2,Freq
2,2,1
12199,2,0.96901226597805
12030,2,0.345038167938931
101311,2,0.337096774193548
104069,2,0.328112118713932
104559,2,0.320256204963971
2,12199,0.96901226597805
12199,12199,1
12030,12199,0.347589424572317
101311,12199,0.339561332250203
104069,12199,0.31114435302917
104559,12199,0.322632423756019
2,12030,0.345038167938931
12199,12030,0.347589424572317
12030,12030,1
101311,12030,0.479896238651102
104069,12030,0.377706495589415
104559,12030,0.362095531587057
2,101311,0.337096774193548
12199,101311,0.339561332250203
12030,101311,0.479896238651102
101311,101311,1
104069,101311,0.378486055776892
104559,101311,0.361586314152411
2,104069,0.328112118713932
12199,104069,0.31114435302917
12030,104069,0.377706495589415
101311,104069,0.378486055776892
104069,104069,1
104559,104069,0.343261355174981
2,104559,0.320256204963971
12199,104559,0.322632423756019
12030,104559,0.362095531587057
101311,104559,0.361586314152411
104069,104559,0.343261355174981
104559,104559,1
