Var1,Var2,Freq
2,2,1
12199,2,0.964754758119253
12030,2,0.205504814245731
101311,2,0.188812367094412
104069,2,0.190804668708864
104559,2,0.190500392164489
2,12199,0.964754758119253
12199,12199,1
12030,12199,0.207689817060416
101311,12199,0.188855589551923
104069,12199,0.190992844393389
104559,12199,0.191072336711688
2,12030,0.205504814245731
12199,12030,0.207689817060416
12030,12030,1
101311,12030,0.434661462978367
104069,12030,0.27068018940169
104559,12030,0.209466706103695
2,101311,0.188812367094412
12199,101311,0.188855589551923
12030,101311,0.434661462978367
101311,101311,1
104069,101311,0.271276441231473
104559,101311,0.204442170810995
2,104069,0.190804668708864
12199,104069,0.190992844393389
12030,104069,0.27068018940169
101311,104069,0.271276441231473
104069,104069,1
104559,104069,0.238769108850647
2,104559,0.190500392164489
12199,104559,0.191072336711688
12030,104559,0.209466706103695
101311,104559,0.204442170810995
104069,104559,0.238769108850647
104559,104559,1
