Var1,Var2,Freq
12263,12263,1
12718,12263,0.256471707122392
12724,12263,0.166601164560903
10216,12263,0.264436699791785
12247,12263,0.261398884212876
11637,12263,0.192185989029451
10878,12263,0.334866640388893
11635,12263,0.97983270749321
12635,12263,0.702818302157428
10695,12263,0.264699749044758
12504,12263,0.96860003652902
11018,12263,0.121991749004807
10782,12263,0.163377400545205
10207,12263,0.235065046257807
12264,12263,0.140826092597889
11636,12263,0.789721535577795
11149,12263,0.0870884037883147
10612,12263,0.145362073172441
10880,12263,0.703967537199307
17145,12263,0.215099934386408
10876,12263,0.264136691604227
11843,12263,0.164298720126547
100845,12263,0.0742584237241542
100918,12263,0.120731633120446
11969,12263,0.229483816205724
10901,12263,0.270302225941756
12665,12263,0.266196290000456
12345,12263,0.227050879392594
10711,12263,0.121321050685232
11617,12263,0.281974010062794
11019,12263,0.140866196854034
12944,12263,0.216530275369712
10939,12263,0.159848919256822
10811,12263,0.0866937666633813
101033,12263,0.146770786418509
10850,12263,0.157079642696915
101557,12263,0.239773363048726
103095,12263,0.106042333123604
101239,12263,0.0536758658060396
101180,12263,0.127401900082946
101041,12263,0.0770624673365145
30048,12263,0.110168982766821
103062,12263,0.127583177593998
101053,12263,0.0756167134855474
103457,12263,0.0792009398567295
102465,12263,0.227841810998021
101584,12263,0.149463528341761
20158,12263,0.118780121464077
102420,12263,0.149770899004751
10696,12263,0.264249961370099
102774,12263,0.13870960543399
101582,12263,0.260123708767631
101465,12263,0.063544397385943
101602,12263,0.0653819699921684
101607,12263,0.128443651846974
10929,12263,0.171176860716943
101348,12263,0.210899355437544
10842,12263,0.193867313436512
12666,12263,0.259416778060374
12263,12718,0.256471707122392
12718,12718,1
12724,12718,0.238115078402635
10216,12718,0.264991169899457
12247,12718,0.235930440202679
11637,12718,0.193182666718457
10878,12718,0.246895041282158
11635,12718,0.25692495294731
12635,12718,0.24042290223086
10695,12718,0.348708289401475
12504,12718,0.255046642740437
11018,12718,0.166871045585685
10782,12718,0.200043511468411
10207,12718,0.327627618768806
12264,12718,0.186579091134649
11636,12718,0.26226062785028
11149,12718,0.108855715326522
10612,12718,0.20585221902928
10880,12718,0.238222850318356
17145,12718,0.308691746110768
10876,12718,0.236367063474721
11843,12718,0.24010040059659
100845,12718,0.105159901559053
100918,12718,0.15224143963557
11969,12718,0.325898252068163
10901,12718,0.263910949742875
12665,12718,0.230847828999966
12345,12718,0.322796584751299
10711,12718,0.163482089957721
11617,12718,0.249369760905901
11019,12718,0.186632224865225
12944,12718,0.299082648886283
10939,12718,0.227394955399549
10811,12718,0.114120076335595
101033,12718,0.18558267245934
10850,12718,0.19805646817704
101557,12718,0.606745075825192
103095,12718,0.139025229596615
101239,12718,0.0822314180007249
101180,12718,0.170971327949368
101041,12718,0.106072992680066
30048,12718,0.147228769143992
103062,12718,0.152675586089788
101053,12718,0.107648332996816
103457,12718,0.0984945522145705
102465,12718,0.594171045549625
101584,12718,0.161086502867751
20158,12718,0.133193189193936
102420,12718,0.162820280779005
10696,12718,0.368429272558427
102774,12718,0.189485253970619
101582,12718,0.345803863753331
101465,12718,0.0897013233482284
101602,12718,0.0897240505720147
101607,12718,0.187203265533968
10929,12718,0.236856241204937
101348,12718,0.293562983664416
10842,12718,0.198573666329645
12666,12718,0.341165022886065
12263,12724,0.166601164560903
12718,12724,0.238115078402635
12724,12724,1
10216,12724,0.157803195826737
12247,12724,0.157408986595819
11637,12724,0.137312946691463
10878,12724,0.15324419350536
11635,12724,0.167469763025132
12635,12724,0.158030685416571
10695,12724,0.229489097462623
12504,12724,0.165512220882597
11018,12724,0.137684783058136
10782,12724,0.326983019251171
10207,12724,0.214224396845583
12264,12724,0.150987872024444
11636,12724,0.176585278496808
11149,12724,0.0810178978291834
10612,12724,0.138307188181404
10880,12724,0.15766570243381
17145,12724,0.295095172610451
10876,12724,0.159106948447598
11843,12724,0.802043778900446
100845,12724,0.0789631434606194
100918,12724,0.115367519992818
11969,12724,0.218541203590978
10901,12724,0.160635222270933
12665,12724,0.153927176868005
12345,12724,0.218797181181364
10711,12724,0.133952239564337
11617,12724,0.16288901986789
11019,12724,0.15103087013781
12944,12724,0.292722973145566
10939,12724,0.763118753179835
10811,12724,0.0850275577254069
101033,12724,0.117193209655544
10850,12724,0.333717443853148
101557,12724,0.228679418190918
103095,12724,0.132971326138074
101239,12724,0.0592803919057457
101180,12724,0.140371704383971
101041,12724,0.0765122782480179
30048,12724,0.136687062938258
103062,12724,0.104528129808216
101053,12724,0.078287312666618
103457,12724,0.0846359508937179
102465,12724,0.208558102148615
101584,12724,0.122401449365861
20158,12724,0.114315413614781
102420,12724,0.122017771026674
10696,12724,0.232634142684274
102774,12724,0.16149081395629
101582,12724,0.225074415495241
101465,12724,0.0814457133773134
101602,12724,0.0791657724894295
101607,12724,0.147684234248912
10929,12724,0.792370889810099
101348,12724,0.202765849287561
10842,12724,0.14057912732177
12666,12724,0.224074059613806
12263,10216,0.264436699791785
12718,10216,0.264991169899457
12724,10216,0.157803195826737
10216,10216,1
12247,10216,0.247253060537965
11637,10216,0.167847530872682
10878,10216,0.26552930417048
11635,10216,0.265134091760262
12635,10216,0.244425168123087
10695,10216,0.273312132079394
12504,10216,0.262047602873151
11018,10216,0.128016987362732
10782,10216,0.168475728740479
10207,10216,0.220687725259916
12264,10216,0.142938649010414
11636,10216,0.270914698127434
11149,10216,0.0872979726881854
10612,10216,0.130348467246095
10880,10216,0.243400250903186
17145,10216,0.211343848535995
10876,10216,0.240783299083294
11843,10216,0.158956224217478
100845,10216,0.0794513633408499
100918,10216,0.123890103875288
11969,10216,0.212662900904443
10901,10216,0.701500768564917
12665,10216,0.216049166356058
12345,10216,0.210071753248668
10711,10216,0.121555185500756
11617,10216,0.269909630848777
11019,10216,0.142979354877396
12944,10216,0.201841318741858
10939,10216,0.158068701194324
10811,10216,0.0889326878556403
101033,10216,0.154139264622443
10850,10216,0.175331040439472
101557,10216,0.267860331960438
103095,10216,0.115519309675603
101239,10216,0.0636702689068956
101180,10216,0.128554146780122
101041,10216,0.0790785052471056
30048,10216,0.118510295882282
103062,10216,0.133522095499043
101053,10216,0.0799612498862969
103457,10216,0.0788441838809232
102465,10216,0.246082854995672
101584,10216,0.134109488040683
20158,10216,0.106775977653159
102420,10216,0.137495317399187
10696,10216,0.259516238154647
102774,10216,0.14875968066601
101582,10216,0.259270400780224
101465,10216,0.0638034122538967
101602,10216,0.0670907574676146
101607,10216,0.140008112336455
10929,10216,0.161240495388545
101348,10216,0.212398302503608
10842,10216,0.175792976100308
12666,10216,0.261329894080121
12263,12247,0.261398884212876
12718,12247,0.235930440202679
12724,12247,0.157408986595819
10216,12247,0.247253060537965
12247,12247,1
11637,12247,0.189902932961157
10878,12247,0.345302670262313
11635,12247,0.261230932621979
12635,12247,0.244002334278347
10695,12247,0.236478588647688
12504,12247,0.258058137457662
11018,12247,0.124884928057027
10782,12247,0.136467404388887
10207,12247,0.216720716810916
12264,12247,0.139464335858795
11636,12247,0.275224882495912
11149,12247,0.0789906912648256
10612,12247,0.128809420778558
10880,12247,0.243032628446692
17145,12247,0.188688417374907
10876,12247,0.912959938698298
11843,12247,0.161771629151241
100845,12247,0.0729968816956323
100918,12247,0.119503609665428
11969,12247,0.219251737590537
10901,12247,0.241786287791052
12665,12247,0.606138952753661
12345,12247,0.216814448042043
10711,12247,0.11769590530087
11617,12247,0.376934282432134
11019,12247,0.139504052315776
12944,12247,0.19564782323533
10939,12247,0.153078577638568
10811,12247,0.0806892428257448
101033,12247,0.159019399088801
10850,12247,0.142311089282462
101557,12247,0.231457892394277
103095,12247,0.0974253986324857
101239,12247,0.0589693718752273
101180,12247,0.126302430953771
101041,12247,0.0733091411972284
30048,12247,0.104250780873208
103062,12247,0.128129046970449
101053,12247,0.0757632255280379
103457,12247,0.0800921637774877
102465,12247,0.212913072737892
101584,12247,0.150103013613696
20158,12247,0.100453327694363
102420,12247,0.134688188393639
10696,12247,0.239730398568354
102774,12247,0.155990427728924
101582,12247,0.233894107184271
101465,12247,0.0663860573205315
101602,12247,0.0588992075750889
101607,12247,0.149787189037399
10929,12247,0.157427033009752
101348,12247,0.20079408114891
10842,12247,0.180939763830273
12666,12247,0.231542695058521
12263,11637,0.192185989029451
12718,11637,0.193182666718457
12724,11637,0.137312946691463
10216,11637,0.167847530872682
12247,11637,0.189902932961157
11637,11637,1
10878,11637,0.186817367142411
11635,11637,0.19226510504887
12635,11637,0.184596548886772
10695,11637,0.22613407908477
12504,11637,0.189781425368428
11018,11637,0.118761325070012
10782,11637,0.127378837186205
10207,11637,0.196834191861231
12264,11637,0.129153692916061
11636,11637,0.190940430756655
11149,11637,0.0704214119103068
10612,11637,0.102490154351786
10880,11637,0.186105589727984
17145,11637,0.180282147625593
10876,11637,0.188977330132092
11843,11637,0.144109437129572
100845,11637,0.0609129840947476
100918,11637,0.0928995843723423
11969,11637,0.196674531817226
10901,11637,0.170226510929394
12665,11637,0.185839684846921
12345,11637,0.195567110567873
10711,11637,0.10664294333333
11617,11637,0.196004536192759
11019,11637,0.129190473122678
12944,11637,0.175769324587782
10939,11637,0.133106107259141
10811,11637,0.0720854286220415
101033,11637,0.127545969807259
10850,11637,0.12622192302987
101557,11637,0.201362510986055
103095,11637,0.0884803594221415
101239,11637,0.0521907898196334
101180,11637,0.105088466456226
101041,11637,0.0623423950423662
30048,11637,0.0908939141161101
103062,11637,0.108771347607524
101053,11637,0.0617545408835676
103457,11637,0.0702741958065663
102465,11637,0.184975951122632
101584,11637,0.127035073298161
20158,11637,0.0945745609134601
102420,11637,0.12527238996489
10696,11637,0.221210573670385
102774,11637,0.122483925305007
101582,11637,0.222738627245438
101465,11637,0.0495590327971511
101602,11637,0.0487885933620656
101607,11637,0.115649080068262
10929,11637,0.144047073400717
101348,11637,0.186172879426901
10842,11637,0.526723727677009
12666,11637,0.222694948722174
12263,10878,0.334866640388893
12718,10878,0.246895041282158
12724,10878,0.15324419350536
10216,10878,0.26552930417048
12247,10878,0.345302670262313
11637,10878,0.186817367142411
10878,10878,1
11635,10878,0.334740709805797
12635,10878,0.283699478696316
10695,10878,0.256049640464558
12504,10878,0.330338875108635
11018,10878,0.116773238395623
10782,10878,0.149009489643139
10207,10878,0.221165499027184
12264,10878,0.135652811562537
11636,10878,0.332168512295493
11149,10878,0.0899457335275844
10612,10878,0.139451308469156
10880,10878,0.284803913330867
17145,10878,0.205842215791877
10876,10878,0.34597926617475
11843,10878,0.160268775531139
100845,10878,0.0799555430524483
100918,10878,0.124694662107515
11969,10878,0.221356263868291
10901,10878,0.268012703717654
12665,10878,0.347985816224253
12345,10878,0.219016942452968
10711,10878,0.10314472178112
11617,10878,0.574695375378679
11019,10878,0.135691442579001
12944,10878,0.204834773999025
10939,10878,0.145516864688667
10811,10878,0.0879209130121059
101033,10878,0.135829903438302
10850,10878,0.149777934733543
101557,10878,0.242099504424404
103095,10878,0.107090038353836
101239,10878,0.057230960193591
101180,10878,0.118385626595882
101041,10878,0.0790590687218217
30048,10878,0.114925522255547
103062,10878,0.125911915766274
101053,10878,0.0769309661871958
103457,10878,0.0789604165666465
102465,10878,0.230222276131919
101584,10878,0.132238622640905
20158,10878,0.0981634509772503
102420,10878,0.127511879356984
10696,10878,0.266315589141411
102774,10878,0.13230769884428
101582,10878,0.25511741169592
101465,10878,0.063138832384369
101602,10878,0.0655701206570548
101607,10878,0.125504508595038
10929,10878,0.151212311080272
101348,10878,0.191485766286493
10842,10878,0.197312777451483
12666,10878,0.25506738376884
12263,11635,0.97983270749321
12718,11635,0.25692495294731
12724,11635,0.167469763025132
10216,11635,0.265134091760262
12247,11635,0.261230932621979
11637,11635,0.19226510504887
10878,11635,0.334740709805797
11635,11635,1
12635,11635,0.703914251456917
10695,11635,0.264808716356013
12504,11635,0.982990545778834
11018,11635,0.122304424441301
10782,11635,0.163444657110885
10207,11635,0.235547325204497
12264,11635,0.140884065605874
11636,11635,0.79059661562042
11149,11635,0.0873204807331602
10612,11635,0.145727421701136
10880,11635,0.70533212698112
17145,11635,0.215188483248225
10876,11635,0.262869148858825
11843,11635,0.164902624664266
100845,11635,0.0746385884931905
100918,11635,0.120781333966374
11969,11635,0.230348683325553
10901,11635,0.270998810195255
12665,11635,0.26764409385275
12345,11635,0.227529338446532
10711,11635,0.120545341151464
11617,11635,0.282363167060544
11019,11635,0.14092418637149
12944,11635,0.217563974445288
10939,11635,0.160710318912579
10811,11635,0.0871263864967692
101033,11635,0.146831206641893
10850,11635,0.156631600972013
101557,11635,0.239872069068571
103095,11635,0.107424611356686
101239,11635,0.0533725200230228
101180,11635,0.126471408429009
101041,11635,0.0774639474791571
30048,11635,0.110549333331492
103062,11635,0.127635698972934
101053,11635,0.0760005127438585
103457,11635,0.0796003659816495
102465,11635,0.227935605229506
101584,11635,0.149525057069585
20158,11635,0.118829018943252
102420,11635,0.149832554265958
10696,11635,0.263703579347747
102774,11635,0.13804396389431
101582,11635,0.260558952178034
101465,11635,0.063570556315649
101602,11635,0.0662781064522693
101607,11635,0.128496527452033
10929,11635,0.172048797592234
101348,11635,0.211364286497824
10842,11635,0.193250305590632
12666,11635,0.259523570563584
12263,12635,0.702818302157428
12718,12635,0.24042290223086
12724,12635,0.158030685416571
10216,12635,0.244425168123087
12247,12635,0.244002334278347
11637,12635,0.184596548886772
10878,12635,0.283699478696316
11635,12635,0.703914251456917
12635,12635,1
10695,12635,0.241039567297517
12504,12635,0.693047756381694
11018,12635,0.110286620971749
10782,12635,0.14367574334376
10207,12635,0.207686823122269
12264,12635,0.133069000791523
11636,12635,0.670426674698503
11149,12635,0.0736146358400615
10612,12635,0.127180673124111
10880,12635,0.991709650127151
17145,12635,0.204995888561581
10876,12635,0.245620104264832
11843,12635,0.156008472408555
100845,12635,0.0678016114193916
100918,12635,0.107525696379051
11969,12635,0.205631829531122
10901,12635,0.245666821256249
12665,12635,0.236992925318559
12345,12635,0.204389460257643
10711,12635,0.113762219850785
11617,12635,0.258388939290569
11019,12635,0.133106895993997
12944,12635,0.196452543424843
10939,12635,0.141052327028505
10811,12635,0.0725109008993692
101033,12635,0.13009694724731
10850,12635,0.130070024947621
101557,12635,0.237995554884533
103095,12635,0.0957174008860231
101239,12635,0.0470191926938703
101180,12635,0.115856802758237
101041,12635,0.0689953566840415
30048,12635,0.100080925863521
103062,12635,0.109619478594451
101053,12635,0.0673617166488715
103457,12635,0.0718612245270931
102465,12635,0.203630727797332
101584,12635,0.134207682934433
20158,12635,0.0973356034500249
102420,12635,0.133157411027749
10696,12635,0.245144858980436
102774,12635,0.130260027119935
101582,12635,0.236255606164945
101465,12635,0.0568352715116547
101602,12635,0.0568317201625412
101607,12635,0.115547052181508
10929,12635,0.159626465141791
101348,12635,0.179626672836305
10842,12635,0.175412495937856
12666,12635,0.237494769657676
12263,10695,0.264699749044758
12718,10695,0.348708289401475
12724,10695,0.229489097462623
10216,10695,0.273312132079394
12247,10695,0.236478588647688
11637,10695,0.22613407908477
10878,10695,0.256049640464558
11635,10695,0.264808716356013
12635,10695,0.241039567297517
10695,10695,1
12504,10695,0.263021623633068
11018,10695,0.154867246338859
10782,10695,0.204717856442836
10207,10695,0.312840568236348
12264,10695,0.176318693952342
11636,10695,0.277460447263357
11149,10695,0.107801597855557
10612,10695,0.181368133728566
10880,10695,0.239594605918402
17145,10695,0.299175869531632
10876,10695,0.238194072719502
11843,10695,0.230426966293288
100845,10695,0.0937281321407893
100918,10695,0.145256038400394
11969,10695,0.30982055584231
10901,10695,0.281273196212644
12665,10695,0.238975234907674
12345,10695,0.305506079584493
10711,10695,0.161738800349188
11617,10695,0.268341021269547
11019,10695,0.176368905741471
12944,10695,0.290549224153451
10939,10695,0.212668098000899
10811,10695,0.112120128359622
101033,10695,0.179387772782394
10850,10695,0.216006709603423
101557,10695,0.35475236418295
103095,10695,0.131780473062943
101239,10695,0.079267412130649
101180,10695,0.159608444508152
101041,10695,0.0907247674518066
30048,10695,0.140335206461379
103062,10695,0.149445639806249
101053,10695,0.0983516328077969
103457,10695,0.113493838238526
102465,10695,0.314608175856582
101584,10695,0.173618350760809
20158,10695,0.1300272551353
102420,10695,0.17933398072242
10696,10695,0.775537562072036
102774,10695,0.197663583311552
101582,10695,0.833857609515249
101465,10695,0.0857897556537428
101602,10695,0.086090385436778
101607,10695,0.179429805524262
10929,10695,0.231185439148974
101348,10695,0.290543546644992
10842,10695,0.227408436479873
12666,10695,0.830945218394661
12263,12504,0.96860003652902
12718,12504,0.255046642740437
12724,12504,0.165512220882597
10216,12504,0.262047602873151
12247,12504,0.258058137457662
11637,12504,0.189781425368428
10878,12504,0.330338875108635
11635,12504,0.982990545778834
12635,12504,0.693047756381694
10695,12504,0.263021623633068
12504,12504,1
11018,12504,0.120401151649744
10782,12504,0.162046065837756
10207,12504,0.233491618069845
12264,12504,0.138851134379795
11636,12504,0.779993883252049
11149,12504,0.0849191634730308
10612,12504,0.147174186630349
10880,12504,0.694203197192983
17145,12504,0.21474259109771
10876,12504,0.260249010970436
11843,12504,0.162936257069815
100845,12504,0.0728506282994463
100918,12504,0.118109718366673
11969,12504,0.228297390546732
10901,12504,0.267925207099536
12665,12504,0.263484819470585
12345,12504,0.225480631872142
10711,12504,0.119654016326731
11617,12504,0.279478990744622
11019,12504,0.138890676210123
12944,12504,0.218388673770136
10939,12504,0.15876679034027
10811,12504,0.0848966698732578
101033,12504,0.145228353131789
10850,12504,0.155264620050661
101557,12504,0.238018214488714
103095,12504,0.103017541008898
101239,12504,0.0522048198567357
101180,12504,0.122472436113398
101041,12504,0.0755736874898557
30048,12504,0.106136107061231
103062,12504,0.126333166176186
101053,12504,0.0740201986854085
103457,12504,0.0788234599996051
102465,12504,0.225871758596807
101584,12504,0.14735916860798
20158,12504,0.117606293455058
102420,12504,0.148273536109792
10696,12504,0.261921913739486
102774,12504,0.134356506334528
101582,12504,0.258776124112191
101465,12504,0.0614036149526203
101602,12504,0.0632011449255053
101607,12504,0.125618914562917
10929,12504,0.170085351053027
101348,12504,0.208980919301542
10842,12504,0.19082285293304
12666,12504,0.257741632033024
12263,11018,0.121991749004807
12718,11018,0.166871045585685
12724,11018,0.137684783058136
10216,11018,0.128016987362732
12247,11018,0.124884928057027
11637,11018,0.118761325070012
10878,11018,0.116773238395623
11635,11018,0.122304424441301
12635,11018,0.110286620971749
10695,11018,0.154867246338859
12504,11018,0.120401151649744
11018,11018,1
10782,11018,0.121963680796622
10207,11018,0.25175209488151
12264,11018,0.436448441451256
11636,11018,0.119105201075063
11149,11018,0.077485703685772
10612,11018,0.126481271028476
10880,11018,0.112012443207939
17145,11018,0.172188028007127
10876,11018,0.126326047320249
11843,11018,0.133825346985968
100845,11018,0.0636760245021889
100918,11018,0.0880656022878042
11969,11018,0.262228545803703
10901,11018,0.123678465874283
12665,11018,0.117202955914552
12345,11018,0.259142118665855
10711,11018,0.0755220272642582
11617,11018,0.116971737886829
11019,11018,0.434433980718131
12944,11018,0.165271018585501
10939,11018,0.129063769100368
10811,11018,0.078370146124683
101033,11018,0.103981234308017
10850,11018,0.117160575450716
101557,11018,0.164102503719285
103095,11018,0.11231074238243
101239,11018,0.049941814851917
101180,11018,0.113717446242111
101041,11018,0.0659340656193113
30048,11018,0.116269079939452
103062,11018,0.0940324876773736
101053,11018,0.0644047706181489
103457,11018,0.0583962543170967
102465,11018,0.145908460402022
101584,11018,0.107935645323606
20158,11018,0.122695980052014
102420,11018,0.101722294408711
10696,11018,0.150027571876004
102774,11018,0.129914410263928
101582,11018,0.151233484147933
101465,11018,0.0575180665581723
101602,11018,0.0592148366624277
101607,11018,0.117823751108439
10929,11018,0.136657974418488
101348,11018,0.259934612390362
10842,11018,0.1157044358395
12666,11018,0.150576425841463
12263,10782,0.163377400545205
12718,10782,0.200043511468411
12724,10782,0.326983019251171
10216,10782,0.168475728740479
12247,10782,0.136467404388887
11637,10782,0.127378837186205
10878,10782,0.149009489643139
11635,10782,0.163444657110885
12635,10782,0.14367574334376
10695,10782,0.204717856442836
12504,10782,0.162046065837756
11018,10782,0.121963680796622
10782,10782,1
10207,10782,0.211151499042261
12264,10782,0.128031810467677
11636,10782,0.159013880474769
11149,10782,0.0790157866116453
10612,10782,0.122438359618239
10880,10782,0.145376003951333
17145,10782,0.262303758547725
10876,10782,0.138680525874922
11843,10782,0.326729734266517
100845,10782,0.0733894324552866
100918,10782,0.113592824557822
11969,10782,0.211347787029539
10901,10782,0.174813931722695
12665,10782,0.135867194057163
12345,10782,0.211233637527813
10711,10782,0.135509995679809
11617,10782,0.163119975972084
11019,10782,0.128068271186191
12944,10782,0.252968437305106
10939,10782,0.313536246620067
10811,10782,0.0812433427738801
101033,10782,0.124120785255929
10850,10782,0.629884207833265
101557,10782,0.194358362967953
103095,10782,0.118153282819114
101239,10782,0.0574501145689419
101180,10782,0.119742724186799
101041,10782,0.0866188480021405
30048,10782,0.118913301731056
103062,10782,0.10708250286703
101053,10782,0.0728571969320723
103457,10782,0.0705302934971729
102465,10782,0.192201339518237
101584,10782,0.117951553808522
20158,10782,0.086422577314932
102420,10782,0.123232418203022
10696,10782,0.206617410223487
102774,10782,0.13724054705747
101582,10782,0.196335280579916
101465,10782,0.0588278397400388
101602,10782,0.0617919395033225
101607,10782,0.124623101591363
10929,10782,0.330891626289544
101348,10782,0.197356955201462
10842,10782,0.122343598623616
12666,10782,0.200053655857447
12263,10207,0.235065046257807
12718,10207,0.327627618768806
12724,10207,0.214224396845583
10216,10207,0.220687725259916
12247,10207,0.216720716810916
11637,10207,0.196834191861231
10878,10207,0.221165499027184
11635,10207,0.235547325204497
12635,10207,0.207686823122269
10695,10207,0.312840568236348
12504,10207,0.233491618069845
11018,10207,0.25175209488151
10782,10207,0.211151499042261
10207,10207,1
12264,10207,0.275983299425991
11636,10207,0.241375539290474
11149,10207,0.147436844354535
10612,10207,0.226973268688059
10880,10207,0.20717284997651
17145,10207,0.27273007360813
10876,10207,0.222666492822481
11843,10207,0.213140029445302
100845,10207,0.115870712979267
100918,10207,0.181424010669868
11969,10207,0.930484482712691
10901,10207,0.227699616982218
12665,10207,0.208991485852616
12345,10207,0.929441238403487
10711,10207,0.170068990673101
11617,10207,0.234328360416134
11019,10207,0.276061893560982
12944,10207,0.258236675192683
10939,10207,0.205219618293425
10811,10207,0.154136840060002
101033,10207,0.183109651665659
10850,10207,0.201974794953237
101557,10207,0.318971583298457
103095,10207,0.198338647602791
101239,10207,0.0936966060296108
101180,10207,0.189122417255645
101041,10207,0.108532053716897
30048,10207,0.211244138372079
103062,10207,0.171027147938734
101053,10207,0.117632953050758
103457,10207,0.125701741605726
102465,10207,0.277888524971972
101584,10207,0.172765272402013
20158,10207,0.188030855846468
102420,10207,0.174733613246733
10696,10207,0.306401234943729
102774,10207,0.229397473930164
101582,10207,0.309706918849133
101465,10207,0.103660186208231
101602,10207,0.105899976953127
101607,10207,0.215470530408776
10929,10207,0.209361157757213
101348,10207,0.509254112795041
10842,10207,0.205836486534729
12666,10207,0.305959921927906
12263,12264,0.140826092597889
12718,12264,0.186579091134649
12724,12264,0.150987872024444
10216,12264,0.142938649010414
12247,12264,0.139464335858795
11637,12264,0.129153692916061
10878,12264,0.135652811562537
11635,12264,0.140884065605874
12635,12264,0.133069000791523
10695,12264,0.176318693952342
12504,12264,0.138851134379795
11018,12264,0.436448441451256
10782,12264,0.128031810467677
10207,12264,0.275983299425991
12264,12264,1
11636,12264,0.144216463537472
11149,12264,0.0927181159937259
10612,12264,0.136577114520453
10880,12264,0.13243422380339
17145,12264,0.197420922386827
10876,12264,0.14323450720586
11843,12264,0.15017777048349
100845,12264,0.0772530763851185
100918,12264,0.109132976834303
11969,12264,0.273013611836095
10901,12264,0.142454051295634
12665,12264,0.134912867734345
12345,12264,0.271297960156942
10711,12264,0.0933278076733043
11617,12264,0.139042644992091
11019,12264,0.997152660012429
12944,12264,0.185642757603134
10939,12264,0.145832865455203
10811,12264,0.0959995732518383
101033,12264,0.11602015530337
10850,12264,0.123478068721052
101557,12264,0.176534233983468
103095,12264,0.13699834558101
101239,12264,0.0589908119454057
101180,12264,0.121116185964527
101041,12264,0.0770015416281289
30048,12264,0.145666797989131
103062,12264,0.102662085724161
101053,12264,0.0782917953347755
103457,12264,0.0702269311627698
102465,12264,0.169888219919845
101584,12264,0.109801769993896
20158,12264,0.147898305433038
102420,12264,0.118271821378728
10696,12264,0.178803264937695
102774,12264,0.146462904152247
101582,12264,0.173437643933465
101465,12264,0.0664739804693512
101602,12264,0.064837816948396
101607,12264,0.128349820360396
10929,12264,0.152078595509633
101348,12264,0.283392351650334
10842,12264,0.123705515288157
12666,12264,0.174740077404239
12263,11636,0.789721535577795
12718,11636,0.26226062785028
12724,11636,0.176585278496808
10216,11636,0.270914698127434
12247,11636,0.275224882495912
11637,11636,0.190940430756655
10878,11636,0.332168512295493
11635,11636,0.79059661562042
12635,11636,0.670426674698503
10695,11636,0.277460447263357
12504,11636,0.779993883252049
11018,11636,0.119105201075063
10782,11636,0.159013880474769
10207,11636,0.241375539290474
12264,11636,0.144216463537472
11636,11636,1
11149,11636,0.0927842750349477
10612,11636,0.136194379758474
10880,11636,0.668639798192621
17145,11636,0.216230698774602
10876,11636,0.275196598592344
11843,11636,0.173524676509235
100845,11636,0.0793249885103556
100918,11636,0.12157773913064
11969,11636,0.233076110387925
10901,11636,0.268258668488592
12665,11636,0.269999778472516
12345,11636,0.231021829455673
10711,11636,0.121863840969357
11617,11636,0.288066098014246
11019,11636,0.144257533298674
12944,11636,0.216060701146214
10939,11636,0.163654564973835
10811,11636,0.0930480569002036
101033,11636,0.144042152048894
10850,11636,0.160250369484484
101557,11636,0.244444332464233
103095,11636,0.105605268636034
101239,11636,0.0573802983042477
101180,11636,0.123087114626391
101041,11636,0.0805658756110887
30048,11636,0.109404720559553
103062,11636,0.123231288288418
101053,11636,0.0787862416826905
103457,11636,0.0821313821145764
102465,11636,0.228019498282169
101584,11636,0.150090953932701
20158,11636,0.111383960714678
102420,11636,0.148028214687652
10696,11636,0.274020398071661
102774,11636,0.135756802167241
101582,11636,0.270230016211221
101465,11636,0.0604787012834041
101602,11636,0.0613897174225247
101607,11636,0.129781546541865
10929,11636,0.177174019076697
101348,11636,0.204924242424242
10842,11636,0.19243259909912
12666,11636,0.269848342225934
12263,11149,0.0870884037883147
12718,11149,0.108855715326522
12724,11149,0.0810178978291834
10216,11149,0.0872979726881854
12247,11149,0.0789906912648256
11637,11149,0.0704214119103068
10878,11149,0.0899457335275844
11635,11149,0.0873204807331602
12635,11149,0.0736146358400615
10695,11149,0.107801597855557
12504,11149,0.0849191634730308
11018,11149,0.077485703685772
10782,11149,0.0790157866116453
10207,11149,0.147436844354535
12264,11149,0.0927181159937259
11636,11149,0.0927842750349477
11149,11149,1
10612,11149,0.0829892380105968
10880,11149,0.0726058202622364
17145,11149,0.098018205014969
10876,11149,0.0855934994333186
11843,11149,0.0833790586381526
100845,11149,0.128827769125307
100918,11149,0.177443406802228
11969,11149,0.142085424806738
10901,11149,0.0910040944840287
12665,11149,0.0906883048486604
12345,11149,0.140357420322509
10711,11149,0.0621696869840114
11617,11149,0.0907728010041457
11019,11149,0.0927445201281053
12944,11149,0.0979069387507705
10939,11149,0.0822765639888979
10811,11149,0.638429540936936
101033,11149,0.066200335651481
10850,11149,0.0764169165881713
101557,11149,0.0985475226610733
103095,11149,0.137317513073464
101239,11149,0.108993032045771
101180,11149,0.0843184917339948
101041,11149,0.127402489267639
30048,11149,0.145360416060358
103062,11149,0.0678793718430504
101053,11149,0.130591312216979
103457,11149,0.0641134979960042
102465,11149,0.098226181601979
101584,11149,0.0649419578269639
20158,11149,0.065240404725364
102420,11149,0.0752079065616629
10696,11149,0.106782544469182
102774,11149,0.100747422445151
101582,11149,0.10110625983189
101465,11149,0.0731975025694365
101602,11149,0.0753402869138177
101607,11149,0.0911029015624017
10929,11149,0.082884015296619
101348,11149,0.140282157355539
10842,11149,0.0674121494459163
12666,11149,0.100617354555061
12263,10612,0.145362073172441
12718,10612,0.20585221902928
12724,10612,0.138307188181404
10216,10612,0.130348467246095
12247,10612,0.128809420778558
11637,10612,0.102490154351786
10878,10612,0.139451308469156
11635,10612,0.145727421701136
12635,10612,0.127180673124111
10695,10612,0.181368133728566
12504,10612,0.147174186630349
11018,10612,0.126481271028476
10782,10612,0.122438359618239
10207,10612,0.226973268688059
12264,10612,0.136577114520453
11636,10612,0.136194379758474
11149,10612,0.0829892380105968
10612,10612,1
10880,10612,0.126797966323069
17145,10612,0.165384749752574
10876,10612,0.129892530420877
11843,10612,0.138767408739613
100845,10612,0.0680903647240122
100918,10612,0.117985034983012
11969,10612,0.223359457872057
10901,10612,0.139731963899866
12665,10612,0.135832777186804
12345,10612,0.224952746522763
10711,10612,0.118234902592953
11617,10612,0.144973277727739
11019,10612,0.13661600875861
12944,10612,0.173458748565556
10939,10612,0.130164274348982
10811,10612,0.084820041352064
101033,10612,0.117647547357574
10850,10612,0.122684219884035
101557,10612,0.188336288284694
103095,10612,0.107641235735263
101239,10612,0.0690002897021469
101180,10612,0.113408997846931
101041,10612,0.0705767726289383
30048,10612,0.109988246262189
103062,10612,0.0953890863811145
101053,10612,0.0690818547079794
103457,10612,0.0692001612696039
102465,10612,0.174880503960473
101584,10612,0.123320498878976
20158,10612,0.112659717222042
102420,10612,0.133867362378834
10696,10612,0.178648057240228
102774,10612,0.136343936933307
101582,10612,0.179328395246003
101465,10612,0.080486217794226
101602,10612,0.0786023783736577
101607,10612,0.124647353570448
10929,10612,0.131719955105584
101348,10612,0.22261659994791
10842,10612,0.101336290713569
12666,10612,0.17673711408129
12263,10880,0.703967537199307
12718,10880,0.238222850318356
12724,10880,0.15766570243381
10216,10880,0.243400250903186
12247,10880,0.243032628446692
11637,10880,0.186105589727984
10878,10880,0.284803913330867
11635,10880,0.70533212698112
12635,10880,0.991709650127151
10695,10880,0.239594605918402
12504,10880,0.694203197192983
11018,10880,0.112012443207939
10782,10880,0.145376003951333
10207,10880,0.20717284997651
12264,10880,0.13243422380339
11636,10880,0.668639798192621
11149,10880,0.0726058202622364
10612,10880,0.126797966323069
10880,10880,1
17145,10880,0.204861049443813
10876,10880,0.244919666805704
11843,10880,0.155643387727688
100845,10880,0.069810256738661
100918,10880,0.108022014436082
11969,10880,0.205119514183168
10901,10880,0.24464581868197
12665,10880,0.236837039670357
12345,10880,0.203878165746687
10711,10880,0.115573200849917
11617,10880,0.258753594959155
11019,10880,0.132471938234969
12944,10880,0.197556123342004
10939,10880,0.140699953736011
10811,10880,0.0722689344385193
101033,10880,0.128818609131263
10850,10880,0.132995692669742
101557,10880,0.236489568551685
103095,10880,0.0949992739247926
101239,10880,0.0473068296245027
101180,10880,0.115459874336836
101041,10880,0.069673858195208
30048,10880,0.0983755043948094
103062,10880,0.109245591338162
101053,10880,0.0693887133462718
103457,10880,0.0719934916215733
102465,10880,0.205712148230848
101584,10880,0.133827841894053
20158,10880,0.0965913586625337
102420,10880,0.13306982474515
10696,10880,0.244021633744516
102774,10880,0.130174346635021
101582,10880,0.235136531191305
101465,10880,0.0567978872600851
101602,10880,0.0567943382469248
101607,10880,0.115127385538919
10929,10880,0.15925995783818
101348,10880,0.179138400039126
10842,10880,0.175069752425085
12666,10880,0.236375068579954
12263,17145,0.215099934386408
12718,17145,0.308691746110768
12724,17145,0.295095172610451
10216,17145,0.211343848535995
12247,17145,0.188688417374907
11637,17145,0.180282147625593
10878,17145,0.205842215791877
11635,17145,0.215188483248225
12635,17145,0.204995888561581
10695,17145,0.299175869531632
12504,17145,0.21474259109771
11018,17145,0.172188028007127
10782,17145,0.262303758547725
10207,17145,0.27273007360813
12264,17145,0.197420922386827
11636,17145,0.216230698774602
11149,17145,0.098018205014969
10612,17145,0.165384749752574
10880,17145,0.204861049443813
17145,17145,1
10876,17145,0.189466785576884
11843,17145,0.299277236448471
100845,17145,0.0923277322179525
100918,17145,0.135682610345057
11969,17145,0.272969170400681
10901,17145,0.224525556680519
12665,17145,0.192543344703939
12345,17145,0.274201950184598
10711,17145,0.144053822442775
11617,17145,0.225496553945853
11019,17145,0.197477143638825
12944,17145,0.640011247694288
10939,17145,0.285542189976898
10811,17145,0.0991370108872456
101033,17145,0.15071137322598
10850,17145,0.26315140728973
101557,17145,0.305596730295843
103095,17145,0.143971197124031
101239,17145,0.0694202922307468
101180,17145,0.145262433807392
101041,17145,0.0908033308507956
30048,17145,0.150923856680021
103062,17145,0.145895320424554
101053,17145,0.0887147237002026
103457,17145,0.0981923616123834
102465,17145,0.279728023052465
101584,17145,0.159108044874463
20158,17145,0.123733422536623
102420,17145,0.165985609728532
10696,17145,0.289293675336976
102774,17145,0.183102498919029
101582,17145,0.28901963006687
101465,17145,0.0820861668355082
101602,17145,0.0812809829063323
101607,17145,0.148521020351862
10929,17145,0.295951036201484
101348,17145,0.260265521929308
10842,17145,0.17958724993631
12666,17145,0.284650074083787
12263,10876,0.264136691604227
12718,10876,0.236367063474721
12724,10876,0.159106948447598
10216,10876,0.240783299083294
12247,10876,0.912959938698298
11637,10876,0.188977330132092
10878,10876,0.34597926617475
11635,10876,0.262869148858825
12635,10876,0.245620104264832
10695,10876,0.238194072719502
12504,10876,0.260249010970436
11018,10876,0.126326047320249
10782,10876,0.138680525874922
10207,10876,0.222666492822481
12264,10876,0.14323450720586
11636,10876,0.275196598592344
11149,10876,0.0855934994333186
10612,10876,0.129892530420877
10880,10876,0.244919666805704
17145,10876,0.189466785576884
10876,10876,1
11843,10876,0.161324051861237
100845,10876,0.0758959947811918
100918,10876,0.120533365281188
11969,10876,0.219395797516277
10901,10876,0.242986504130952
12665,10876,0.604932607091488
12345,10876,0.216960991742307
10711,10876,0.118393819258793
11617,10876,0.37733938894939
11019,10876,0.143275297326922
12944,10876,0.198904635512948
10939,10876,0.155302842422568
10811,10876,0.0859734485728657
101033,10876,0.157316391907074
10850,10876,0.146266834241466
101557,10876,0.229819833431988
103095,10876,0.100337982795465
101239,10876,0.0589042303233078
101180,10876,0.127477105722237
101041,10876,0.074525873176924
30048,10876,0.107830753264955
103062,10876,0.131697289779958
101053,10876,0.079039137758943
103457,10876,0.0766931911048925
102465,10876,0.217216731653476
101584,10876,0.146353043516715
20158,10876,0.105452387763208
102420,10876,0.135428429611951
10696,10876,0.244392851404758
102774,10876,0.154368639372109
101582,10876,0.235610118419684
101465,10876,0.0665266348058482
101602,10876,0.0583983350607925
101607,10876,0.147509417297722
10929,10876,0.156449449793473
101348,10876,0.202468038593616
10842,10876,0.183767744450846
12666,10876,0.235234915944699
12263,11843,0.164298720126547
12718,11843,0.24010040059659
12724,11843,0.802043778900446
10216,11843,0.158956224217478
12247,11843,0.161771629151241
11637,11843,0.144109437129572
10878,11843,0.160268775531139
11635,11843,0.164902624664266
12635,11843,0.156008472408555
10695,11843,0.230426966293288
12504,11843,0.162936257069815
11018,11843,0.133825346985968
10782,11843,0.326729734266517
10207,11843,0.213140029445302
12264,11843,0.15017777048349
11636,11843,0.173524676509235
11149,11843,0.0833790586381526
10612,11843,0.138767408739613
10880,11843,0.155643387727688
17145,11843,0.299277236448471
10876,11843,0.161324051861237
11843,11843,1
100845,11843,0.0824696776614772
100918,11843,0.11882961249047
11969,11843,0.220492483832859
10901,11843,0.16551851633463
12665,11843,0.155555816044816
12345,11843,0.219997331441644
10711,11843,0.133880487851493
11617,11843,0.168850689831732
11019,11843,0.150220537897281
12944,11843,0.294328622498605
10939,11843,0.739845378733706
10811,11843,0.0821982671838906
101033,11843,0.119323868758843
10850,11843,0.337050410357252
101557,11843,0.230943732691279
103095,11843,0.129451047271845
101239,11843,0.0596055577848993
101180,11843,0.141781772092634
101041,11843,0.0803632026480496
30048,11843,0.134491746549117
103062,11843,0.102993436602714
101053,11843,0.0776832555337482
103457,11843,0.083666931059226
102465,11843,0.209702088827171
101584,11843,0.125109514527987
20158,11843,0.111322223675337
102420,11843,0.123264416008508
10696,11843,0.231030312455223
102774,11843,0.16096465562992
101582,11843,0.227270650719814
101465,11843,0.0810589498269756
101602,11843,0.0798122807223015
101607,11843,0.152609630359809
10929,11843,0.784451999407832
101348,11843,0.20350871987664
10842,11843,0.145887962730858
12666,11843,0.225623642832242
12263,100845,0.0742584237241542
12718,100845,0.105159901559053
12724,100845,0.0789631434606194
10216,100845,0.0794513633408499
12247,100845,0.0729968816956323
11637,100845,0.0609129840947476
10878,100845,0.0799555430524483
11635,100845,0.0746385884931905
12635,100845,0.0678016114193916
10695,100845,0.0937281321407893
12504,100845,0.0728506282994463
11018,100845,0.0636760245021889
10782,100845,0.0733894324552866
10207,100845,0.115870712979267
12264,100845,0.0772530763851185
11636,100845,0.0793249885103556
11149,100845,0.128827769125307
10612,100845,0.0680903647240122
10880,100845,0.069810256738661
17145,100845,0.0923277322179525
10876,100845,0.0758959947811918
11843,100845,0.0824696776614772
100845,100845,1
100918,100845,0.231289553309392
11969,100845,0.11651259465295
10901,100845,0.0778981947463494
12665,100845,0.0768650510664894
