Var1,Var2,Freq
12263,12263,1
12718,12263,0.449044585987261
12724,12263,0.412650602409639
10216,12263,0.525373134328358
12247,12263,0.540760869565217
11637,12263,0.487878787878788
10878,12263,0.476851851851852
11635,12263,0.976190476190476
12635,12263,0.711509715994021
10695,12263,0.482315112540193
12504,12263,0.967261904761905
11018,12263,0.336842105263158
10782,12263,0.412790697674419
10207,12263,0.420338983050847
12264,12263,0.368770764119601
11636,12263,0.788922155688623
11149,12263,0.345345345345345
10612,12263,0.36426116838488
10880,12263,0.713004484304933
17145,12263,0.395894428152493
10876,12263,0.54177897574124
11843,12263,0.397553516819572
100845,12263,0.350819672131148
100918,12263,0.38255033557047
11969,12263,0.413559322033898
10901,12263,0.511428571428571
12665,12263,0.427469135802469
12345,12263,0.410169491525424
10711,12263,0.337931034482759
11617,12263,0.583333333333333
11019,12263,0.368770764119601
12944,12263,0.404692082111437
10939,12263,0.411411411411411
10811,12263,0.341317365269461
101033,12263,0.398576512455516
10850,12263,0.366233766233766
101557,12263,0.411042944785276
103095,12263,0.312312312312312
101239,12263,0.314569536423841
101180,12263,0.318885448916409
101041,12263,0.339233038348083
30048,12263,0.309309309309309
103062,12263,0.363636363636364
101053,12263,0.356666666666667
103457,12263,0.369337979094077
102465,12263,0.446875
101584,12263,0.394463667820069
20158,12263,0.378472222222222
102420,12263,0.397923875432526
10696,12263,0.435028248587571
102774,12263,0.319587628865979
101582,12263,0.474358974358974
101465,12263,0.421768707482993
101602,12263,0.371727748691099
101607,12263,0.307167235494881
10929,12263,0.426282051282051
101348,12263,0.365325077399381
10842,12263,0.479768786127168
12666,12263,0.474358974358974
12263,12718,0.449044585987261
12718,12718,1
12724,12718,0.465189873417722
10216,12718,0.454545454545455
12247,12718,0.457912457912458
11637,12718,0.426666666666667
10878,12718,0.471947194719472
11635,12718,0.449044585987261
12635,12718,0.429362880886427
10695,12718,0.523333333333333
12504,12718,0.445859872611465
11018,12718,0.366336633663366
10782,12718,0.454545454545455
10207,12718,0.426751592356688
12264,12718,0.372990353697749
11636,12718,0.470198675496689
11149,12718,0.367549668874172
10612,12718,0.383606557377049
10880,12718,0.426592797783934
17145,12718,0.470414201183432
10876,12718,0.451178451178451
11843,12718,0.471518987341772
100845,12718,0.389438943894389
100918,12718,0.38562091503268
11969,12718,0.427184466019418
10901,12718,0.451612903225806
12665,12718,0.454248366013072
12345,12718,0.423948220064725
10711,12718,0.384868421052632
11617,12718,0.453125
11019,12718,0.372990353697749
12944,12718,0.466076696165192
10939,12718,0.454838709677419
10811,12718,0.380794701986755
101033,12718,0.379790940766551
10850,12718,0.445482866043614
101557,12718,0.718232044198895
103095,12718,0.336601307189543
101239,12718,0.351906158357771
101180,12718,0.353146853146853
101041,12718,0.382838283828383
30048,12718,0.310850439882698
103062,12718,0.361111111111111
101053,12718,0.384105960264901
103457,12718,0.349514563106796
102465,12718,0.680589680589681
101584,12718,0.386759581881533
20158,12718,0.367491166077739
102420,12718,0.386759581881533
10696,12718,0.478609625668449
102774,12718,0.309608540925267
101582,12718,0.473389355742297
101465,12718,0.449664429530201
101602,12718,0.442953020134228
101607,12718,0.343537414965986
10929,12718,0.457943925233645
101348,12718,0.417808219178082
10842,12718,0.446666666666667
12666,12718,0.468571428571429
12263,12724,0.412650602409639
12718,12724,0.465189873417722
12724,12724,1
10216,12724,0.387301587301587
12247,12724,0.418831168831169
11637,12724,0.404833836858006
10878,12724,0.393491124260355
11635,12724,0.41566265060241
12635,12724,0.423423423423423
10695,12724,0.436708860759494
12504,12724,0.412650602409639
11018,12724,0.38125
10782,12724,0.427210884353741
10207,12724,0.39
12264,12724,0.392857142857143
11636,12724,0.433224755700326
11149,12724,0.348484848484849
10612,12724,0.354609929078014
10880,12724,0.423423423423423
17145,12724,0.514450867052023
10876,12724,0.400593471810089
11843,12724,0.840228245363766
100845,12724,0.372937293729373
100918,12724,0.37987012987013
11969,12724,0.371165644171779
10901,12724,0.361185983827493
12665,12724,0.413897280966767
12345,12724,0.371165644171779
10711,12724,0.365853658536585
11617,12724,0.421212121212121
11019,12724,0.392857142857143
12944,12724,0.545994065281899
10939,12724,0.769436997319035
10811,12724,0.360606060606061
101033,12724,0.329824561403509
10850,12724,0.429355281207133
101557,12724,0.445820433436533
103095,12724,0.397435897435897
101239,12724,0.360927152317881
101180,12724,0.365131578947368
101041,12724,0.356756756756757
30048,12724,0.362880886426593
103062,12724,0.336805555555556
101053,12724,0.333333333333333
103457,12724,0.387820512820513
102465,12724,0.454838709677419
101584,12724,0.375
20158,12724,0.367892976588629
102420,12724,0.371527777777778
10696,12724,0.451923076923077
102774,12724,0.360927152317881
101582,12724,0.45514950166113
101465,12724,0.376044568245125
101602,12724,0.382857142857143
101607,12724,0.351973684210526
10929,12724,0.80349932705249
101348,12724,0.370748299319728
10842,12724,0.404833836858006
12666,12724,0.45514950166113
12263,10216,0.525373134328358
12718,10216,0.454545454545455
12724,10216,0.387301587301587
10216,10216,1
12247,10216,0.399558498896247
11637,10216,0.399408284023669
10878,10216,0.540697674418605
11635,10216,0.528358208955224
12635,10216,0.502923976608187
10695,10216,0.476190476190476
12504,10216,0.519402985074627
11018,10216,0.324675324675325
10782,10216,0.397142857142857
10207,10216,0.394039735099338
12264,10216,0.344827586206897
11636,10216,0.519287833827893
11149,10216,0.344262295081967
10612,10216,0.322695035460993
10880,10216,0.502923976608187
17145,10216,0.385057471264368
10876,10216,0.397350993377483
11843,10216,0.392857142857143
100845,10216,0.345161290322581
100918,10216,0.342948717948718
11969,10216,0.385382059800664
10901,10216,0.729310344827586
12665,10216,0.44213649851632
12345,10216,0.382059800664452
10711,10216,0.313099041533546
11617,10216,0.432967032967033
11019,10216,0.344827586206897
12944,10216,0.390029325513196
10939,10216,0.39171974522293
10811,10216,0.347540983606557
101033,10216,0.358306188925081
10850,10216,0.388571428571429
101557,10216,0.462540716612378
103095,10216,0.388157894736842
101239,10216,0.334375
101180,10216,0.304347826086957
101041,10216,0.348387096774194
30048,10216,0.307909604519774
103062,10216,0.349056603773585
101053,10216,0.345161290322581
103457,10216,0.341736694677871
102465,10216,0.456026058631922
101584,10216,0.344370860927152
20158,10216,0.347079037800687
102420,10216,0.355345911949686
10696,10216,0.455696202531646
102774,10216,0.30976430976431
101582,10216,0.459119496855346
101465,10216,0.387755102040816
101602,10216,0.387755102040816
101607,10216,0.304347826086957
10929,10216,0.386581469648562
101348,10216,0.389438943894389
10842,10216,0.440828402366864
12666,10216,0.462264150943396
12263,12247,0.540760869565217
12718,12247,0.457912457912458
12724,12247,0.418831168831169
10216,12247,0.399558498896247
12247,12247,1
11637,12247,0.501501501501502
10878,12247,0.422222222222222
11635,12247,0.538251366120219
12635,12247,0.547058823529412
10695,12247,0.435331230283912
12504,12247,0.532786885245902
11018,12247,0.356209150326797
10782,12247,0.37719298245614
10207,12247,0.39375
12264,12247,0.386666666666667
11636,12247,0.588588588588589
11149,12247,0.36986301369863
10612,12247,0.349090909090909
10880,12247,0.544117647058824
17145,12247,0.385756676557863
10876,12247,0.905185185185185
11843,12247,0.428571428571429
100845,12247,0.362126245847176
100918,12247,0.356435643564356
11969,12247,0.396875
10901,12247,0.402654867256637
12665,12247,0.628368794326241
12345,12247,0.39375
10711,12247,0.336805555555556
11617,12247,0.444094488188976
11019,12247,0.386666666666667
12944,12247,0.402366863905326
10939,12247,0.408496732026144
10811,12247,0.38013698630137
101033,12247,0.410344827586207
10850,12247,0.396501457725948
101557,12247,0.430769230769231
103095,12247,0.316417910447761
101239,12247,0.335526315789474
101180,12247,0.335593220338983
101041,12247,0.357615894039735
30048,12247,0.320359281437126
103062,12247,0.364912280701754
101053,12247,0.374172185430464
103457,12247,0.357142857142857
102465,12247,0.410029498525074
101584,12247,0.403389830508475
20158,12247,0.359712230215827
102420,12247,0.372881355932203
10696,12247,0.45253164556962
102774,12247,0.317880794701987
101582,12247,0.450479233226837
101465,12247,0.361271676300578
101602,12247,0.383116883116883
101607,12247,0.304469273743017
10929,12247,0.426229508196721
101348,12247,0.374149659863946
10842,12247,0.474164133738602
12666,12247,0.447284345047923
12263,11637,0.487878787878788
12718,11637,0.426666666666667
12724,11637,0.404833836858006
10216,11637,0.399408284023669
12247,11637,0.501501501501502
11637,11637,1
10878,11637,0.490322580645161
11635,11637,0.484848484848485
12635,11637,0.495495495495495
10695,11637,0.451515151515151
12504,11637,0.481818181818182
11018,11637,0.382838283828383
10782,11637,0.395136778115502
10207,11637,0.408783783783784
12264,11637,0.373333333333333
11636,11637,0.485623003194888
11149,11637,0.346153846153846
10612,11637,0.32
10880,11637,0.498498498498498
17145,11637,0.406060606060606
10876,11637,0.495440729483283
11843,11637,0.419939577039275
100845,11637,0.341389728096677
100918,11637,0.35126582278481
11969,11637,0.405405405405405
10901,11637,0.408163265306122
12665,11637,0.495575221238938
12345,11637,0.405405405405405
10711,11637,0.359861591695502
11617,11637,0.490963855421687
11019,11637,0.373333333333333
12944,11637,0.418674698795181
10939,11637,0.406060606060606
10811,11637,0.365853658536585
101033,11637,0.379194630872483
10850,11637,0.408805031446541
101557,11637,0.428134556574924
103095,11637,0.318713450292398
101239,11637,0.318840579710145
101180,11637,0.334459459459459
101041,11637,0.346590909090909
30048,11637,0.313782991202346
103062,11637,0.369491525423729
101053,11637,0.333333333333333
103457,11637,0.369565217391304
102465,11637,0.444816053511706
101584,11637,0.405405405405405
20158,11637,0.36518771331058
102420,11637,0.402027027027027
10696,11637,0.478964401294498
102774,11637,0.323024054982818
101582,11637,0.480891719745223
101465,11637,0.325779036827195
101602,11637,0.331444759206799
101607,11637,0.324232081911263
10929,11637,0.425981873111782
101348,11637,0.372159090909091
10842,11637,0.59349593495935
12666,11637,0.480891719745223
12263,10878,0.476851851851852
12718,10878,0.471947194719472
12724,10878,0.393491124260355
10216,10878,0.540697674418605
12247,10878,0.422222222222222
11637,10878,0.490322580645161
10878,10878,1
11635,10878,0.475308641975309
12635,10878,0.447916666666667
10695,10878,0.480122324159021
12504,10878,0.470679012345679
11018,10878,0.345637583892617
10782,10878,0.392523364485981
10207,10878,0.394984326018809
12264,10878,0.372093023255814
11636,10878,0.471582181259601
11149,10878,0.366477272727273
10612,10878,0.356890459363958
10880,10878,0.449404761904762
17145,10878,0.397058823529412
10876,10878,0.42962962962963
11843,10878,0.436065573770492
100845,10878,0.361563517915309
100918,10878,0.364820846905537
11969,10878,0.417218543046358
10901,10878,0.534682080924855
12665,10878,0.432592592592593
12345,10878,0.413907284768212
10711,10878,0.318493150684932
11617,10878,0.613297150610583
11019,10878,0.372093023255814
12944,10878,0.42042042042042
10939,10878,0.404605263157895
10811,10878,0.373529411764706
101033,10878,0.372093023255814
10850,10878,0.385714285714286
101557,10878,0.444108761329305
103095,10878,0.328402366863905
101239,10878,0.33112582781457
101180,10878,0.324232081911263
101041,10878,0.348534201954397
30048,10878,0.326409495548961
103062,10878,0.378472222222222
101053,10878,0.345276872964169
103457,10878,0.337423312883436
102465,10878,0.478260869565217
101584,10878,0.388888888888889
20158,10878,0.344709897610921
102420,10878,0.375
10696,10878,0.460893854748603
102774,10878,0.309278350515464
101582,10878,0.486322188449848
101465,10878,0.417647058823529
101602,10878,0.362745098039216
101607,10878,0.2996632996633
10929,10878,0.401812688821752
101348,10878,0.358108108108108
10842,10878,0.501466275659824
12666,10878,0.486322188449848
12263,11635,0.976190476190476
12718,11635,0.449044585987261
12724,11635,0.41566265060241
10216,11635,0.528358208955224
12247,11635,0.538251366120219
11637,11635,0.484848484848485
10878,11635,0.475308641975309
11635,11635,1
12635,11635,0.711509715994021
10695,11635,0.482315112540193
12504,11635,0.982142857142857
11018,11635,0.336842105263158
10782,11635,0.412790697674419
10207,11635,0.407166123778502
12264,11635,0.368770764119601
11636,11635,0.788922155688623
11149,11635,0.348348348348348
10612,11635,0.36426116838488
10880,11635,0.717910447761194
17145,11635,0.395894428152493
10876,11635,0.536388140161725
11843,11635,0.408227848101266
100845,11635,0.363934426229508
100918,11635,0.38255033557047
11969,11635,0.403908794788274
10901,11635,0.531157270029674
12665,11635,0.435185185185185
12345,11635,0.410169491525424
10711,11635,0.337931034482759
11617,11635,0.580357142857143
11019,11635,0.368770764119601
12944,11635,0.407624633431085
10939,11635,0.414414414414414
10811,11635,0.344311377245509
101033,11635,0.398576512455516
10850,11635,0.363636363636364
101557,11635,0.411042944785276
103095,11635,0.312312312312312
101239,11635,0.342342342342342
101180,11635,0.315789473684211
101041,11635,0.339233038348083
30048,11635,0.309309309309309
103062,11635,0.36013986013986
101053,11635,0.356666666666667
103457,11635,0.369337979094077
102465,11635,0.44375
101584,11635,0.391003460207612
20158,11635,0.378472222222222
102420,11635,0.394463667820069
10696,11635,0.435028248587571
102774,11635,0.319587628865979
101582,11635,0.474358974358974
101465,11635,0.421768707482993
101602,11635,0.37696335078534
101607,11635,0.307167235494881
10929,11635,0.42948717948718
101348,11635,0.365325077399381
10842,11635,0.473988439306358
12666,11635,0.474358974358974
12263,12635,0.711509715994021
12718,12635,0.429362880886427
12724,12635,0.423423423423423
10216,12635,0.502923976608187
12247,12635,0.547058823529412
11637,12635,0.495495495495495
10878,12635,0.447916666666667
11635,12635,0.711509715994021
12635,12635,1
10695,12635,0.431486880466472
12504,12635,0.704035874439462
11018,12635,0.334494773519164
10782,12635,0.399425287356322
10207,12635,0.386666666666667
12264,12635,0.358306188925081
11636,12635,0.689604685212299
11149,12635,0.325779036827195
10612,12635,0.335463258785942
10880,12635,0.989956958393113
17145,12635,0.40406976744186
10876,12635,0.554896142433234
11843,12635,0.407407407407407
100845,12635,0.314868804664723
100918,12635,0.354304635761589
11969,12635,0.385382059800664
10901,12635,0.488571428571429
12665,12635,0.558208955223881
12345,12635,0.385382059800664
10711,12635,0.337883959044369
11617,12635,0.570588235294118
11019,12635,0.358306188925081
12944,12635,0.400584795321637
10939,12635,0.396396396396396
10811,12635,0.331378299120235
101033,12635,0.367697594501718
10850,12635,0.383954154727794
101557,12635,0.404891304347826
103095,12635,0.299120234604106
101239,12635,0.328947368421053
101180,12635,0.334459459459459
101041,12635,0.335276967930029
30048,12635,0.304985337243402
103062,12635,0.354948805460751
101053,12635,0.333333333333333
103457,12635,0.360544217687075
102465,12635,0.421364985163205
101584,12635,0.389078498293515
20158,12635,0.341296928327645
102420,12635,0.389078498293515
10696,12635,0.462025316455696
102774,12635,0.319727891156463
101582,12635,0.454258675078864
101465,12635,0.377358490566038
101602,12635,0.371069182389937
101607,12635,0.325757575757576
10929,12635,0.402857142857143
101348,12635,0.347972972972973
10842,12635,0.467065868263473
12666,12635,0.454258675078864
12263,10695,0.482315112540193
12718,10695,0.523333333333333
12724,10695,0.436708860759494
10216,10695,0.476190476190476
12247,10695,0.435331230283912
11637,10695,0.451515151515151
10878,10695,0.480122324159021
11635,10695,0.482315112540193
12635,10695,0.431486880466472
10695,10695,1
12504,10695,0.479099678456592
11018,10695,0.327922077922078
10782,10695,0.426829268292683
10207,10695,0.450511945392491
12264,10695,0.351190476190476
11636,10695,0.455840455840456
11149,10695,0.371428571428571
10612,10695,0.384892086330935
10880,10695,0.431486880466472
17145,10695,0.450920245398773
10876,10695,0.438485804416404
11843,10695,0.443037974683544
100845,10695,0.345794392523364
100918,10695,0.365930599369085
11969,10695,0.431893687707641
10901,10695,0.48
12665,10695,0.460063897763578
12345,10695,0.425249169435216
10711,10695,0.391003460207612
11617,10695,0.472668810289389
11019,10695,0.351190476190476
12944,10695,0.458461538461538
10939,10695,0.427215189873418
10811,10695,0.377049180327869
101033,10695,0.368794326241135
10850,10695,0.473354231974922
101557,10695,0.504615384615385
103095,10695,0.409090909090909
101239,10695,0.354304635761589
101180,10695,0.331058020477816
101041,10695,0.351681957186544
30048,10695,0.323442136498516
103062,10695,0.364912280701754
101053,10695,0.378048780487805
103457,10695,0.386792452830189
102465,10695,0.484848484848485
101584,10695,0.391752577319588
20158,10695,0.348993288590604
102420,10695,0.412371134020619
10696,10695,0.770186335403727
102774,10695,0.354166666666667
101582,10695,0.818371607515658
101465,10695,0.435064935064935
101602,10695,0.441558441558442
101607,10695,0.34020618556701
10929,10695,0.439873417721519
101348,10695,0.420529801324503
10842,10695,0.452316076294278
12666,10695,0.816283924843424
12263,12504,0.967261904761905
12718,12504,0.445859872611465
12724,12504,0.412650602409639
10216,12504,0.519402985074627
12247,12504,0.532786885245902
11637,12504,0.481818181818182
10878,12504,0.470679012345679
11635,12504,0.982142857142857
12635,12504,0.704035874439462
10695,12504,0.479099678456592
12504,12504,1
11018,12504,0.333333333333333
10782,12504,0.409883720930233
10207,12504,0.403908794788274
12264,12504,0.365448504983389
11636,12504,0.781437125748503
11149,12504,0.342342342342342
10612,12504,0.367697594501718
10880,12504,0.705530642750374
17145,12504,0.395894428152493
10876,12504,0.575301204819277
11843,12504,0.405063291139241
100845,12504,0.357377049180328
100918,12504,0.375838926174497
11969,12504,0.400651465798046
10901,12504,0.522255192878338
12665,12504,0.424382716049383
12345,12504,0.406779661016949
10711,12504,0.33448275862069
11617,12504,0.577380952380952
11019,12504,0.365448504983389
12944,12504,0.410557184750733
10939,12504,0.411411411411411
10811,12504,0.341246290801187
101033,12504,0.395017793594306
10850,12504,0.3810888252149
101557,12504,0.407975460122699
103095,12504,0.306306306306306
101239,12504,0.337837837837838
101180,12504,0.309597523219814
101041,12504,0.333333333333333
30048,12504,0.303303303303303
103062,12504,0.36013986013986
101053,12504,0.36
103457,12504,0.365853658536585
102465,12504,0.445141065830721
101584,12504,0.391003460207612
20158,12504,0.375
102420,12504,0.394463667820069
10696,12504,0.432203389830508
102774,12504,0.312714776632302
101582,12504,0.471153846153846
101465,12504,0.408163265306122
101602,12504,0.361256544502618
101607,12504,0.300341296928328
10929,12504,0.426282051282051
101348,12504,0.362229102167183
10842,12504,0.471098265895954
12666,12504,0.471153846153846
12263,11018,0.336842105263158
12718,11018,0.366336633663366
12724,11018,0.38125
10216,11018,0.324675324675325
12247,11018,0.356209150326797
11637,11018,0.382838283828383
10878,11018,0.345637583892617
11635,11018,0.336842105263158
12635,11018,0.334494773519164
10695,11018,0.327922077922078
12504,11018,0.333333333333333
11018,11018,1
10782,11018,0.378737541528239
10207,11018,0.445544554455446
12264,11018,0.530421216848674
11636,11018,0.336734693877551
11149,11018,0.322475570032573
10612,11018,0.354243542435424
10880,11018,0.337979094076655
17145,11018,0.403389830508475
10876,11018,0.350819672131148
11843,11018,0.362275449101796
100845,11018,0.323432343234323
100918,11018,0.304918032786885
11969,11018,0.455128205128205
10901,11018,0.318327974276527
12665,11018,0.355400696864112
12345,11018,0.457236842105263
10711,11018,0.297101449275362
11617,11018,0.345514950166113
11019,11018,0.528861154446178
12944,11018,0.416949152542373
10939,11018,0.382838283828383
10811,11018,0.322475570032573
101033,11018,0.306859205776173
10850,11018,0.363036303630363
101557,11018,0.37542662116041
103095,11018,0.310850439882698
101239,11018,0.337662337662338
101180,11018,0.298245614035088
101041,11018,0.328947368421053
30048,11018,0.30791788856305
103062,11018,0.304347826086957
101053,11018,0.323432343234323
103457,11018,0.304878048780488
102465,11018,0.347682119205298
101584,11018,0.332116788321168
20158,11018,0.365269461077844
102420,11018,0.31021897810219
10696,11018,0.345762711864407
102774,11018,0.301075268817204
101582,11018,0.33134328358209
101465,11018,0.375886524822695
101602,11018,0.382978723404255
101607,11018,0.301418439716312
10929,11018,0.377777777777778
101348,11018,0.469594594594595
10842,11018,0.366559485530547
12666,11018,0.341935483870968
12263,10782,0.412790697674419
12718,10782,0.454545454545455
12724,10782,0.427210884353741
10216,10782,0.397142857142857
12247,10782,0.37719298245614
11637,10782,0.395136778115502
10878,10782,0.392523364485981
11635,10782,0.412790697674419
12635,10782,0.399425287356322
10695,10782,0.426829268292683
12504,10782,0.409883720930233
11018,10782,0.378737541528239
10782,10782,1
10207,10782,0.420195439739414
12264,10782,0.363934426229508
11636,10782,0.403030303030303
11149,10782,0.331168831168831
10612,10782,0.36986301369863
10880,10782,0.402298850574713
17145,10782,0.5
10876,10782,0.379411764705882
11843,10782,0.420979020979021
100845,10782,0.333333333333333
100918,10782,0.358730158730159
11969,10782,0.413680781758958
10901,10782,0.403409090909091
12665,10782,0.368421052631579
12345,10782,0.413680781758958
10711,10782,0.381703470031546
11617,10782,0.411594202898551
11019,10782,0.363934426229508
12944,10782,0.502808988764045
10939,10782,0.422192151556157
10811,10782,0.337662337662338
101033,10782,0.351535836177474
10850,10782,0.656
101557,10782,0.441176470588235
103095,10782,0.354838709677419
101239,10782,0.301546391752577
101180,10782,0.34
101041,10782,0.381231671554252
30048,10782,0.346368715083799
103062,10782,0.332214765100671
101053,10782,0.348484848484849
103457,10782,0.371345029239766
102465,10782,0.433139534883721
101584,10782,0.351170568561873
20158,10782,0.331147540983607
102420,10782,0.353135313531353
10696,10782,0.435185185185185
102774,10782,0.334448160535117
101582,10782,0.419452887537994
101465,10782,0.33048433048433
101602,10782,0.33048433048433
101607,10782,0.322259136212625
10929,10782,0.427792915531335
101348,10782,0.402640264026403
10842,10782,0.382716049382716
12666,10782,0.425531914893617
12263,10207,0.420338983050847
12718,10207,0.426751592356688
12724,10207,0.39
10216,10207,0.394039735099338
12247,10207,0.39375
11637,10207,0.408783783783784
10878,10207,0.394984326018809
11635,10207,0.407166123778502
12635,10207,0.386666666666667
10695,10207,0.450511945392491
12504,10207,0.403908794788274
11018,10207,0.445544554455446
10782,10207,0.420195439739414
10207,10207,1
12264,10207,0.462046204620462
11636,10207,0.403785488958991
11149,10207,0.365030674846626
10612,10207,0.386861313868613
10880,10207,0.39
17145,10207,0.411184210526316
10876,10207,0.396875
11843,10207,0.387959866220736
100845,10207,0.373333333333333
100918,10207,0.366013071895425
11969,10207,0.928774928774929
10901,10207,0.385802469135802
12665,10207,0.37962962962963
12345,10207,0.928774928774929
10711,10207,0.327327327327327
11617,10207,0.413333333333333
11019,10207,0.462046204620462
12944,10207,0.406779661016949
10939,10207,0.392491467576792
10811,10207,0.390728476821192
101033,10207,0.347826086956522
10850,10207,0.403174603174603
101557,10207,0.428571428571429
103095,10207,0.355685131195335
101239,10207,0.333333333333333
101180,10207,0.325342465753425
101041,10207,0.352159468438538
30048,10207,0.361516034985423
103062,10207,0.331269349845201
101053,10207,0.378737541528239
103457,10207,0.363914373088685
102465,10207,0.409240924092409
101584,10207,0.351063829787234
20158,10207,0.412811387900356
102420,10207,0.32051282051282
10696,10207,0.436482084690554
102774,10207,0.331034482758621
101582,10207,0.454849498327759
101465,10207,0.334302325581395
101602,10207,0.342105263157895
101607,10207,0.325259515570934
10929,10207,0.383561643835616
101348,10207,0.557432432432432
10842,10207,0.427609427609428
12666,10207,0.451505016722408
12263,12264,0.368770764119601
12718,12264,0.372990353697749
12724,12264,0.392857142857143
10216,12264,0.344827586206897
12247,12264,0.386666666666667
11637,12264,0.373333333333333
10878,12264,0.372093023255814
11635,12264,0.368770764119601
12635,12264,0.358306188925081
10695,12264,0.351190476190476
12504,12264,0.365448504983389
11018,12264,0.530421216848674
10782,12264,0.363934426229508
10207,12264,0.462046204620462
12264,12264,1
11636,12264,0.377926421404682
11149,12264,0.348242811501597
10612,12264,0.366906474820144
10880,12264,0.358306188925081
17145,12264,0.411575562700965
10876,12264,0.398648648648649
11843,12264,0.387417218543046
100845,12264,0.353896103896104
100918,12264,0.318327974276527
11969,12264,0.461538461538462
10901,12264,0.339233038348083
12665,12264,0.391304347826087
12345,12264,0.45819397993311
10711,12264,0.292604501607717
11617,12264,0.37
11019,12264,0.997019374068554
12944,12264,0.414790996784566
10939,12264,0.383116883116883
10811,12264,0.364217252396166
101033,12264,0.316725978647687
10850,12264,0.366336633663366
101557,12264,0.37123745819398
103095,12264,0.33695652173913
101239,12264,0.32258064516129
101180,12264,0.304794520547945
101041,12264,0.355987055016181
30048,12264,0.342391304347826
103062,12264,0.31023102310231
101053,12264,0.353896103896104
103457,12264,0.334405144694534
102465,12264,0.37
101584,12264,0.312280701754386
20158,12264,0.348936170212766
102420,12264,0.32280701754386
10696,12264,0.375796178343949
102774,12264,0.306896551724138
101582,12264,0.381270903010033
101465,12264,0.320441988950276
101602,12264,0.304945054945055
101607,12264,0.297945205479452
10929,12264,0.387205387205387
101348,12264,0.458471760797342
10842,12264,0.365448504983389
12666,12264,0.384615384615385
12263,11636,0.788922155688623
12718,11636,0.470198675496689
12724,11636,0.433224755700326
10216,11636,0.519287833827893
12247,11636,0.588588588588589
11637,11636,0.485623003194888
10878,11636,0.471582181259601
11635,11636,0.788922155688623
12635,11636,0.689604685212299
10695,11636,0.455840455840456
12504,11636,0.781437125748503
11018,11636,0.336734693877551
10782,11636,0.403030303030303
10207,11636,0.403785488958991
12264,11636,0.377926421404682
11636,11636,1
11149,11636,0.350877192982456
10612,11636,0.357664233576642
10880,11636,0.68814055636896
17145,11636,0.392215568862275
10876,11636,0.593373493975904
11843,11636,0.448160535117057
100845,11636,0.342939481268012
100918,11636,0.370967741935484
11969,11636,0.419795221843003
10901,11636,0.507374631268437
12665,11636,0.436251920122888
12345,11636,0.407284768211921
10711,11636,0.324503311258278
11617,11636,0.558659217877095
11019,11636,0.377926421404682
12944,11636,0.387464387464387
10939,11636,0.41042345276873
10811,11636,0.362275449101796
101033,11636,0.383802816901408
10850,11636,0.41358024691358
101557,11636,0.412844036697248
103095,11636,0.306547619047619
101239,11636,0.311377245508982
101180,11636,0.325423728813559
101041,11636,0.334285714285714
30048,11636,0.307462686567164
103062,11636,0.340625
101053,11636,0.356666666666667
103457,11636,0.352380952380952
102465,11636,0.463576158940397
101584,11636,0.385665529010239
20158,11636,0.361111111111111
102420,11636,0.37037037037037
10696,11636,0.477707006369427
102774,11636,0.305921052631579
101582,11636,0.477707006369427
101465,11636,0.37888198757764
101602,11636,0.335051546391753
101607,11636,0.315254237288136
10929,11636,0.436482084690554
101348,11636,0.377551020408163
10842,11636,0.474474474474474
12666,11636,0.477707006369427
12263,11149,0.345345345345345
12718,11149,0.367549668874172
12724,11149,0.348484848484849
10216,11149,0.344262295081967
12247,11149,0.36986301369863
11637,11149,0.346153846153846
10878,11149,0.366477272727273
11635,11149,0.348348348348348
12635,11149,0.325779036827195
10695,11149,0.371428571428571
12504,11149,0.342342342342342
11018,11149,0.322475570032573
10782,11149,0.331168831168831
10207,11149,0.365030674846626
12264,11149,0.348242811501597
11636,11149,0.350877192982456
11149,11149,1
10612,11149,0.311594202898551
10880,11149,0.322946175637394
17145,11149,0.328358208955224
10876,11149,0.381270903010033
11843,11149,0.341176470588235
100845,11149,0.307529162248144
100918,11149,0.380863039399625
11969,11149,0.356435643564356
10901,11149,0.355048859934853
12665,11149,0.381578947368421
12345,11149,0.353135313531353
10711,11149,0.288401253918495
11617,11149,0.367549668874172
11019,11149,0.348242811501597
12944,11149,0.329446064139942
10939,11149,0.360606060606061
10811,11149,0.656848306332842
101033,11149,0.310104529616725
10850,11149,0.338815789473684
101557,11149,0.354515050167224
103095,11149,0.41025641025641
101239,11149,0.272648083623693
101180,11149,0.375
101041,11149,0.339779005524862
30048,11149,0.421652421652422
103062,11149,0.325842696629214
101053,11149,0.306818181818182
103457,11149,0.384615384615385
102465,11149,0.364238410596027
101584,11149,0.322097378277154
20158,11149,0.327044025157233
102420,11149,0.344569288389513
10696,11149,0.382059800664452
102774,11149,0.366666666666667
101582,11149,0.359477124183007
101465,11149,0.38268156424581
101602,11149,0.368983957219251
101607,11149,0.351851851851852
10929,11149,0.350148367952522
101348,11149,0.35126582278481
10842,11149,0.32807570977918
12666,11149,0.356209150326797
12263,10612,0.36426116838488
12718,10612,0.383606557377049
12724,10612,0.354609929078014
10216,10612,0.322695035460993
12247,10612,0.349090909090909
11637,10612,0.32
10878,10612,0.356890459363958
11635,10612,0.36426116838488
12635,10612,0.335463258785942
10695,10612,0.384892086330935
12504,10612,0.367697594501718
11018,10612,0.354243542435424
10782,10612,0.36986301369863
10207,10612,0.386861313868613
12264,10612,0.366906474820144
11636,10612,0.357664233576642
11149,10612,0.311594202898551
10612,10612,1
10880,10612,0.334384858044164
17145,10612,0.370106761565836
10876,10612,0.349090909090909
11843,10612,0.361702127659574
100845,10612,0.326388888888889
100918,10612,0.348275862068966
11969,10612,0.375886524822695
10901,10612,0.334507042253521
12665,10612,0.361111111111111
12345,10612,0.375886524822695
10711,10612,0.343137254901961
11617,10612,0.362007168458781
11019,10612,0.366906474820144
12944,10612,0.384341637010676
10939,10612,0.347517730496454
10811,10612,0.318840579710145
101033,10612,0.326007326007326
10850,10612,0.364583333333333
101557,10612,0.340557275541796
103095,10612,0.363013698630137
101239,10612,0.304918032786885
101180,10612,0.322115384615385
101041,10612,0.332167832167832
30048,10612,0.295819935691318
103062,10612,0.3003663003663
101053,10612,0.329861111111111
103457,10612,0.290322580645161
102465,10612,0.375
101584,10612,0.338181818181818
20158,10612,0.359430604982206
102420,10612,0.356363636363636
10696,10612,0.369175627240143
102774,10612,0.339805825242718
101582,10612,0.348387096774194
101465,10612,0.435714285714286
101602,10612,0.38121546961326
101607,10612,0.355769230769231
10929,10612,0.334437086092715
101348,10612,0.390070921985816
10842,10612,0.339416058394161
12666,10612,0.350819672131148
12263,10880,0.713004484304933
12718,10880,0.426592797783934
12724,10880,0.423423423423423
10216,10880,0.502923976608187
12247,10880,0.544117647058824
11637,10880,0.498498498498498
10878,10880,0.449404761904762
11635,10880,0.717910447761194
12635,10880,0.989956958393113
10695,10880,0.431486880466472
12504,10880,0.705530642750374
11018,10880,0.337979094076655
10782,10880,0.402298850574713
10207,10880,0.39
12264,10880,0.358306188925081
11636,10880,0.68814055636896
11149,10880,0.322946175637394
10612,10880,0.334384858044164
10880,10880,1
17145,10880,0.40406976744186
10876,10880,0.554896142433234
11843,10880,0.407407407407407
100845,10880,0.32069970845481
100918,10880,0.357615894039735
11969,10880,0.388704318936877
10901,10880,0.488571428571429
12665,10880,0.558208955223881
12345,10880,0.388704318936877
10711,10880,0.341296928327645
11617,10880,0.570588235294118
11019,10880,0.358306188925081
12944,10880,0.403508771929825
10939,10880,0.396396396396396
10811,10880,0.352112676056338
101033,10880,0.36426116838488
10850,10880,0.389684813753582
101557,10880,0.404891304347826
103095,10880,0.305993690851735
101239,10880,0.328947368421053
101180,10880,0.334459459459459
101041,10880,0.335276967930029
30048,10880,0.302052785923754
103062,10880,0.354948805460751
101053,10880,0.32258064516129
103457,10880,0.360544217687075
102465,10880,0.42433234421365
101584,10880,0.389078498293515
20158,10880,0.344709897610921
102420,10880,0.389078498293515
10696,10880,0.462025316455696
102774,10880,0.337121212121212
101582,10880,0.454258675078864
101465,10880,0.377358490566038
101602,10880,0.371069182389937
101607,10880,0.325757575757576
10929,10880,0.402857142857143
101348,10880,0.347972972972973
10842,10880,0.467065868263473
12666,10880,0.454258675078864
12263,17145,0.395894428152493
12718,17145,0.470414201183432
12724,17145,0.514450867052023
10216,17145,0.385057471264368
12247,17145,0.385756676557863
11637,17145,0.406060606060606
10878,17145,0.397058823529412
11635,17145,0.395894428152493
12635,17145,0.40406976744186
10695,17145,0.450920245398773
12504,17145,0.395894428152493
11018,17145,0.403389830508475
10782,17145,0.5
10207,17145,0.411184210526316
12264,17145,0.411575562700965
11636,17145,0.392215568862275
11149,17145,0.328358208955224
10612,17145,0.370106761565836
10880,17145,0.40406976744186
17145,17145,1
10876,17145,0.391691394658754
11843,17145,0.509803921568627
100845,17145,0.357348703170029
100918,17145,0.353293413173653
11969,17145,0.409556313993174
10901,17145,0.39247311827957
12665,17145,0.403030303030303
12345,17145,0.409556313993174
10711,17145,0.355400696864112
11617,17145,0.43491124260355
11019,17145,0.411575562700965
12944,17145,0.751162790697674
10939,17145,0.486486486486486
10811,17145,0.334328358208955
101033,17145,0.344594594594595
10850,17145,0.509859154929577
101557,17145,0.468277945619335
103095,17145,0.358730158730159
101239,17145,0.342592592592593
101180,17145,0.342560553633218
101041,17145,0.372434017595308
30048,17145,0.338753387533875
103062,17145,0.366782006920415
101053,17145,0.337278106508876
103457,17145,0.328767123287671
102465,17145,0.448467966573816
101584,17145,0.391156462585034
20158,17145,0.389473684210526
102420,17145,0.394557823129252
10696,17145,0.465798045602606
102774,17145,0.355400696864112
101582,17145,0.44954128440367
101465,17145,0.340116279069767
101602,17145,0.340116279069767
101607,17145,0.317567567567568
10929,17145,0.502824858757062
101348,17145,0.397959183673469
10842,17145,0.395136778115502
12666,17145,0.446483180428135
12263,10876,0.54177897574124
12718,10876,0.451178451178451
12724,10876,0.400593471810089
10216,10876,0.397350993377483
12247,10876,0.905185185185185
11637,10876,0.495440729483283
10878,10876,0.42962962962963
11635,10876,0.536388140161725
12635,10876,0.554896142433234
10695,10876,0.438485804416404
12504,10876,0.575301204819277
11018,10876,0.350819672131148
10782,10876,0.379411764705882
10207,10876,0.396875
12264,10876,0.398648648648649
11636,10876,0.593373493975904
11149,10876,0.381270903010033
10612,10876,0.349090909090909
10880,10876,0.554896142433234
17145,10876,0.391691394658754
10876,10876,1
11843,10876,0.412462908011869
100845,10876,0.366013071895425
100918,10876,0.354838709677419
11969,10876,0.396875
10901,10876,0.40929203539823
12665,10876,0.618439716312057
12345,10876,0.39375
10711,10876,0.329931972789116
11617,10876,0.447077409162717
11019,10876,0.398648648648649
12944,10876,0.414201183431953
10939,10876,0.4
10811,10876,0.382838283828383
101033,10876,0.412587412587413
10850,10876,0.411242603550296
101557,10876,0.419161676646707
103095,10876,0.320359281437126
101239,10876,0.336633663366337
101180,10876,0.328813559322034
101041,10876,0.356209150326797
30048,10876,0.323353293413174
103062,10876,0.378947368421053
101053,10876,0.370860927152318
103457,10876,0.344155844155844
102465,10876,0.417391304347826
101584,10876,0.396610169491525
20158,10876,0.348275862068966
102420,10876,0.329545454545455
10696,10876,0.462264150943396
102774,10876,0.307692307692308
101582,10876,0.473333333333333
101465,10876,0.364705882352941
101602,10876,0.338235294117647
101607,10876,0.318936877076412
10929,10876,0.404191616766467
101348,10876,0.374149659863946
10842,10876,0.480243161094225
12666,10876,0.473333333333333
12263,11843,0.397553516819572
12718,11843,0.471518987341772
12724,11843,0.840228245363766
10216,11843,0.392857142857143
12247,11843,0.428571428571429
11637,11843,0.419939577039275
10878,11843,0.436065573770492
11635,11843,0.408227848101266
12635,11843,0.407407407407407
10695,11843,0.443037974683544
12504,11843,0.405063291139241
11018,11843,0.362275449101796
10782,11843,0.420979020979021
10207,11843,0.387959866220736
12264,11843,0.387417218543046
11636,11843,0.448160535117057
11149,11843,0.341176470588235
10612,11843,0.361702127659574
10880,11843,0.407407407407407
17145,11843,0.509803921568627
10876,11843,0.412462908011869
11843,11843,1
100845,11843,0.361271676300578
100918,11843,0.37987012987013
11969,11843,0.390572390572391
10901,11843,0.386430678466077
12665,11843,0.425981873111782
12345,11843,0.387205387205387
10711,11843,0.366863905325444
11617,11843,0.423423423423423
11019,11843,0.387417218543046
12944,11843,0.530259365994236
10939,11843,0.770655270655271
10811,11843,0.339339339339339
101033,11843,0.336842105263158
10850,11843,0.433380084151473
101557,11843,0.443452380952381
103095,11843,0.388157894736842
101239,11843,0.350993377483444
101180,11843,0.37123745819398
101041,11843,0.377142857142857
30048,11843,0.354570637119114
103062,11843,0.340277777777778
101053,11843,0.351744186046512
103457,11843,0.378205128205128
102465,11843,0.458064516129032
101584,11843,0.381944444444444
20158,11843,0.373702422145329
102420,11843,0.375
10696,11843,0.467320261437908
102774,11843,0.367003367003367
101582,11843,0.452768729641694
101465,11843,0.37883008356546
101602,11843,0.365994236311239
101607,11843,0.35472972972973
10929,11843,0.796633941093969
101348,11843,0.368600682593857
10842,11843,0.419939577039275
12666,11843,0.452768729641694
12263,100845,0.350819672131148
12718,100845,0.389438943894389
12724,100845,0.372937293729373
10216,100845,0.345161290322581
12247,100845,0.362126245847176
11637,100845,0.341389728096677
10878,100845,0.361563517915309
11635,100845,0.363934426229508
12635,100845,0.314868804664723
10695,100845,0.345794392523364
12504,100845,0.357377049180328
11018,100845,0.323432343234323
10782,100845,0.333333333333333
10207,100845,0.373333333333333
12264,100845,0.353896103896104
11636,100845,0.342939481268012
11149,100845,0.307529162248144
10612,100845,0.326388888888889
10880,100845,0.32069970845481
17145,100845,0.357348703170029
10876,100845,0.366013071895425
11843,100845,0.361271676300578
100845,100845,1
100918,100845,0.599514563106796
11969,100845,0.362745098039216
10901,100845,0.314606741573034
12665,100845,0.366883116883117
12345,100845,0.359477124183007
10711,100845,0.301282051282051
11617,100845,0.374592833876221
11019,100845,0.353896103896104
12944,100845,0.364161849710983
10939,100845,0.364672364672365
10811,100845,0.326946107784431
101033,100845,0.31294964028777
10850,100845,0.374592833876221
101557,100845,0.372023809523809
103095,100845,0.450666666666667
101239,100845,0.325714285714286
101180,100845,0.335740072202166
101041,100845,0.451453308596166
30048,100845,0.439678284182306
103062,100845,0.315789473684211
101053,100845,0.607775871926815
103457,100845,0.345911949685535
102465,100845,0.372093023255814
101584,100845,0.292358803986711
