Var1,Var2,Freq
12615,12615,1
12546,12615,0.733021077283372
12012,12615,0.742655699177438
11668,12615,0.982261640798226
11221,12615,0.734192037470726
10429,12615,0.747356051703878
100001,12615,0.670718232044199
11114,12615,0.67146017699115
12615,12546,0.733021077283372
12546,12546,1
12012,12546,0.72247191011236
11668,12546,0.744730679156909
11221,12546,0.995469988674972
10429,12546,0.719101123595506
100001,12546,0.732685297691373
11114,12546,0.720710059171598
12615,12012,0.742655699177438
12546,12012,0.72247191011236
12012,12012,1
11668,12012,0.754406580493537
11221,12012,0.720224719101124
10429,12012,0.994369369369369
100001,12012,0.709715639810427
11114,12012,0.709715639810427
12615,11668,0.982261640798226
12546,11668,0.744730679156909
12012,11668,0.754406580493537
11668,11668,1
11221,11668,0.743559718969555
10429,11668,0.756756756756757
100001,11668,0.676243093922652
11114,11668,0.675884955752212
12615,11221,0.734192037470726
12546,11221,0.995469988674972
12012,11221,0.720224719101124
11668,11221,0.743559718969555
11221,11221,1
10429,11221,0.719101123595506
100001,11221,0.733900364520049
11114,11221,0.72189349112426
12615,10429,0.747356051703878
12546,10429,0.719101123595506
12012,10429,0.994369369369369
11668,10429,0.756756756756757
11221,10429,0.719101123595506
10429,10429,1
100001,10429,0.709715639810427
11114,10429,0.709715639810427
12615,100001,0.670718232044199
12546,100001,0.732685297691373
12012,100001,0.709715639810427
11668,100001,0.676243093922652
11221,100001,0.733900364520049
10429,100001,0.709715639810427
100001,100001,1
11114,100001,0.985667034178611
12615,11114,0.67146017699115
12546,11114,0.720710059171598
12012,11114,0.709715639810427
11668,11114,0.675884955752212
11221,11114,0.72189349112426
10429,11114,0.709715639810427
100001,11114,0.985667034178611
11114,11114,1
