Var1,Var2,Freq
12615,12615,1
12546,12615,0.715140169303547
12012,12615,0.724969947679891
11668,12615,0.980330282426406
11221,12615,0.716452367589244
10429,12615,0.725975532662331
100001,12615,0.659323289234955
11114,12615,0.661510652926964
12615,12546,0.715140169303547
12546,12546,1
12012,12546,0.733931208827125
11668,12546,0.728082256852671
11221,12546,0.994652459727091
10429,12546,0.727381344096891
100001,12546,0.693442311060604
11114,12546,0.695667683837634
12615,12012,0.724969947679891
12546,12012,0.733931208827125
12012,12012,1
11668,12012,0.738035609171123
11221,12012,0.731567325217101
10429,12012,0.992158577355488
100001,12012,0.657458420906385
11114,12012,0.65923055090252
12615,11668,0.980330282426406
12546,11668,0.728082256852671
12012,11668,0.738035609171123
11668,11668,1
11221,11668,0.726167152087676
10429,11668,0.735793703111845
100001,11668,0.664693445508435
11114,11668,0.66730453214953
12615,11221,0.716452367589244
12546,11221,0.994652459727091
12012,11221,0.731567325217101
11668,11221,0.726167152087676
11221,11221,1
10429,11221,0.72826841823954
100001,11221,0.694957534940058
11114,11221,0.69718418064424
12615,10429,0.725975532662331
12546,10429,0.727381344096891
12012,10429,0.992158577355488
11668,10429,0.735793703111845
11221,10429,0.72826841823954
10429,10429,1
100001,10429,0.656972688407106
11114,10429,0.658739641835931
12615,100001,0.659323289234955
12546,100001,0.693442311060604
12012,100001,0.657458420906385
11668,100001,0.664693445508435
11221,100001,0.694957534940058
10429,100001,0.656972688407106
100001,100001,1
11114,100001,0.985427754219933
12615,11114,0.661510652926964
12546,11114,0.695667683837634
12012,11114,0.65923055090252
11668,11114,0.66730453214953
11221,11114,0.69718418064424
10429,11114,0.658739641835931
100001,11114,0.985427754219933
11114,11114,1
