Var1,Var2,Freq
10056,10056,1
20137,10056,0
100128,10056,0
12683,10056,0
101278,10056,0
101316,10056,0
101404,10056,0
103063,10056,0
101405,10056,0
20139,10056,0
20015,10056,0
10056,20137,0
20137,20137,1
100128,20137,0.00420410879183232
12683,20137,0.00964786228091099
101278,20137,0.00546717086037552
101316,20137,0.00608881398271294
101404,20137,0.00657892733029571
103063,20137,0.0276850308683373
101405,20137,0.00592684209628043
20139,20137,0.0333636731668806
20015,20137,0.00497146835125911
10056,100128,0
20137,100128,0.00420410879183232
100128,100128,1
12683,100128,0.00980465384294669
101278,100128,0.00871580362867619
101316,100128,0.00806236509364556
101404,100128,0.0108850237182236
103063,100128,0.00558256683516515
101405,100128,0.00942307806597212
20139,100128,0.00420740494978498
20015,100128,0.00889770806881916
10056,12683,0
20137,12683,0.00964786228091099
100128,12683,0.00980465384294669
12683,12683,1
101278,12683,0.0128248797759026
101316,12683,0.0125412841031628
101404,12683,0.0135037316269627
103063,12683,0.00621022186755508
101405,12683,0.0125128581763952
20139,12683,0.00697937511707629
20015,12683,0.0124470081637905
10056,101278,0
20137,101278,0.00546717086037552
100128,101278,0.00871580362867619
12683,101278,0.0128248797759026
101278,101278,1
101316,101278,0.0114498303073646
101404,101278,0.227196958166622
103063,101278,0.00633678306653154
101405,101278,0.0310586690109722
20139,101278,0.00620858418630372
20015,101278,0.0153564312115592
10056,101316,0
20137,101316,0.00608881398271294
100128,101316,0.00806236509364556
12683,101316,0.0125412841031628
101278,101316,0.0114498303073646
101316,101316,1
101404,101316,0.0117114432566894
103063,101316,0.00668586808398511
101405,101316,0.0129167726508015
20139,101316,0.00607129419685801
20015,101316,0.0114128101939403
10056,101404,0
20137,101404,0.00657892733029571
100128,101404,0.0108850237182236
12683,101404,0.0135037316269627
101278,101404,0.227196958166622
101316,101404,0.0117114432566894
101404,101404,1
103063,101404,0.00674243802324607
101405,101404,0.0391787764430669
20139,101404,0.00581959994904321
20015,101404,0.0106440087940252
10056,103063,0
20137,103063,0.0276850308683373
100128,103063,0.00558256683516515
12683,103063,0.00621022186755508
101278,103063,0.00633678306653154
101316,103063,0.00668586808398511
101404,103063,0.00674243802324607
103063,103063,1
101405,103063,0.00699611465583586
20139,103063,0.0333589111462998
20015,103063,0.00657874460847573
10056,101405,0
20137,101405,0.00592684209628043
100128,101405,0.00942307806597212
12683,101405,0.0125128581763952
101278,101405,0.0310586690109722
101316,101405,0.0129167726508015
101404,101405,0.0391787764430669
103063,101405,0.00699611465583586
101405,101405,1
20139,101405,0.00589812430789446
20015,101405,0.0104879729434033
10056,20139,0
20137,20139,0.0333636731668806
100128,20139,0.00420740494978498
12683,20139,0.00697937511707629
101278,20139,0.00620858418630372
101316,20139,0.00607129419685801
101404,20139,0.00581959994904321
103063,20139,0.0333589111462998
101405,20139,0.00589812430789446
20139,20139,1
20015,20139,0.00617136762098552
10056,20015,0
20137,20015,0.00497146835125911
100128,20015,0.00889770806881916
12683,20015,0.0124470081637905
101278,20015,0.0153564312115592
101316,20015,0.0114128101939403
101404,20015,0.0106440087940252
103063,20015,0.00657874460847573
101405,20015,0.0104879729434033
20139,20015,0.00617136762098552
20015,20015,1
