Var1,Var2,Freq
10056,10056,1
20137,10056,0.298039215686275
100128,10056,0.285714285714286
12683,10056,0.229166666666667
101278,10056,0.32
101316,10056,0.268292682926829
101404,10056,0.274509803921569
103063,10056,0.254901960784314
101405,10056,0.222222222222222
20139,10056,0.307420494699647
20015,10056,0.181818181818182
10056,20137,0.298039215686275
20137,20137,1
100128,20137,0.36
12683,20137,0.234042553191489
101278,20137,0.30952380952381
101316,20137,0.303030303030303
101404,20137,0.260869565217391
103063,20137,0.32280701754386
101405,20137,0.434782608695652
20139,20137,0.339473684210526
20015,20137,0.2
10056,100128,0.285714285714286
20137,100128,0.36
100128,100128,1
12683,100128,0.466666666666667
101278,100128,0.375
101316,100128,0.296296296296296
101404,100128,0.333333333333333
103063,100128,0.225
101405,100128,0.375
20139,100128,0.384615384615385
20015,100128,0.34375
10056,12683,0.229166666666667
20137,12683,0.234042553191489
100128,12683,0.466666666666667
12683,12683,1
101278,12683,0.211538461538462
101316,12683,0.307692307692308
101404,12683,0.263157894736842
103063,12683,0.238095238095238
101405,12683,0.25
20139,12683,0.225806451612903
20015,12683,0.375
10056,101278,0.32
20137,101278,0.30952380952381
100128,101278,0.375
12683,101278,0.211538461538462
101278,101278,1
101316,101278,0.555555555555556
101404,101278,0.44636678200692
103063,101278,0.346153846153846
101405,101278,0.246153846153846
20139,101278,0.352941176470588
20015,101278,0.270833333333333
10056,101316,0.268292682926829
20137,101316,0.303030303030303
100128,101316,0.296296296296296
12683,101316,0.307692307692308
101278,101316,0.555555555555556
101316,101316,1
101404,101316,0.28125
103063,101316,0.448275862068966
101405,101316,0.428571428571429
20139,101316,0.230769230769231
20015,101316,0.207547169811321
10056,101404,0.274509803921569
20137,101404,0.260869565217391
100128,101404,0.333333333333333
12683,101404,0.263157894736842
101278,101404,0.44636678200692
101316,101404,0.28125
101404,101404,1
103063,101404,0.358974358974359
101405,101404,0.230392156862745
20139,101404,0.333333333333333
20015,101404,0.277777777777778
10056,103063,0.254901960784314
20137,103063,0.32280701754386
100128,103063,0.225
12683,103063,0.238095238095238
101278,103063,0.346153846153846
101316,103063,0.448275862068966
101404,103063,0.358974358974359
103063,103063,1
101405,103063,0.3
20139,103063,0.355555555555556
20015,103063,0.454545454545455
10056,101405,0.222222222222222
20137,101405,0.434782608695652
100128,101405,0.375
12683,101405,0.25
101278,101405,0.246153846153846
101316,101405,0.428571428571429
101404,101405,0.230392156862745
103063,101405,0.3
101405,101405,1
20139,101405,0.275862068965517
20015,101405,0.545454545454545
10056,20139,0.307420494699647
20137,20139,0.339473684210526
100128,20139,0.384615384615385
12683,20139,0.225806451612903
101278,20139,0.352941176470588
101316,20139,0.230769230769231
101404,20139,0.333333333333333
103063,20139,0.355555555555556
101405,20139,0.275862068965517
20139,20139,1
20015,20139,0.285714285714286
10056,20015,0.181818181818182
20137,20015,0.2
100128,20015,0.34375
12683,20015,0.375
101278,20015,0.270833333333333
101316,20015,0.207547169811321
101404,20015,0.277777777777778
103063,20015,0.454545454545455
101405,20015,0.545454545454545
20139,20015,0.285714285714286
20015,20015,1
