Var1,Var2,Freq
12500,12500,1
10991,12500,0.962008141112619
12839,12500,0.732758620689655
11839,12500,0.272727272727273
10992,12500,0.466334164588529
100999,12500,0.272727272727273
10394,12500,0.737478411053541
12500,10991,0.962008141112619
10991,10991,1
12839,10991,0.731034482758621
11839,10991,0.272727272727273
10992,10991,0.466334164588529
100999,10991,0.272727272727273
10394,10991,0.735751295336788
12500,12839,0.732758620689655
10991,12839,0.731034482758621
12839,12839,1
11839,12839,0.592592592592593
10992,12839,0.4575
100999,12839,0.8
10394,12839,0.979452054794521
12500,11839,0.272727272727273
10991,11839,0.272727272727273
12839,11839,0.592592592592593
11839,11839,1
10992,11839,0.37037037037037
100999,11839,0.914691943127962
10394,11839,0.666666666666667
12500,10992,0.466334164588529
10991,10992,0.466334164588529
12839,10992,0.4575
11839,10992,0.37037037037037
10992,10992,1
100999,10992,0.37037037037037
10394,10992,0.4575
12500,100999,0.272727272727273
10991,100999,0.272727272727273
12839,100999,0.8
11839,100999,0.914691943127962
10992,100999,0.37037037037037
100999,100999,1
10394,100999,0.571428571428572
12500,10394,0.737478411053541
10991,10394,0.735751295336788
12839,10394,0.979452054794521
11839,10394,0.666666666666667
10992,10394,0.4575
100999,10394,0.571428571428572
10394,10394,1
