Var1,Var2,Freq
12500,12500,1
10991,12500,0.95547229807048
12839,12500,0.600955964370065
11839,12500,0.01208557099372
10992,12500,0.293501317629713
100999,12500,0.0122263489592416
10394,12500,0.60665129015193
12500,10991,0.95547229807048
10991,10991,1
12839,10991,0.60168532105792
11839,10991,0.0121062260305369
10992,10991,0.293312782987663
100999,10991,0.0122472445948736
10394,10991,0.607389625602016
12500,12839,0.600955964370065
10991,12839,0.60168532105792
12839,12839,1
11839,12839,0.0187179412448327
10992,12839,0.327927660295961
100999,12839,0.0214761678249742
10394,12839,0.966405260120277
12500,11839,0.01208557099372
10991,11839,0.0121062260305369
12839,11839,0.0187179412448327
11839,11839,1
10992,11839,0.0156100825927933
100999,11839,0.877210623093546
10394,11839,0.0199096366042938
12500,10992,0.293501317629713
10991,10992,0.293312782987663
12839,10992,0.327927660295961
11839,10992,0.0156100825927933
10992,10992,1
100999,10992,0.015791915595982
10394,10992,0.328759191493899
12500,100999,0.0122263489592416
10991,100999,0.0122472445948736
12839,100999,0.0214761678249742
11839,100999,0.877210623093546
10992,100999,0.015791915595982
100999,100999,1
10394,100999,0.0192155042760171
12500,10394,0.60665129015193
10991,10394,0.607389625602016
12839,10394,0.966405260120277
11839,10394,0.0199096366042938
10992,10394,0.328759191493899
100999,10394,0.0192155042760171
10394,10394,1
