Var1,Var2,Freq
10659,10659,1
11082,10659,0.3125
10839,10659,0.304511278195489
12724,10659,0.307692307692308
12735,10659,0.364661654135338
10250,10659,0.326732673267327
10903,10659,0.332075471698113
30002,10659,0.361216730038023
30001,10659,0.496153846153846
11622,10659,0.371212121212121
11150,10659,0.360902255639098
10782,10659,0.337962962962963
10970,10659,0.384030418250951
10971,10659,0.413953488372093
11105,10659,0.309352517985612
10856,10659,0.336633663366337
10531,10659,0.367647058823529
11843,10659,0.303643724696356
30005,10659,0.318996415770609
30043,10659,0.286792452830189
30045,10659,0.32824427480916
10778,10659,0.342205323193916
12037,10659,0.328767123287671
10885,10659,0.324528301886792
100824,10659,0.410852713178295
10051,10659,0.342105263157895
12415,10659,0.371647509578544
11361,10659,0.394366197183099
10939,10659,0.305882352941176
100850,10659,0.5
100854,10659,0.430817610062893
11364,10659,0.761301989150091
101032,10659,0.362962962962963
10396,10659,0.378787878787879
30037,10659,0.322869955156951
10850,10659,0.34469696969697
12959,10659,0.373737373737374
100140,10659,0.484615384615385
12967,10659,0.35632183908046
100834,10659,0.328703703703704
101221,10659,0.364661654135338
100835,10659,0.266129032258065
101332,10659,0.443262411347518
101317,10659,0.47843137254902
102391,10659,0.37218045112782
101182,10659,0.373737373737374
102399,10659,0.314176245210728
101503,10659,0.453183520599251
101504,10659,0.509433962264151
101408,10659,0.377862595419847
101410,10659,0.367041198501873
30028,10659,0.382239382239382
100855,10659,0.333333333333333
19907,10659,0.345454545454545
101433,10659,0.410666666666667
100415,10659,0.335907335907336
101448,10659,0.362264150943396
30031,10659,0.386100386100386
101612,10659,0.484615384615385
101281,10659,0.367041198501873
102770,10659,0.486486486486486
101269,10659,0.5
10929,10659,0.303643724696356
10659,11082,0.3125
11082,11082,1
10839,11082,0.336842105263158
12724,11082,0.358620689655172
12735,11082,0.353658536585366
10250,11082,0.327205882352941
10903,11082,0.309608540925267
30002,11082,0.332116788321168
30001,11082,0.35377358490566
11622,11082,0.416243654822335
11150,11082,0.364485981308411
10782,11082,0.31437125748503
10970,11082,0.366548042704626
10971,11082,0.394160583941606
11105,11082,0.425
10856,11082,0.327205882352941
10531,11082,0.414507772020725
11843,11082,0.349442379182156
30005,11082,0.296819787985866
30043,11082,0.276470588235294
30045,11082,0.294117647058824
10778,11082,0.364077669902913
12037,11082,0.288659793814433
10885,11082,0.316725978647687
100824,11082,0.321428571428571
10051,11082,0.370044052863436
12415,11082,0.401015228426396
11361,11082,0.363636363636364
10939,11082,0.353383458646617
100850,11082,0.314893617021277
100854,11082,0.331797235023041
11364,11082,0.320675105485232
101032,11082,0.236434108527132
10396,11082,0.411167512690355
30037,11082,0.318471337579618
10850,11082,0.347368421052632
12959,11082,0.326086956521739
100140,11082,0.349056603773585
12967,11082,0.321782178217822
100834,11082,0.740524781341108
101221,11082,0.339416058394161
100835,11082,0.358585858585859
101332,11082,0.309917355371901
101317,11082,0.363207547169811
102391,11082,0.325471698113208
101182,11082,0.315018315018315
102399,11082,0.342281879194631
101503,11082,0.34297520661157
101504,11082,0.330543933054393
101408,11082,0.325688073394495
101410,11082,0.316455696202532
30028,11082,0.371212121212121
100855,11082,0.33587786259542
19907,11082,0.356846473029046
101433,11082,0.341880341880342
100415,11082,0.299342105263158
101448,11082,0.329710144927536
30031,11082,0.390977443609023
101612,11082,0.35377358490566
101281,11082,0.367857142857143
102770,11082,0.326848249027237
101269,11082,0.329059829059829
10929,11082,0.373239436619718
10659,10839,0.304511278195489
11082,10839,0.336842105263158
10839,10839,1
12724,10839,0.278884462151394
12735,10839,0.323353293413174
10250,10839,0.306122448979592
10903,10839,0.299638989169675
30002,10839,0.310734463276836
30001,10839,0.266881028938907
11622,10839,0.327683615819209
11150,10839,0.318181818181818
10782,10839,0.349593495934959
10970,10839,0.287272727272727
10971,10839,0.350877192982456
11105,10839,0.302752293577982
10856,10839,0.306122448979592
10531,10839,0.308243727598566
11843,10839,0.282868525896414
30005,10839,0.266009852216749
30043,10839,0.612781954887218
30045,10839,0.287128712871287
10778,10839,0.336363636363636
12037,10839,0.271844660194175
10885,10839,0.291187739463602
100824,10839,0.31203007518797
10051,10839,0.32258064516129
12415,10839,0.344632768361582
11361,10839,0.335329341317365
10939,10839,0.271317829457364
100850,10839,0.312267657992565
100854,10839,0.335714285714286
11364,10839,0.293233082706767
101032,10839,0.257839721254355
10396,10839,0.338983050847458
30037,10839,0.31858407079646
10850,10839,0.346774193548387
12959,10839,0.310344827586207
100140,10839,0.283636363636364
12967,10839,0.338709677419355
100834,10839,0.312169312169312
101221,10839,0.291479820627803
100835,10839,0.4
101332,10839,0.344569288389513
101317,10839,0.28
102391,10839,0.323420074349442
101182,10839,0.274809160305344
102399,10839,0.343629343629344
101503,10839,0.355805243445693
101504,10839,0.323076923076923
101408,10839,0.308550185873606
101410,10839,0.290909090909091
30028,10839,0.276363636363636
100855,10839,0.724489795918367
19907,10839,0.29136690647482
101433,10839,0.321033210332103
100415,10839,0.302222222222222
101448,10839,0.287037037037037
30031,10839,0.304347826086957
101612,10839,0.272727272727273
101281,10839,0.267605633802817
102770,10839,0.306513409961686
101269,10839,0.316602316602317
10929,10839,0.278884462151394
10659,12724,0.307692307692308
11082,12724,0.358620689655172
10839,12724,0.278884462151394
12724,12724,1
12735,12724,0.378571428571429
10250,12724,0.33457249070632
10903,12724,0.3
30002,12724,0.335820895522388
30001,12724,0.326693227091633
11622,12724,0.347014925373134
11150,12724,0.349442379182156
10782,12724,0.427210884353741
10970,12724,0.378787878787879
10971,12724,0.373134328358209
11105,12724,0.338028169014085
10856,12724,0.335820895522388
10531,12724,0.417391304347826
11843,12724,0.840228245363766
30005,12724,0.302238805970149
30043,12724,0.3
30045,12724,0.334558823529412
10778,12724,0.364963503649635
12037,12724,0.306569343065693
10885,12724,0.302681992337165
100824,12724,0.282312925170068
10051,12724,0.353159851301115
12415,12724,0.344444444444444
11361,12724,0.384341637010676
10939,12724,0.769436997319035
100850,12724,0.342857142857143
100854,12724,0.321138211382114
11364,12724,0.313807531380753
101032,12724,0.268939393939394
10396,12724,0.343283582089552
30037,12724,0.360544217687075
10850,12724,0.429355281207133
12959,12724,0.344569288389513
100140,12724,0.334661354581673
12967,12724,0.342995169082126
100834,12724,0.348754448398576
101221,12724,0.37037037037037
100835,12724,0.383333333333333
101332,12724,0.323076923076923
101317,12724,0.333333333333333
102391,12724,0.311881188118812
101182,12724,0.298449612403101
102399,12724,0.302884615384615
101503,12724,0.332089552238806
101504,12724,0.350943396226415
101408,12724,0.320224719101124
101410,12724,0.316546762589928
30028,12724,0.381679389312977
100855,12724,0.333333333333333
19907,12724,0.359550561797753
101433,12724,0.348484848484849
100415,12724,0.314176245210728
101448,12724,0.381679389312977
30031,12724,0.396887159533074
101612,12724,0.326693227091633
101281,12724,0.397810218978102
102770,12724,0.347985347985348
101269,12724,0.342857142857143
10929,12724,0.80349932705249
10659,12735,0.364661654135338
11082,12735,0.353658536585366
10839,12735,0.323353293413174
12724,12735,0.378571428571429
12735,12735,1
10250,12735,0.323651452282158
10903,12735,0.33210332103321
30002,12735,0.396428571428571
30001,12735,0.366795366795367
11622,12735,0.405797101449275
11150,12735,0.355311355311355
10782,12735,0.360714285714286
10970,12735,0.401408450704225
10971,12735,0.387453874538745
11105,12735,0.321678321678322
10856,12735,0.342857142857143
10531,12735,0.362007168458781
11843,12735,0.382252559726962
30005,12735,0.327137546468401
30043,12735,0.322784810126582
30045,12735,0.347670250896057
10778,12735,0.372759856630824
12037,12735,0.28996282527881
10885,12735,0.327137546468401
100824,12735,0.33920704845815
10051,12735,0.373626373626374
12415,12735,0.402173913043478
11361,12735,0.645161290322581
10939,12735,0.375
100850,12735,0.356115107913669
100854,12735,0.334545454545455
11364,12735,0.37593984962406
101032,12735,0.276978417266187
10396,12735,0.405797101449275
30037,12735,0.343537414965986
10850,12735,0.381818181818182
12959,12735,0.34469696969697
100140,12735,0.366795366795367
12967,12735,0.26865671641791
100834,12735,0.371428571428571
101221,12735,0.407272727272727
100835,12735,0.358381502890173
101332,12735,0.363295880149813
101317,12735,0.362934362934363
102391,12735,0.354260089686099
101182,12735,0.327067669172932
102399,12735,0.318181818181818
101503,12735,0.38785046728972
101504,12735,0.369811320754717
101408,12735,0.342465753424658
101410,12735,0.373333333333333
30028,12735,0.389891696750903
100855,12735,0.310975609756098
19907,12735,0.34469696969697
101433,12735,0.381132075471698
100415,12735,0.339483394833948
101448,12735,0.379790940766551
30031,12735,0.419642857142857
101612,12735,0.362264150943396
101281,12735,0.378181818181818
102770,12735,0.353159851301115
101269,12735,0.355263157894737
10929,12735,0.379928315412186
10659,10250,0.326732673267327
11082,10250,0.327205882352941
10839,10250,0.306122448979592
12724,10250,0.33457249070632
12735,10250,0.323651452282158
10250,10250,1
10903,10250,0.32129963898917
30002,10250,0.331103678929766
30001,10250,0.31981981981982
11622,10250,0.334448160535117
11150,10250,0.440625
10782,10250,0.30188679245283
10970,10250,0.357594936708861
10971,10250,0.340425531914894
11105,10250,0.304195804195804
10856,10250,0.673879443585781
10531,10250,0.352517985611511
11843,10250,0.338345864661654
30005,10250,0.37037037037037
30043,10250,0.293333333333333
30045,10250,0.3690036900369
10778,10250,0.432601880877743
12037,10250,0.455307262569832
10885,10250,0.32404181184669
100824,10250,0.311965811965812
10051,10250,0.464944649446494
12415,10250,0.325423728813559
11361,10250,0.328621908127208
10939,10250,0.325842696629214
100850,10250,0.321705426356589
100854,10250,0.321969696969697
11364,10250,0.344660194174757
101032,10250,0.289752650176678
10396,10250,0.321070234113712
30037,10250,0.273846153846154
10850,10250,0.32319391634981
12959,10250,0.492354740061162
100140,10250,0.355421686746988
12967,10250,0.304347826086957
100834,10250,0.32089552238806
101221,10250,0.333333333333333
100835,10250,0.349112426035503
101332,10250,0.343096234309623
101317,10250,0.349397590361446
102391,10250,0.307692307692308
101182,10250,0.529197080291971
102399,10250,0.331775700934579
101503,10250,0.357798165137615
101504,10250,0.318007662835249
101408,10250,0.264957264957265
101410,10250,0.293906810035842
30028,10250,0.356923076923077
100855,10250,0.306122448979592
19907,10250,0.346570397111913
101433,10250,0.330769230769231
100415,10250,0.317689530685921
101448,10250,0.346570397111913
30031,10250,0.345637583892617
101612,10250,0.29296875
101281,10250,0.320689655172414
102770,10250,0.311538461538462
101269,10250,0.326923076923077
10929,10250,0.321428571428571
10659,10903,0.332075471698113
11082,10903,0.309608540925267
10839,10903,0.299638989169675
12724,10903,0.3
12735,10903,0.33210332103321
10250,10903,0.32129963898917
10903,10903,1
30002,10903,0.365019011406844
30001,10903,0.366834170854271
11622,10903,0.372623574144487
11150,10903,0.332075471698113
10782,10903,0.325925925925926
10970,10903,0.364705882352941
10971,10903,0.361867704280156
11105,10903,0.364928909952607
10856,10903,0.317880794701987
10531,10903,0.399253731343284
11843,10903,0.283636363636364
30005,10903,0.32129963898917
30043,10903,0.311787072243346
30045,10903,0.32319391634981
10778,10903,0.346153846153846
12037,10903,0.317164179104478
10885,10903,0.722093023255814
100824,10903,0.337254901960784
10051,10903,0.333333333333333
12415,10903,0.361940298507463
11361,10903,0.339416058394161
10939,10903,0.295019157088123
100850,10903,0.31640625
100854,10903,0.35
11364,10903,0.344961240310078
101032,10903,0.269230769230769
10396,10903,0.35361216730038
30037,10903,0.308219178082192
10850,10903,0.337078651685393
12959,10903,0.343173431734317
100140,10903,0.371859296482412
12967,10903,0.268482490272374
100834,10903,0.310344827586207
101221,10903,0.367549668874172
100835,10903,0.311764705882353
101332,10903,0.308880308880309
101317,10903,0.385
102391,10903,0.347328244274809
101182,10903,0.349442379182156
102399,10903,0.305019305019305
101503,10903,0.333333333333333
101504,10903,0.365
101408,10903,0.33587786259542
101410,10903,0.305263157894737
30028,10903,0.376470588235294
100855,10903,0.307692307692308
19907,10903,0.351351351351351
101433,10903,0.328185328185328
100415,10903,0.695356738391846
101448,10903,0.4
30031,10903,0.37109375
101612,10903,0.32295719844358
101281,10903,0.35632183908046
102770,10903,0.317829457364341
101269,10903,0.33203125
10929,10903,0.291187739463602
10659,30002,0.361216730038023
11082,30002,0.332116788321168
10839,30002,0.310734463276836
12724,30002,0.335820895522388
12735,30002,0.396428571428571
10250,30002,0.331103678929766
10903,30002,0.365019011406844
30002,30002,1
30001,30002,0.371323529411765
11622,30002,0.756272401433692
11150,30002,0.331168831168831
10782,30002,0.351851851851852
10970,30002,0.418060200668896
10971,30002,0.42443729903537
11105,30002,0.308243727598566
10856,30002,0.337792642140468
10531,30002,0.3690036900369
11843,30002,0.333333333333333
30005,30002,0.351648351648352
30043,30002,0.292682926829268
30045,30002,0.333333333333333
10778,30002,0.366666666666667
12037,30002,0.316498316498317
10885,30002,0.357414448669202
100824,30002,0.36036036036036
10051,30002,0.37593984962406
12415,30002,0.72463768115942
11361,30002,0.387096774193548
10939,30002,0.325259515570934
100850,30002,0.365671641791045
100854,30002,0.326996197718631
11364,30002,0.357414448669202
101032,30002,0.288389513108614
10396,30002,0.695195195195195
30037,30002,0.347826086956522
10850,30002,0.355555555555556
12959,30002,0.363636363636364
100140,30002,0.371647509578544
12967,30002,0.305660377358491
100834,30002,0.351449275362319
101221,30002,0.390322580645161
100835,30002,0.369047619047619
101332,30002,0.360153256704981
101317,30002,0.371647509578544
102391,30002,0.337164750957854
101182,30002,0.359375
102399,30002,0.297491039426523
101503,30002,0.346153846153846
101504,30002,0.338461538461538
101408,30002,0.342105263157895
101410,30002,0.334586466165413
30028,30002,0.414141414141414
100855,30002,0.315270935960591
19907,30002,0.36038961038961
101433,30002,0.342307692307692
100415,30002,0.358208955223881
101448,30002,0.416030534351145
30031,30002,0.433962264150943
101612,30002,0.371647509578544
101281,30002,0.43609022556391
102770,30002,0.35
101269,30002,0.366037735849057
10929,30002,0.344444444444444
10659,30001,0.496153846153846
11082,30001,0.35377358490566
10839,30001,0.266881028938907
12724,30001,0.326693227091633
12735,30001,0.366795366795367
10250,30001,0.31981981981982
10903,30001,0.366834170854271
30002,30001,0.371323529411765
30001,30001,1
11622,30001,0.383141762452107
11150,30001,0.356060606060606
10782,30001,0.334507042253521
10970,30001,0.386100386100386
10971,30001,0.369230769230769
11105,30001,0.299559471365639
10856,30001,0.328828828828829
10531,30001,0.382899628252788
11843,30001,0.330677290836653
30005,30001,0.298449612403101
30043,30001,0.320284697508897
30045,30001,0.313953488372093
10778,30001,0.348484848484849
12037,30001,0.327102803738318
10885,30001,0.35678391959799
100824,30001,0.455223880597015
10051,30001,0.350943396226415
12415,30001,0.381679389312977
11361,30001,0.363957597173145
10939,30001,0.338645418326693
100850,30001,0.430555555555556
100854,30001,0.435897435897436
11364,30001,0.488461538461538
101032,30001,0.329931972789116
10396,30001,0.383141762452107
30037,30001,0.318897637795276
10850,30001,0.330827067669173
12959,30001,0.3125
100140,30001,0.628891656288917
12967,30001,0.375
100834,30001,0.375634517766497
101221,30001,0.35
100835,30001,0.342105263157895
101332,30001,0.478764478764479
101317,30001,0.513761467889908
102391,30001,0.3828125
101182,30001,0.31640625
102399,30001,0.364312267657993
101503,30001,0.503875968992248
101504,30001,0.550314465408805
101408,30001,0.393129770992366
101410,30001,0.325842696629214
30028,30001,0.386100386100386
100855,30001,0.319852941176471
19907,30001,0.35632183908046
101433,30001,0.534375
100415,30001,0.366834170854271
101448,30001,0.356401384083045
30031,30001,0.367816091954023
101612,30001,0.665844636251541
101281,30001,0.348484848484849
102770,30001,0.582554517133956
101269,30001,0.498168498168498
10929,30001,0.326771653543307
10659,11622,0.371212121212121
11082,11622,0.416243654822335
10839,11622,0.327683615819209
12724,11622,0.347014925373134
12735,11622,0.405797101449275
10250,11622,0.334448160535117
10903,11622,0.372623574144487
30002,11622,0.756272401433692
30001,11622,0.383141762452107
11622,11622,1
11150,11622,0.344155844155844
10782,11622,0.355555555555556
10970,11622,0.422297297297297
10971,11622,0.41839762611276
11105,11622,0.329749103942652
10856,11622,0.344481605351171
10531,11622,0.391143911439114
11843,11622,0.336805555555556
30005,11622,0.362637362637363
30043,11622,0.302439024390244
30045,11622,0.352941176470588
10778,11622,0.354651162790698
12037,11622,0.333333333333333
10885,11622,0.365019011406844
100824,11622,0.36036036036036
10051,11622,0.387218045112782
12415,11622,0.875527426160338
11361,11622,0.401433691756272
10939,11622,0.328767123287671
100850,11622,0.369811320754717
100854,11622,0.342205323193916
11364,11622,0.367424242424242
101032,11622,0.282051282051282
10396,11622,0.911949685534591
30037,11622,0.357859531772575
10850,11622,0.359259259259259
12959,11622,0.356902356902357
100140,11622,0.379310344827586
12967,11622,0.305660377358491
100834,11622,0.355072463768116
101221,11622,0.400696864111498
100835,11622,0.364705882352941
101332,11622,0.366412213740458
101317,11622,0.379310344827586
102391,11622,0.337164750957854
101182,11622,0.37890625
102399,11622,0.290322580645161
101503,11622,0.354961832061069
101504,11622,0.338461538461538
101408,11622,0.334586466165413
101410,11622,0.330827067669173
30028,11622,0.427046263345196
100855,11622,0.320197044334975
19907,11622,0.39261744966443
101433,11622,0.338461538461538
100415,11622,0.365671641791045
101448,11622,0.425855513307985
30031,11622,0.456603773584906
101612,11622,0.375478927203065
101281,11622,0.424812030075188
102770,11622,0.35
101269,11622,0.377358490566038
10929,11622,0.320557491289199
10659,11150,0.360902255639098
11082,11150,0.364485981308411
10839,11150,0.318181818181818
12724,11150,0.349442379182156
12735,11150,0.355311355311355
10250,11150,0.440625
10903,11150,0.332075471698113
30002,11150,0.331168831168831
30001,11150,0.356060606060606
11622,11150,0.344155844155844
11150,11150,1
10782,11150,0.327137546468401
10970,11150,0.381987577639751
10971,11150,0.369230769230769
11105,11150,0.314487632508834
10856,11150,0.440625
10531,11150,0.350694444444444
11843,11150,0.356877323420074
30005,11150,0.485714285714286
30043,11150,0.28158844765343
30045,11150,0.447457627118644
10778,11150,0.725609756097561
12037,11150,0.383647798742138
10885,11150,0.332075471698113
100824,11150,0.322274881516588
10051,11150,0.822463768115942
12415,11150,0.298387096774194
11361,11150,0.376811594202899
10939,11150,0.333333333333333
100850,11150,0.361216730038023
100854,11150,0.333333333333333
11364,11150,0.360902255639098
101032,11150,0.294545454545455
10396,11150,0.3202416918429
30037,11150,0.32996632996633
10850,11150,0.330855018587361
12959,11150,0.432786885245902
100140,11150,0.356060606060606
12967,11150,0.285714285714286
100834,11150,0.377358490566038
101221,11150,0.375912408759124
100835,11150,0.325842696629214
101332,11150,0.349264705882353
101317,11150,0.36046511627907
102391,11150,0.297794117647059
101182,11150,0.461538461538462
102399,11150,0.330143540669856
101503,11150,0.371323529411765
101504,11150,0.388679245283019
101408,11150,0.267657992565056
101410,11150,0.328467153284672
30028,11150,0.363354037267081
100855,11150,0.294117647058824
19907,11150,0.368770764119601
101433,11150,0.37593984962406
100415,11150,0.343396226415094
101448,11150,0.400709219858156
30031,11150,0.381578947368421
101612,11150,0.340659340659341
101281,11150,0.377777777777778
102770,11150,0.36231884057971
101269,11150,0.372623574144487
10929,11150,0.35036496350365
10659,10782,0.337962962962963
11082,10782,0.31437125748503
10839,10782,0.349593495934959
12724,10782,0.427210884353741
12735,10782,0.360714285714286
10250,10782,0.30188679245283
10903,10782,0.325925925925926
30002,10782,0.351851851851852
30001,10782,0.334507042253521
11622,10782,0.355555555555556
11150,10782,0.327137546468401
10782,10782,1
10970,10782,0.328358208955224
10971,10782,0.38
11105,10782,0.334426229508197
10856,10782,0.309433962264151
10531,10782,0.350649350649351
11843,10782,0.420979020979021
30005,10782,0.321033210332103
30043,10782,0.326666666666667
30045,10782,0.337704918032787
10778,10782,0.318352059925094
12037,10782,0.300751879699248
10885,10782,0.318518518518519
100824,10782,0.348214285714286
10051,10782,0.324626865671642
12415,10782,0.359259259259259
11361,10782,0.320819112627986
10939,10782,0.422192151556157
100850,10782,0.334677419354839
100854,10782,0.32421875
11364,10782,0.328888888888889
101032,10782,0.262948207171315
10396,10782,0.351851851851852
30037,10782,0.378640776699029
10850,10782,0.656
12959,10782,0.305841924398625
100140,10782,0.353846153846154
12967,10782,0.308056872037915
100834,10782,0.34375
101221,10782,0.305147058823529
100835,10782,0.323615160349854
101332,10782,0.320987654320988
101317,10782,0.35
102391,10782,0.305732484076433
101182,10782,0.298507462686567
102399,10782,0.353333333333333
101503,10782,0.348837209302326
101504,10782,0.315789473684211
101408,10782,0.286624203821656
101410,10782,0.313588850174216
30028,10782,0.340740740740741
100855,10782,0.341463414634146
19907,10782,0.334545454545455
101433,10782,0.32089552238806
100415,10782,0.308219178082192
101448,10782,0.359848484848485
30031,10782,0.348314606741573
101612,10782,0.346153846153846
101281,10782,0.353383458646617
102770,10782,0.321033210332103
101269,10782,0.330935251798561
10929,10782,0.427792915531335
10659,10970,0.384030418250951
11082,10970,0.366548042704626
10839,10970,0.287272727272727
12724,10970,0.378787878787879
12735,10970,0.401408450704225
10250,10970,0.357594936708861
10903,10970,0.364705882352941
30002,10970,0.418060200668896
30001,10970,0.386100386100386
11622,10970,0.422297297297297
11150,10970,0.381987577639751
10782,10970,0.328358208955224
10970,10970,1
10971,10970,0.476510067114094
11105,10970,0.394495412844037
10856,10970,0.348909657320872
10531,10970,0.411764705882353
11843,10970,0.373626373626374
30005,10970,0.364705882352941
30043,10970,0.282142857142857
30045,10970,0.38671875
10778,10970,0.35126582278481
12037,10970,0.333333333333333
10885,10970,0.356862745098039
100824,10970,0.343511450381679
10051,10970,0.409594095940959
12415,10970,0.428571428571429
11361,10970,0.376760563380282
10939,10970,0.377777777777778
100850,10970,0.390804597701149
100854,10970,0.345588235294118
11364,10970,0.376425855513308
101032,10970,0.325
10396,10970,0.392523364485981
30037,10970,0.348122866894198
10850,10970,0.356877323420074
12959,10970,0.351170568561873
100140,10970,0.393822393822394
12967,10970,0.330769230769231
100834,10970,0.445497630331754
101221,10970,0.423076923076923
100835,10970,0.409356725146199
101332,10970,0.328413284132841
101317,10970,0.38996138996139
102391,10970,0.380769230769231
101182,10970,0.374545454545455
102399,10970,0.338345864661654
101503,10970,0.357933579335793
101504,10970,0.363636363636364
101408,10970,0.369230769230769
101410,10970,0.388111888111888
30028,10970,0.823529411764706
100855,10970,0.302491103202847
19907,10970,0.413559322033898
101433,10970,0.364661654135338
100415,10970,0.364705882352941
101448,10970,0.441947565543071
30031,10970,0.694006309148265
101612,10970,0.382239382239382
101281,10970,0.463414634146341
102770,10970,0.363636363636364
101269,10970,0.402298850574713
10929,10970,0.367424242424242
10659,10971,0.413953488372093
11082,10971,0.394160583941606
10839,10971,0.350877192982456
12724,10971,0.373134328358209
12735,10971,0.387453874538745
10250,10971,0.340425531914894
10903,10971,0.361867704280156
30002,10971,0.42443729903537
30001,10971,0.369230769230769
11622,10971,0.41839762611276
11150,10971,0.369230769230769
10782,10971,0.38
10970,10971,0.476510067114094
10971,10971,1
11105,10971,0.352941176470588
10856,10971,0.346504559270517
10531,10971,0.449152542372881
11843,10971,0.389705882352941
30005,10971,0.387832699619772
30043,10971,0.360544217687075
30045,10971,0.372759856630824
10778,10971,0.399267399267399
12037,10971,0.363036303630363
10885,10971,0.372093023255814
100824,10971,0.390243902439024
10051,10971,0.415441176470588
12415,10971,0.414012738853503
11361,10971,0.395759717314488
10939,10971,0.365248226950355
100850,10971,0.33587786259542
100854,10971,0.363295880149813
11364,10971,0.418604651162791
101032,10971,0.308370044052863
10396,10971,0.414473684210526
30037,10971,0.346153846153846
10850,10971,0.347490347490347
12959,10971,0.384353741496599
100140,10971,0.361538461538462
12967,10971,0.32183908045977
100834,10971,0.402214022140221
101221,10971,0.407534246575342
100835,10971,0.367816091954023
101332,10971,0.353159851301115
101317,10971,0.403755868544601
102391,10971,0.36
101182,10971,0.355072463768116
102399,10971,0.411392405063291
101503,10971,0.391111111111111
101504,10971,0.375478927203065
101408,10971,0.366812227074236
101410,10971,0.317567567567568
30028,10971,0.494423791821561
100855,10971,0.336585365853659
19907,10971,0.374613003095975
101433,10971,0.354243542435424
100415,10971,0.361867704280156
101448,10971,0.442176870748299
30031,10971,0.51171875
101612,10971,0.369230769230769
101281,10971,0.41
102770,10971,0.386973180076628
101269,10971,0.343511450381679
10929,10971,0.406716417910448
10659,11105,0.309352517985612
11082,11105,0.425
10839,11105,0.302752293577982
12724,11105,0.338028169014085
12735,11105,0.321678321678322
10250,11105,0.304195804195804
10903,11105,0.364928909952607
30002,11105,0.308243727598566
30001,11105,0.299559471365639
11622,11105,0.329749103942652
11150,11105,0.314487632508834
10782,11105,0.334426229508197
10970,11105,0.394495412844037
10971,11105,0.352941176470588
11105,11105,1
10856,11105,0.306896551724138
10531,11105,0.338815789473684
11843,11105,0.348275862068966
30005,11105,0.26027397260274
30043,11105,0.293103448275862
30045,11105,0.283387622149837
10778,11105,0.32404181184669
12037,11105,0.296666666666667
10885,11105,0.360189573459716
100824,11105,0.267857142857143
10051,11105,0.312280701754386
12415,11105,0.315068493150685
11361,11105,0.3125
10939,11105,0.322033898305085
100850,11105,0.323863636363636
100854,11105,0.284403669724771
11364,11105,0.302158273381295
101032,11105,0.358974358974359
10396,11105,0.319148936170213
30037,11105,0.316109422492401
10850,11105,0.367741935483871
12959,11105,0.309210526315789
100140,11105,0.290748898678414
12967,11105,0.304635761589404
100834,11105,0.418994413407821
101221,11105,0.323529411764706
100835,11105,0.338164251207729
101332,11105,0.308300395256917
101317,11105,0.314285714285714
102391,11105,0.291866028708134
101182,11105,0.298657718120805
102399,11105,0.353535353535354
101503,11105,0.312252964426877
101504,11105,0.320754716981132
101408,11105,0.255395683453237
101410,11105,0.273648648648649
30028,11105,0.391705069124424
100855,11105,0.311926605504587
19907,11105,0.320284697508897
101433,11105,0.334883720930233
100415,11105,0.364928909952607
101448,11105,0.324232081911263
30031,11105,0.358024691358025
101612,11105,0.30952380952381
101281,11105,0.33
102770,11105,0.331797235023041
101269,11105,0.292857142857143
10929,11105,0.329073482428115
10659,10856,0.336633663366337
11082,10856,0.327205882352941
10839,10856,0.306122448979592
12724,10856,0.335820895522388
12735,10856,0.342857142857143
10250,10856,0.673879443585781
10903,10856,0.317880794701987
30002,10856,0.337792642140468
30001,10856,0.328828828828829
11622,10856,0.344481605351171
11150,10856,0.440625
10782,10856,0.309433962264151
10970,10856,0.348909657320872
10971,10856,0.346504559270517
11105,10856,0.306896551724138
10856,10856,1
10531,10856,0.352517985611511
11843,10856,0.339622641509434
30005,10856,0.380769230769231
30043,10856,0.293333333333333
30045,10856,0.365313653136531
10778,10856,0.432601880877743
12037,10856,0.461111111111111
10885,10856,0.336805555555556
100824,10856,0.292592592592593
10051,10856,0.466911764705882
12415,10856,0.328813559322034
11361,10856,0.332155477031802
10939,10856,0.329588014981273
100850,10856,0.317829457364341
100854,10856,0.326996197718631
11364,10856,0.354368932038835
101032,10856,0.289752650176678
10396,10856,0.331103678929766
30037,10856,0.300341296928328
10850,10856,0.325757575757576
12959,10856,0.492354740061162
100140,10856,0.330232558139535
12967,10856,0.320574162679426
100834,10856,0.322222222222222
101221,10856,0.349624060150376
100835,10856,0.352941176470588
101332,10856,0.374429223744292
101317,10856,0.325581395348837
102391,10856,0.319634703196347
101182,10856,0.551587301587302
102399,10856,0.345794392523364
101503,10856,0.356164383561644
101504,10856,0.316602316602317
101408,10856,0.291845493562232
101410,10856,0.296551724137931
30028,10856,0.36
100855,10856,0.306122448979592
19907,10856,0.349090909090909
101433,10856,0.324427480916031
100415,10856,0.321917808219178
101448,10856,0.350180505415162
30031,10856,0.342281879194631
101612,10856,0.330232558139535
101281,10856,0.33955223880597
102770,10856,0.311538461538462
101269,10856,0.329457364341085
10929,10856,0.321428571428571
10659,10531,0.367647058823529
11082,10531,0.414507772020725
10839,10531,0.308243727598566
12724,10531,0.417391304347826
12735,10531,0.362007168458781
10250,10531,0.352517985611511
10903,10531,0.399253731343284
30002,10531,0.3690036900369
30001,10531,0.382899628252788
11622,10531,0.391143911439114
11150,10531,0.350694444444444
10782,10531,0.350649350649351
10970,10531,0.411764705882353
10971,10531,0.449152542372881
11105,10531,0.338815789473684
10856,10531,0.352517985611511
10531,10531,1
11843,10531,0.375
30005,10531,0.32258064516129
30043,10531,0.278571428571429
30045,10531,0.310126582278481
10778,10531,0.354838709677419
12037,10531,0.317518248175182
10885,10531,0.400735294117647
100824,10531,0.353159851301115
10051,10531,0.364963503649635
12415,10531,0.380073800738007
11361,10531,0.369565217391304
10939,10531,0.397321428571429
100850,10531,0.367041198501873
100854,10531,0.347985347985348
11364,10531,0.367857142857143
101032,10531,0.307142857142857
10396,10531,0.372693726937269
30037,10531,0.341296928327645
10850,10531,0.37117903930131
12959,10531,0.334558823529412
100140,10531,0.379182156133829
12967,10531,0.330882352941176
100834,10531,0.366906474820144
101221,10531,0.3584229390681
100835,10531,0.416666666666667
101332,10531,0.367647058823529
101317,10531,0.368029739776952
102391,10531,0.332191780821918
101182,10531,0.330960854092527
102399,10531,0.35981308411215
101503,10531,0.367647058823529
101504,10531,0.361940298507463
101408,10531,0.32398753894081
101410,10531,0.334519572953737
30028,10531,0.407142857142857
100855,10531,0.292237442922374
19907,10531,0.367272727272727
101433,10531,0.357933579335793
100415,10531,0.384328358208955
101448,10531,0.374545454545455
30031,10531,0.452205882352941
101612,10531,0.382899628252788
101281,10531,0.354609929078014
102770,10531,0.353356890459364
101269,10531,0.363295880149813
10929,10531,0.379928315412186
10659,11843,0.303643724696356
11082,11843,0.349442379182156
10839,11843,0.282868525896414
12724,11843,0.840228245363766
12735,11843,0.382252559726962
10250,11843,0.338345864661654
10903,11843,0.283636363636364
30002,11843,0.333333333333333
30001,11843,0.330677290836653
11622,11843,0.336805555555556
11150,11843,0.356877323420074
10782,11843,0.420979020979021
10970,11843,0.373626373626374
10971,11843,0.389705882352941
11105,11843,0.348275862068966
10856,11843,0.339622641509434
10531,11843,0.375
11843,11843,1
30005,11843,0.344827586206897
30043,11843,0.324468085106383
30045,11843,0.316725978647687
10778,11843,0.368029739776952
12037,11843,0.311594202898551
10885,11843,0.287272727272727
100824,11843,0.296296296296296
10051,11843,0.360594795539033
12415,11843,0.326388888888889
11361,11843,0.389285714285714
10939,11843,0.770655270655271
100850,11843,0.33469387755102
100854,11843,0.313008130081301
11364,11843,0.3125
101032,11843,0.297734627831715
10396,11843,0.34375
30037,11843,0.373287671232877
10850,11843,0.433380084151473
12959,11843,0.332089552238806
100140,11843,0.338645418326693
12967,11843,0.338164251207729
100834,11843,0.360594795539033
101221,11843,0.378787878787879
100835,11843,0.377777777777778
101332,11843,0.326923076923077
101317,11843,0.330677290836653
102391,11843,0.342696629213483
101182,11843,0.310077519379845
102399,11843,0.302884615384615
101503,11843,0.341463414634146
101504,11843,0.335849056603774
101408,11843,0.316831683168317
101410,11843,0.330985915492958
30028,11843,0.376383763837638
100855,11843,0.333333333333333
19907,11843,0.351851851851852
101433,11843,0.333333333333333
100415,11843,0.302681992337165
101448,11843,0.396946564885496
30031,11843,0.396887159533074
101612,11843,0.338645418326693
101281,11843,0.363076923076923
102770,11843,0.337121212121212
101269,11843,0.33587786259542
10929,11843,0.796633941093969
10659,30005,0.318996415770609
11082,30005,0.296819787985866
10839,30005,0.266009852216749
12724,30005,0.302238805970149
12735,30005,0.327137546468401
10250,30005,0.37037037037037
10903,30005,0.32129963898917
30002,30005,0.351648351648352
30001,30005,0.298449612403101
11622,30005,0.362637362637363
11150,30005,0.485714285714286
10782,30005,0.321033210332103
10970,30005,0.364705882352941
10971,30005,0.387832699619772
11105,30005,0.26027397260274
10856,30005,0.380769230769231
10531,30005,0.32258064516129
11843,30005,0.344827586206897
30005,30005,1
30043,30005,0.26027397260274
30045,30005,0.596875
10778,30005,0.466192170818505
12037,30005,0.389090909090909
10885,30005,0.310469314079422
100824,30005,0.267123287671233
10051,30005,0.481060606060606
12415,30005,0.36046511627907
11361,30005,0.334532374100719
10939,30005,0.296819787985866
100850,30005,0.303482587064677
100854,30005,0.284644194756554
11364,30005,0.301694915254237
101032,30005,0.266917293233083
10396,30005,0.32967032967033
30037,30005,0.28476821192053
10850,30005,0.296636085626911
12959,30005,0.397727272727273
100140,30005,0.301115241635688
12967,30005,0.295566502463054
100834,30005,0.286764705882353
101221,30005,0.320610687022901
100835,30005,0.267175572519084
101332,30005,0.314606741573034
101317,30005,0.298449612403101
102391,30005,0.25
101182,30005,0.397810218978102
102399,30005,0.277511961722488
101503,30005,0.343629343629344
101504,30005,0.3046875
101408,30005,0.233082706766917
101410,30005,0.29277566539924
30028,30005,0.352713178294574
100855,30005,0.25
19907,30005,0.286245353159851
101433,30005,0.296153846153846
100415,30005,0.316901408450704
101448,30005,0.34469696969697
30031,30005,0.36078431372549
101612,30005,0.301158301158301
101281,30005,0.315589353612167
102770,30005,0.305147058823529
101269,30005,0.290697674418605
10929,30005,0.339901477832512
10659,30043,0.286792452830189
11082,30043,0.276470588235294
10839,30043,0.612781954887218
12724,30043,0.3
12735,30043,0.322784810126582
10250,30043,0.293333333333333
10903,30043,0.311787072243346
30002,30043,0.292682926829268
30001,30043,0.320284697508897
11622,30043,0.302439024390244
11150,30043,0.28158844765343
10782,30043,0.326666666666667
10970,30043,0.282142857142857
10971,30043,0.360544217687075
11105,30043,0.293103448275862
10856,30043,0.293333333333333
10531,30043,0.278571428571429
11843,30043,0.324468085106383
30005,30043,0.26027397260274
30043,30043,1
30045,30043,0.287804878048781
10778,30043,0.280542986425339
12037,30043,0.276315789473684
10885,30043,0.304182509505703
100824,30043,0.353211009174312
10051,30043,0.288990825688073
12415,30043,0.31219512195122
11361,30043,0.293103448275862
10939,30043,0.284090909090909
100850,30043,0.334532374100719
100854,30043,0.333333333333333
11364,30043,0.294339622641509
101032,30043,0.254480286738351
10396,30043,0.307317073170732
30037,30043,0.307692307692308
10850,30043,0.342281879194631
12959,30043,0.312925170068027
100140,30043,0.313167259786477
12967,30043,0.346774193548387
100834,30043,0.272189349112426
101221,30043,0.301369863013699
100835,30043,0.320754716981132
101332,30043,0.316793893129771
101317,30043,0.316725978647687
102391,30043,0.316176470588235
101182,30043,0.298013245033113
102399,30043,0.347169811320755
101503,30043,0.343511450381679
101504,30043,0.32824427480916
101408,30043,0.317689530685921
101410,30043,0.291814946619217
30028,30043,0.274368231046931
100855,30043,0.64
19907,30043,0.308510638297872
101433,30043,0.338403041825095
100415,30043,0.315589353612167
101448,30043,0.292358803986711
30031,30043,0.3
101612,30043,0.333333333333333
101281,30043,0.276315789473684
102770,30043,0.304182509505703
101269,30043,0.342960288808664
10929,30043,0.301158301158301
10659,30045,0.32824427480916
11082,30045,0.294117647058824
10839,30045,0.287128712871287
12724,30045,0.334558823529412
12735,30045,0.347670250896057
10250,30045,0.3690036900369
10903,30045,0.32319391634981
30002,30045,0.333333333333333
30001,30045,0.313953488372093
11622,30045,0.352941176470588
11150,30045,0.447457627118644
10782,30045,0.337704918032787
10970,30045,0.38671875
10971,30045,0.372759856630824
11105,30045,0.283387622149837
10856,30045,0.365313653136531
10531,30045,0.310126582278481
11843,30045,0.316725978647687
30005,30045,0.596875
30043,30045,0.287804878048781
30045,30045,1
10778,30045,0.441696113074205
12037,30045,0.395189003436426
10885,30045,0.311787072243346
100824,30045,0.311284046692607
10051,30045,0.448028673835125
12415,30045,0.33969465648855
11361,30045,0.34
10939,30045,0.342205323193916
100850,30045,0.315
100854,30045,0.307692307692308
11364,30045,0.33969465648855
101032,30045,0.264150943396226
10396,30045,0.315789473684211
30037,30045,0.291525423728814
10850,30045,0.32404181184669
12959,30045,0.411764705882353
100140,30045,0.310077519379845
12967,30045,0.315270935960591
100834,30045,0.293375394321767
101221,30045,0.341818181818182
100835,30045,0.305343511450382
101332,30045,0.326848249027237
101317,30045,0.321705426356589
102391,30045,0.252830188679245
101182,30045,0.406716417910448
102399,30045,0.286792452830189
101503,30045,0.361867704280156
101504,30045,0.339622641509434
101408,30045,0.248366013071895
101410,30045,0.279883381924198
30028,30045,0.38671875
100855,30045,0.326388888888889
19907,30045,0.318181818181818
101433,30045,0.310077519379845
100415,30045,0.320754716981132
101448,30045,0.351145038167939
30031,30045,0.380392156862745
101612,30045,0.309433962264151
101281,30045,0.300724637681159
102770,30045,0.332191780821918
101269,30045,0.287162162162162
10929,30045,0.321167883211679
10659,10778,0.342205323193916
11082,10778,0.364077669902913
10839,10778,0.336363636363636
12724,10778,0.364963503649635
12735,10778,0.372759856630824
10250,10778,0.432601880877743
10903,10778,0.346153846153846
30002,10778,0.366666666666667
30001,10778,0.348484848484849
11622,10778,0.354651162790698
11150,10778,0.725609756097561
10782,10778,0.318352059925094
10970,10778,0.35126582278481
10971,10778,0.399267399267399
11105,10778,0.32404181184669
10856,10778,0.432601880877743
10531,10778,0.354838709677419
11843,10778,0.368029739776952
30005,10778,0.466192170818505
30043,10778,0.280542986425339
30045,10778,0.441696113074205
10778,10778,1
12037,10778,0.39672131147541
10885,10778,0.342307692307692
100824,10778,0.303571428571429
10051,10778,0.784172661870504
12415,10778,0.377224199288256
11361,10778,0.384892086330935
10939,10778,0.339416058394161
100850,10778,0.338403041825095
100854,10778,0.322097378277154
