Var1,Var2,Freq
10659,10659,1
11082,10659,0.0980059831301438
10839,10659,0.104336924440815
12724,10659,0.0864828461076202
12735,10659,0.152793728710867
10250,10659,0.0449588995282388
10903,10659,0.0844957446327883
30002,10659,0.128473750142611
30001,10659,0.195811763028517
11622,10659,0.140439289819103
11150,10659,0.0763240497276102
10782,10659,0.0805363736094967
10970,10659,0.177354748718436
10971,10659,0.14387470663689
11105,10659,0.0651578236100084
10856,10659,0.0472103579649756
10531,10659,0.131896960387949
11843,10659,0.0860545532422497
30005,10659,0.117105506648199
30043,10659,0.117794596635826
30045,10659,0.118060759512157
10778,10659,0.136850018170165
12037,10659,0.0930741890133533
10885,10659,0.080119554536979
100824,10659,0.203996778211469
10051,10659,0.135684397185342
12415,10659,0.142563970607312
11361,10659,0.14494593005918
10939,10659,0.0898738715579224
100850,10659,0.207080032894371
100854,10659,0.196017926330913
11364,10659,0.745184801701949
101032,10659,0.150453974856714
10396,10659,0.124023224722998
30037,10659,0.0792385615198697
10850,10659,0.0831364332485787
12959,10659,0.0813622515976821
100140,10659,0.200082314099524
12967,10659,0.136789604088729
100834,10659,0.0961339228275658
101221,10659,0.104914193175299
100835,10659,0.0445504319302537
101332,10659,0.193540732451385
101317,10659,0.190676978760922
102391,10659,0.170639431749461
101182,10659,0.120760659982
102399,10659,0.0677964516899862
101503,10659,0.193539670452875
101504,10659,0.193215249301869
101408,10659,0.171485455600475
101410,10659,0.129755361458476
30028,10659,0.177768630512873
100855,10659,0.114896581327172
19907,10659,0.122778402937508
101433,10659,0.202917522775782
100415,10659,0.0882451640910083
101448,10659,0.120560737429133
30031,10659,0.150205059647134
101612,10659,0.194326717708663
101281,10659,0.110226849394208
102770,10659,0.152946499473087
101269,10659,0.202182398274285
10929,10659,0.0902376213427459
10659,11082,0.0980059831301438
11082,11082,1
10839,11082,0.0680996890478847
12724,11082,0.151187113974308
12735,11082,0.152006336625456
10250,11082,0.0791202991153833
10903,11082,0.0829401673623837
30002,11082,0.145905192427376
30001,11082,0.0827403361063422
11622,11082,0.154596563983807
11150,11082,0.0807762475284746
10782,11082,0.130665589700576
10970,11082,0.223609351782198
10971,11082,0.192987124662195
11105,11082,0.271333658842233
10856,11082,0.0775106751589598
10531,11082,0.14573249582692
11843,11082,0.146048096628564
30005,11082,0.143050801623069
30043,11082,0.0652982130904991
30045,11082,0.151386996872561
10778,11082,0.151193200090154
12037,11082,0.114826419541624
10885,11082,0.0852717799926066
100824,11082,0.116053047608216
10051,11082,0.148364657554463
12415,11082,0.15686231177494
11361,11082,0.150330898261508
10939,11082,0.139934984268259
100850,11082,0.0949720438822445
100854,11082,0.0964362687173679
11364,11082,0.0931869547394408
101032,11082,0.0576091107392367
10396,11082,0.134112311285948
30037,11082,0.130138359110832
10850,11082,0.145672651319199
12959,11082,0.0949331099365636
100140,11082,0.0843226049515884
12967,11082,0.0772145507747594
100834,11082,0.656234418582531
101221,11082,0.127227420138572
100835,11082,0.10220041191934
101332,11082,0.0842676274746817
101317,11082,0.0884396692221401
102391,11082,0.096792330819316
101182,11082,0.143315718517545
102399,11082,0.0351286855015929
101503,11082,0.089875334533874
101504,11082,0.0795129803842541
101408,11082,0.0988091159566946
101410,11082,0.15645862977875
30028,11082,0.219592154185614
100855,11082,0.0696487829656773
19907,11082,0.147546429808
101433,11082,0.0888710211039627
100415,11082,0.085750255416899
101448,11082,0.12801689463687
30031,11082,0.197328189478745
101612,11082,0.0818969688682014
101281,11082,0.131423388552095
102770,11082,0.0726063187826375
101269,11082,0.0995067737878659
10929,11082,0.17000126855812
10659,10839,0.104336924440815
11082,10839,0.0680996890478847
10839,10839,1
12724,10839,0.0654093588453409
12735,10839,0.0864929747543026
10250,10839,0.0320134538706804
10903,10839,0.0710404531852122
30002,10839,0.0606206406189073
30001,10839,0.0961849391626859
11622,10839,0.0680569660948462
11150,10839,0.0527126525415726
10782,10839,0.0581277583392019
10970,10839,0.0865159796400709
10971,10839,0.0807936374090763
11105,10839,0.044606741887411
10856,10839,0.0321550358229208
10531,10839,0.0853732568553052
11843,10839,0.064724204660097
30005,10839,0.0523151268968766
30043,10839,0.447313124666732
30045,10839,0.0731616618764058
10778,10839,0.109797844073528
12037,10839,0.0505408230704336
10885,10839,0.0663634007299922
100824,10839,0.106909407527249
10051,10839,0.0999798970728107
12415,10839,0.0751763269804111
11361,10839,0.0926502500730242
10939,10839,0.0626388610779442
100850,10839,0.103132216592125
100854,10839,0.100346368789852
11364,10839,0.0998966551324529
101032,10839,0.0755349488931713
10396,10839,0.0641101889357972
30037,10839,0.0460368870876188
10850,10839,0.0525649904203551
12959,10839,0.0485231218433608
100140,10839,0.0963571751106925
12967,10839,0.0761057250733753
100834,10839,0.0660422049145961
101221,10839,0.0623707970419104
100835,10839,0.0257613062451641
101332,10839,0.123454529320743
101317,10839,0.0969046879235047
102391,10839,0.123775358711088
101182,10839,0.077482495205895
102399,10839,0.0871758194181213
101503,10839,0.122020379229149
101504,10839,0.0967371741977269
101408,10839,0.103323873918483
101410,10839,0.0601920746456827
30028,10839,0.0921774844604895
100855,10839,0.575631623364965
19907,10839,0.0901275013642418
101433,10839,0.104224970316674
100415,10839,0.0669838662019457
101448,10839,0.0667634280378874
30031,10839,0.0789211343796398
101612,10839,0.0922436254048391
101281,10839,0.0668734139029911
102770,10839,0.0722293225190015
101269,10839,0.1046673230387
10929,10839,0.061021062897164
10659,12724,0.0864828461076202
11082,12724,0.151187113974308
10839,12724,0.0654093588453409
12724,12724,1
12735,12724,0.133321831522919
10250,12724,0.0588656516729425
10903,12724,0.0680412790035942
30002,12724,0.13257792613492
30001,12724,0.0912019289538283
11622,12724,0.140960077445508
11150,12724,0.0737070115651025
10782,12724,0.326983019251171
10970,12724,0.169549632010547
10971,12724,0.149401941070235
11105,12724,0.106658085481619
10856,12724,0.0591259895270656
10531,12724,0.117518361336493
11843,12724,0.802043778900446
30005,12724,0.106505271003736
30043,12724,0.0863490771013692
30045,12724,0.114068641567098
10778,12724,0.148833775472642
12037,12724,0.0883745160274823
10885,12724,0.068189949430848
100824,12724,0.105355394626106
10051,12724,0.133910713899744
12415,12724,0.142925778196684
11361,12724,0.136566077689848
10939,12724,0.763118753179835
100850,12724,0.0940414507772021
100854,12724,0.0943070475124591
11364,12724,0.0908043052494191
101032,12724,0.0669771003712864
10396,12724,0.119029036470339
30037,12724,0.122567701599154
10850,12724,0.333717443853148
12959,12724,0.07534596540754
100140,12724,0.0928130216762702
12967,12724,0.0880166078362984
100834,12724,0.147245392025686
101221,12724,0.122718457554319
100835,12724,0.0702730714978854
101332,12724,0.0987220659668352
101317,12724,0.0943280328929758
102391,12724,0.0926549873307629
101182,12724,0.106335833656748
102399,12724,0.0403515509111931
101503,12724,0.101147832251739
101504,12724,0.0751912020598948
101408,12724,0.088709105256969
101410,12724,0.108890670419473
30028,12724,0.171962220670594
100855,12724,0.0738246347339424
19907,12724,0.119658601435413
101433,12724,0.0800335007196519
100415,12724,0.0704831363867765
101448,12724,0.134745565814392
30031,12724,0.152190815805917
101612,12724,0.0891387685632955
101281,12724,0.128538667229035
102770,12724,0.0647249061894845
101269,12724,0.0929165025537271
10929,12724,0.792370889810099
10659,12735,0.152793728710867
11082,12735,0.152006336625456
10839,12735,0.0864929747543026
12724,12735,0.133321831522919
12735,12735,1
10250,12735,0.064616266502158
10903,12735,0.0892402304934056
30002,12735,0.188102903237817
30001,12735,0.11982883286257
11622,12735,0.20074155607076
11150,12735,0.102288480492825
10782,12735,0.103940656963884
10970,12735,0.236617084240264
10971,12735,0.189763896197971
11105,12735,0.127630746123806
10856,12735,0.0675068009132859
10531,12735,0.167265211974044
11843,12735,0.140353277989087
30005,12735,0.146549445240645
30043,12735,0.0960740985289535
30045,12735,0.166393620651
10778,12735,0.207444202721211
12037,12735,0.106327593998404
10885,12735,0.0872161577801004
100824,12735,0.132033755111962
10051,12735,0.193910214663163
12415,12735,0.201066027404589
11361,12735,0.632637672980175
10939,12735,0.126008040352385
100850,12735,0.127056053540119
100854,12735,0.119349476405382
11364,12735,0.150718518037887
101032,12735,0.0809498593005518
10396,12735,0.17195713407302
30037,12735,0.143721053463648
10850,12735,0.114443206633325
12959,12735,0.102558537074558
100140,12735,0.126793540752359
12967,12735,0.106653083413631
100834,12735,0.155315405325899
101221,12735,0.146037440457092
100835,12735,0.0781736302649874
101332,12735,0.141492285201602
101317,12735,0.124678431931627
102391,12735,0.128996807368526
101182,12735,0.141436116526349
102399,12735,0.0632985225986148
101503,12735,0.128002395305989
101504,12735,0.119061744812047
101408,12735,0.119194989787174
101410,12735,0.138323868898053
30028,12735,0.217952690759058
100855,12735,0.0897978533271132
19907,12735,0.167194750245696
101433,12735,0.134253310104703
100415,12735,0.0927986397870452
101448,12735,0.153597732141227
30031,12735,0.186373281551596
101612,12735,0.122808792877261
101281,12735,0.138380141643511
102770,12735,0.0973090991606759
101269,12735,0.132946575155635
10929,12735,0.132169339472558
10659,10250,0.0449588995282388
11082,10250,0.0791202991153833
10839,10250,0.0320134538706804
12724,10250,0.0588656516729425
12735,10250,0.064616266502158
10250,10250,1
10903,10250,0.051035959702323
30002,10250,0.0793613677033321
30001,10250,0.041249695407404
11622,10250,0.0847947961174112
11150,10250,0.0777672706398705
10782,10250,0.0428114106652439
10970,10250,0.126944949137928
10971,10250,0.102088353736109
11105,10250,0.0408565883874359
10856,10250,0.636151013821933
10531,10250,0.0675051063140242
11843,10250,0.0588651079523818
30005,10250,0.110428852060388
30043,10250,0.0354149357153813
30045,10250,0.111530569935675
10778,10250,0.148712646274221
12037,10250,0.14128628795892
10885,10250,0.0516444798840261
100824,10250,0.0568119440329627
10051,10250,0.131890743107275
12415,10250,0.0843645798435839
11361,10250,0.0672496885480557
10939,10250,0.0539020333500558
100850,10250,0.0463205127918236
100854,10250,0.0503785417756991
11364,10250,0.0486359178083242
101032,10250,0.0509836902834393
10396,10250,0.0678362167953615
30037,10250,0.0474319227289339
10850,10250,0.0487026776687974
12959,10250,0.12036962102886
100140,10250,0.0426937473406289
12967,10250,0.0453038338134598
100834,10250,0.068008040771556
101221,10250,0.0600305326852684
100835,10250,0.0304375653341588
101332,10250,0.0583947804728021
101317,10250,0.040260730987698
102391,10250,0.0457407013777362
101182,10250,0.167373363083672
102399,10250,0.0252909169927477
101503,10250,0.0547933819886449
101504,10250,0.0397861221292582
101408,10250,0.0480179332651118
101410,10250,0.0619684004761355
30028,10250,0.12559787587913
100855,10250,0.0366656568303466
19907,10250,0.0731014475950161
101433,10250,0.0437492790400383
100415,10250,0.0512463053093146
101448,10250,0.0654826428208854
30031,10250,0.0986696250408983
101612,10250,0.0413097271511611
101281,10250,0.0647463126587731
102770,10250,0.0341798352252876
101269,10250,0.0475509442108641
10929,10250,0.0592949492796709
10659,10903,0.0844957446327883
11082,10903,0.0829401673623837
10839,10903,0.0710404531852122
12724,10903,0.0680412790035942
12735,10903,0.0892402304934056
10250,10903,0.051035959702323
10903,10903,1
30002,10903,0.0996981544047774
30001,10903,0.0665788524472997
11622,10903,0.108703484676259
11150,10903,0.0587284357870611
10782,10903,0.0631820908987956
10970,10903,0.134695516346553
10971,10903,0.116338296328604
11105,10903,0.067127738879155
10856,10903,0.0538681957444229
10531,10903,0.120001983300944
11843,10903,0.0660795343801454
30005,10903,0.121715020165941
30043,10903,0.0724983170168468
30045,10903,0.120697416600672
10778,10903,0.118809351451943
12037,10903,0.088277932632218
10885,10903,0.653670853525176
100824,10903,0.100794902854807
10051,10903,0.107399633350822
12415,10903,0.107479704340637
11361,10903,0.0961375125391408
10939,10903,0.0648941494907894
100850,10903,0.0687379473892965
100854,10903,0.0776541985027076
11364,10903,0.0885770882715106
101032,10903,0.0594335462778692
10396,10903,0.0874949629398041
30037,10903,0.0547879050292218
10850,10903,0.0714358540541245
12959,10903,0.0767784263040794
100140,10903,0.0688276696806745
12967,10903,0.0599612077731107
100834,10903,0.0819344698166791
101221,10903,0.0914780621261688
100835,10903,0.0360369262192517
101332,10903,0.0730062996836283
101317,10903,0.0707678218269931
102391,10903,0.0947283443726852
101182,10903,0.120350143267339
102399,10903,0.0399777251848214
101503,10903,0.0778579966063617
101504,10903,0.0601414393446563
101408,10903,0.0900317203154954
101410,10903,0.0908758719482992
30028,10903,0.140218766215989
100855,10903,0.0780167540559392
19907,10903,0.0969900420468774
101433,10903,0.0685820448964781
100415,10903,0.640489235970238
101448,10903,0.108407898055582
30031,10903,0.119727961152301
101612,10903,0.0668477631157773
101281,10903,0.085304489971536
102770,10903,0.0537728831223091
101269,10903,0.0724834998296871
10929,10903,0.0693282319590981
10659,30002,0.128473750142611
11082,30002,0.145905192427376
10839,30002,0.0606206406189073
12724,30002,0.13257792613492
12735,30002,0.188102903237817
10250,30002,0.0793613677033321
10903,30002,0.0996981544047774
30002,30002,1
30001,30002,0.114825496388994
11622,30002,0.694180357136469
11150,30002,0.098234840744424
10782,30002,0.110119663237682
10970,30002,0.244511921659394
10971,30002,0.221570914106981
11105,30002,0.111716001766115
10856,30002,0.0800822443246969
10531,30002,0.146678132405252
11843,30002,0.138374915590432
30005,30002,0.17347202839391
30043,30002,0.076938705711702
30045,30002,0.17532104070561
10778,30002,0.201759225026652
12037,30002,0.127296761250337
10885,30002,0.0976516904601022
100824,30002,0.127962047544587
10051,30002,0.185968245625944
12415,30002,0.672088898816547
11361,30002,0.18336164228988
10939,30002,0.129780890951618
100850,30002,0.129611977004385
100854,30002,0.112362071021249
11364,30002,0.120944469585441
101032,30002,0.0924773784460997
10396,30002,0.600027637478571
30037,30002,0.128039549485263
10850,30002,0.120319928111852
12959,30002,0.118010844858704
100140,30002,0.116024988292752
12967,30002,0.11908753249912
100834,30002,0.151880215994748
101221,30002,0.162109623644727
100835,30002,0.0714718207977907
101332,30002,0.115534198539243
101317,30002,0.113274268575731
102391,30002,0.122691067301528
101182,30002,0.166008076260379
102399,30002,0.0501753956042836
101503,30002,0.112591990480761
101504,30002,0.0927049051644649
101408,30002,0.123381818253506
101410,30002,0.1472326918632
30028,30002,0.246090053460969
100855,30002,0.0765115773835298
19907,30002,0.177798012677075
101433,30002,0.107474276016698
100415,30002,0.100460160935487
101448,30002,0.162799434583338
30031,30002,0.200335358906623
101612,30002,0.111250057681029
101281,30002,0.163575567065548
102770,30002,0.0847188118734994
101269,30002,0.125926242150449
10929,30002,0.134007545406267
10659,30001,0.195811763028517
11082,30001,0.0827403361063422
10839,30001,0.0961849391626859
12724,30001,0.0912019289538283
12735,30001,0.11982883286257
10250,30001,0.041249695407404
10903,30001,0.0665788524472997
30002,30001,0.114825496388994
30001,30001,1
11622,30001,0.124659971274837
11150,30001,0.0671582650259532
10782,30001,0.082880557833972
10970,30001,0.141214123119365
10971,30001,0.116682372755089
11105,30001,0.0518472660461034
10856,30001,0.0437951743194867
10531,30001,0.10721727204928
11843,30001,0.0929723048806999
30005,30001,0.100649436503331
30043,30001,0.122688942991788
30045,30001,0.105454310743897
10778,30001,0.126365237109519
12037,30001,0.0777318189952684
10885,30001,0.0646692674717717
100824,30001,0.212066553444216
10051,30001,0.124695715636585
12415,30001,0.130335718628458
11361,30001,0.129690014818664
10939,30001,0.0914518683217566
100850,30001,0.175835297927602
100854,30001,0.166020391178585
11364,30001,0.192148597780418
101032,30001,0.117172476256039
10396,30001,0.108406764124688
30037,30001,0.0754563469139227
10850,30001,0.0794156307104177
12959,30001,0.0686890721214595
100140,30001,0.540282326363365
12967,30001,0.132025076268354
100834,30001,0.0874029395153285
101221,30001,0.091309297723773
100835,30001,0.0487669993009119
101332,30001,0.169812472922539
101317,30001,0.407690927316254
102391,30001,0.15748649231777
101182,30001,0.104743859495616
102399,30001,0.0675915678803858
101503,30001,0.174869262480957
101504,30001,0.200346038441956
101408,30001,0.163362796658155
101410,30001,0.101305643163539
30028,30001,0.145851385802346
100855,30001,0.104957046627772
19907,30001,0.106447220128585
101433,30001,0.218433289950972
100415,30001,0.0673497418300446
101448,30001,0.108513515429514
30031,30001,0.114284437351222
101612,30001,0.603586235483928
101281,30001,0.0902608362810354
102770,30001,0.184159297830773
101269,30001,0.172894014278375
10929,30001,0.0946580245066213
10659,11622,0.140439289819103
11082,11622,0.154596563983807
10839,11622,0.0680569660948462
12724,11622,0.140960077445508
12735,11622,0.20074155607076
10250,11622,0.0847947961174112
10903,11622,0.108703484676259
30002,11622,0.694180357136469
30001,11622,0.124659971274837
11622,11622,1
11150,11622,0.107112187494792
10782,11622,0.117578452082091
10970,11622,0.252397862120861
10971,11622,0.242561599709619
11105,11622,0.128285810401015
10856,11622,0.0875085666179715
10531,11622,0.159318930816354
11843,11622,0.147075770138713
30005,11622,0.183686963891321
30043,11622,0.0872055343127623
30045,11622,0.183910636047807
10778,11622,0.225566040496207
12037,11622,0.141461594188044
10885,11622,0.106862682479916
100824,11622,0.129549635858884
10051,11622,0.203260523263613
12415,11622,0.861773437437641
11361,11622,0.196244621330578
10939,11622,0.136451553582121
100850,11622,0.13783457683696
100854,11622,0.124029178206485
11364,11622,0.132820715535601
101032,11622,0.0970460936835826
10396,11622,0.508330659687701
30037,11622,0.143948667397909
10850,11622,0.128294747850338
12959,11622,0.122878702119876
100140,11622,0.126321239708426
12967,11622,0.120474024792237
100834,11622,0.159621432448254
101221,11622,0.166520984254292
100835,11622,0.0816258495012823
101332,11622,0.124726856583645
101317,11622,0.1240064355304
102391,11622,0.128842233008373
101182,11622,0.183577314934666
102399,11622,0.0498464933086374
101503,11622,0.121015025551963
101504,11622,0.0982501501578149
101408,11622,0.123827685847733
101410,11622,0.149112968405576
30028,11622,0.25932832223291
100855,11622,0.0834400586504034
19907,11622,0.204255896345798
101433,11622,0.11113034728342
100415,11622,0.10957388851757
101448,11622,0.173888978347429
30031,11622,0.218859520634445
101612,11622,0.121172804845586
101281,11622,0.167342170642552
102770,11622,0.0904665596850195
101269,11622,0.13875974743173
10929,11622,0.138085217916251
10659,11150,0.0763240497276102
11082,11150,0.0807762475284746
10839,11150,0.0527126525415726
12724,11150,0.0737070115651025
12735,11150,0.102288480492825
10250,11150,0.0777672706398705
10903,11150,0.0587284357870611
30002,11150,0.098234840744424
30001,11150,0.0671582650259532
11622,11150,0.107112187494792
11150,11150,1
10782,11150,0.0608789603740235
10970,11150,0.139851020176411
10971,11150,0.120961786090586
11105,11150,0.0607910038662196
10856,11150,0.0781112023518963
10531,11150,0.0837790927241426
11843,11150,0.0754213590193453
30005,11150,0.168027317035106
30043,11150,0.0494059228934131
30045,11150,0.155636350686956
10778,11150,0.343135836840499
12037,11150,0.11806435810868
10885,11150,0.0592612714181224
100824,11150,0.0667168909810989
10051,11150,0.295378880581528
12415,11150,0.108888572909008
11361,11150,0.105565550580317
10939,11150,0.0681170470618517
100850,11150,0.0664479876988424
100854,11150,0.0669677249099253
11364,11150,0.0786705708577326
101032,11150,0.0577925807165371
10396,11150,0.0888288751011646
30037,11150,0.0600300544520983
10850,11150,0.0633400342662082
12959,11150,0.104562808990217
100140,11150,0.0663106983213916
12967,11150,0.0528884319259242
100834,11150,0.077170130806291
101221,11150,0.0821190180427183
100835,11150,0.0340501790814361
101332,11150,0.0778233196256582
101317,11150,0.0664815418260599
102391,11150,0.0692420855033777
101182,11150,0.153309960791706
102399,11150,0.034123217505389
101503,11150,0.0807225127516104
101504,11150,0.0631637906416459
101408,11150,0.0637336983884508
101410,11150,0.0847527306943821
30028,11150,0.141197144463581
100855,11150,0.0527606858000508
19907,11150,0.103803704423802
101433,11150,0.0674457281008537
100415,11150,0.0618544946031179
101448,11150,0.103157052828985
30031,11150,0.114417565205648
101612,11150,0.0644031953136833
101281,11150,0.0884157822865864
102770,11150,0.0547250053301369
101269,11150,0.0696433024248046
10929,11150,0.0723493036118131
10659,10782,0.0805363736094967
11082,10782,0.130665589700576
10839,10782,0.0581277583392019
12724,10782,0.326983019251171
12735,10782,0.103940656963884
10250,10782,0.0428114106652439
10903,10782,0.0631820908987956
30002,10782,0.110119663237682
30001,10782,0.082880557833972
11622,10782,0.117578452082091
11150,10782,0.0608789603740235
10782,10782,1
10970,10782,0.133657063012435
10971,10782,0.133901509069617
11105,10782,0.107309250949674
10856,10782,0.045539536923522
10531,10782,0.0889517642985665
11843,10782,0.326729734266517
30005,10782,0.112520544988046
30043,10782,0.0660090146793303
30045,10782,0.120949088280406
10778,10782,0.11782293378109
12037,10782,0.0797115618206082
10885,10782,0.0619140246919221
100824,10782,0.0961854893189028
10051,10782,0.115377161600334
12415,10782,0.121855221830971
11361,10782,0.0972676938172606
10939,10782,0.313536246620067
100850,10782,0.0758295250870421
100854,10782,0.0780895788306096
11364,10782,0.0801543476610077
101032,10782,0.0578523081352761
10396,10782,0.0985370369022048
30037,10782,0.125497946345707
10850,10782,0.629884207833265
12959,10782,0.0679798358170637
100140,10782,0.0830369889849847
12967,10782,0.0760775775857919
100834,10782,0.143230202152157
101221,10782,0.0809425180169416
100835,10782,0.0773707657963453
101332,10782,0.0880782878570432
101317,10782,0.0828320164190048
102391,10782,0.0782154600169773
101182,10782,0.0886202780538205
102399,10782,0.0333761308840367
101503,10782,0.0905429525198566
101504,10782,0.0620377003175238
101408,10782,0.0759704440405698
101410,10782,0.10572537809769
30028,10782,0.138388523508184
100855,10782,0.0644976345478598
19907,10782,0.105965661219005
101433,10782,0.0739137537350674
100415,10782,0.0627252062438419
101448,10782,0.102516987756638
30031,10782,0.125832369787225
101612,10782,0.079908442131201
101281,10782,0.0893761569941093
102770,10782,0.056402707453926
101269,10782,0.0757249303105562
10929,10782,0.330891626289544
10659,10970,0.177354748718436
11082,10970,0.223609351782198
10839,10970,0.0865159796400709
12724,10970,0.169549632010547
12735,10970,0.236617084240264
10250,10970,0.126944949137928
10903,10970,0.134695516346553
30002,10970,0.244511921659394
30001,10970,0.141214123119365
11622,10970,0.252397862120861
11150,10970,0.139851020176411
10782,10970,0.133657063012435
10970,10970,1
10971,10970,0.31404680625702
11105,10970,0.151614367633581
10856,10970,0.125237576229704
10531,10970,0.222896643130492
11843,10970,0.170845484878378
30005,10970,0.198924061283825
30043,10970,0.0943826382582095
30045,10970,0.207722056249817
10778,10970,0.257382422410298
12037,10970,0.183739302537053
10885,10970,0.131968412222806
100824,10970,0.182109099986118
10051,10970,0.243215008265768
12415,10970,0.263147287627137
11361,10970,0.224432235809559
10939,10970,0.167527575200823
100850,10970,0.154632175116916
100854,10970,0.162863705926832
11364,10970,0.175871595674192
101032,10970,0.121952641286629
10396,10970,0.216289269086383
30037,10970,0.144284611417105
10850,10970,0.147949232620193
12959,10970,0.15648608259707
100140,10970,0.144146203914735
12967,10970,0.148784663219599
100834,10970,0.220781093678805
101221,10970,0.233262024026917
100835,10970,0.0954799209262653
101332,10970,0.147890813688474
101317,10970,0.142556290049337
102391,10970,0.184999670737756
101182,10970,0.237335896410464
102399,10970,0.0702282665717556
101503,10970,0.15385952049781
101504,10970,0.132569027207847
101408,10970,0.185333348820999
101410,10970,0.215330598388432
30028,10970,0.715390954017887
100855,10970,0.0993155686090048
19907,10970,0.246266827653861
101433,10970,0.146686798451859
100415,10970,0.137852705305862
101448,10970,0.226855214272972
30031,10970,0.515862985606827
101612,10970,0.13894174160653
101281,10970,0.233983897578938
102770,10970,0.111409411083946
101269,10970,0.159061806889484
10929,10970,0.167670932204727
10659,10971,0.14387470663689
11082,10971,0.192987124662195
10839,10971,0.0807936374090763
12724,10971,0.149401941070235
12735,10971,0.189763896197971
10250,10971,0.102088353736109
10903,10971,0.116338296328604
30002,10971,0.221570914106981
30001,10971,0.116682372755089
11622,10971,0.242561599709619
11150,10971,0.120961786090586
10782,10971,0.133901509069617
10970,10971,0.31404680625702
10971,10971,1
11105,10971,0.13500167916356
10856,10971,0.102335990746054
10531,10971,0.186900388956934
11843,10971,0.160082807195786
30005,10971,0.187051192203131
30043,10971,0.0897354735656855
30045,10971,0.188403788080136
10778,10971,0.23173117655548
12037,10971,0.158169483363565
10885,10971,0.116211009641305
100824,10971,0.143175532203983
10051,10971,0.216840168067607
12415,10971,0.239268253942909
11361,10971,0.191732505688894
10939,10971,0.144350198931832
100850,10971,0.110825509896739
100854,10971,0.13042306459457
11364,10971,0.145667262735567
101032,10971,0.0751750760828052
10396,10971,0.19639373734746
30037,10971,0.130053276729853
10850,10971,0.129164532529325
12959,10971,0.139986903083246
100140,10971,0.118426374251611
12967,10971,0.102183270515074
100834,10971,0.192991051200948
101221,10971,0.171600822542595
100835,10971,0.0804289561339152
101332,10971,0.127346466138379
101317,10971,0.118062824290918
102391,10971,0.131948093156154
101182,10971,0.186595251320598
102399,10971,0.0628580632918826
101503,10971,0.126932013982357
101504,10971,0.116196777400231
101408,10971,0.136921575748008
101410,10971,0.158337267172304
30028,10971,0.311824000115304
100855,10971,0.0926695074440068
19907,10971,0.187141169365913
101433,10971,0.125767151349877
100415,10971,0.117595992963583
101448,10971,0.201047102374972
30031,10971,0.266196792080221
101612,10971,0.115653421654269
101281,10971,0.183589744233569
102770,10971,0.102843058103928
101269,10971,0.112498524875274
10929,10971,0.153931290461447
10659,11105,0.0651578236100084
11082,11105,0.271333658842233
10839,11105,0.044606741887411
12724,11105,0.106658085481619
12735,11105,0.127630746123806
10250,11105,0.0408565883874359
10903,11105,0.067127738879155
30002,11105,0.111716001766115
30001,11105,0.0518472660461034
11622,11105,0.128285810401015
11150,11105,0.0607910038662196
10782,11105,0.107309250949674
10970,11105,0.151614367633581
10971,11105,0.13500167916356
11105,11105,1
10856,11105,0.0418458961298701
10531,11105,0.12507575464522
11843,11105,0.111480698764376
30005,11105,0.0778596101252072
30043,11105,0.0430262294787651
30045,11105,0.103455135410349
10778,11105,0.121847433113424
12037,11105,0.0852909232337677
10885,11105,0.0662706162430943
100824,11105,0.0667643248566562
10051,11105,0.106674677066418
12415,11105,0.127637684207388
11361,11105,0.135105057553228
10939,11105,0.102522545955649
100850,11105,0.0567330241923504
100854,11105,0.0576341879190955
11364,11105,0.061642222967575
101032,11105,0.024849088769579
10396,11105,0.105180512389163
30037,11105,0.139951747341466
10850,11105,0.125592685445809
12959,11105,0.0638807714007811
100140,11105,0.0553217314847073
12967,11105,0.0456585352370704
100834,11105,0.262145167911466
101221,11105,0.108230508863795
100835,11105,0.101025874852141
101332,11105,0.062455158241109
101317,11105,0.0532459080316863
102391,11105,0.0749687932983034
101182,11105,0.0909503593550364
102399,11105,0.0258513313085517
101503,11105,0.0557483082303971
101504,11105,0.0535600021500996
101408,11105,0.0697238903697049
101410,11105,0.0908415640816185
30028,11105,0.148280870300091
100855,11105,0.0544566497112907
19907,11105,0.113099219580287
101433,11105,0.0579492350099124
100415,11105,0.0674821630237434
101448,11105,0.100202336586791
30031,11105,0.13982168703112
101612,11105,0.0493313635693392
101281,11105,0.106036509879752
102770,11105,0.0469176636414875
101269,11105,0.0593933914589309
10929,11105,0.110099816829116
10659,10856,0.0472103579649756
11082,10856,0.0775106751589598
10839,10856,0.0321550358229208
12724,10856,0.0591259895270656
12735,10856,0.0675068009132859
10250,10856,0.636151013821933
10903,10856,0.0538681957444229
30002,10856,0.0800822443246969
30001,10856,0.0437951743194867
11622,10856,0.0875085666179715
11150,10856,0.0781112023518963
10782,10856,0.045539536923522
10970,10856,0.125237576229704
10971,10856,0.102335990746054
11105,10856,0.0418458961298701
10856,10856,1
10531,10856,0.0689368615003492
11843,10856,0.0594503084754957
30005,10856,0.112514805420512
30043,10856,0.0363024834675863
30045,10856,0.111806300440094
10778,10856,0.148446875114116
12037,10856,0.143171769322265
10885,10856,0.0556720221734727
100824,10856,0.054957546100421
10051,10856,0.133520438442996
12415,10856,0.0869308994263148
11361,10856,0.0691075996328029
10939,10856,0.0547830354737833
100850,10856,0.0470100080666013
100854,10856,0.0511141962030384
11364,10856,0.050886472792446
101032,10856,0.0526782850796428
10396,10856,0.070165097963518
30037,10856,0.0506826532349821
10850,10856,0.0492286599060524
12959,10856,0.123197571827642
100140,10856,0.0446559028096852
12967,10856,0.0445062945091258
100834,10856,0.0707484119540598
101221,10856,0.0631596856438483
100835,10856,0.0330179520225099
101332,10856,0.0603630369085375
101317,10856,0.0421969952919638
102391,10856,0.0487274169599829
101182,10856,0.169006618254059
102399,10856,0.0272086519924424
101503,10856,0.0552104264575419
101504,10856,0.0382308700906703
101408,10856,0.0498303534752324
101410,10856,0.0641936347840837
30028,10856,0.126829163582623
100855,10856,0.0368278135065737
19907,10856,0.0746154158771395
101433,10856,0.0425303176059974
100415,10856,0.0536852502906585
101448,10856,0.0666331380821523
30031,10856,0.0993062131559846
101612,10856,0.043058174379785
101281,10856,0.066658474641279
102770,10856,0.0335926971292245
101269,10856,0.0493271842619578
10929,10856,0.0598808660926048
10659,10531,0.131896960387949
11082,10531,0.14573249582692
10839,10531,0.0853732568553052
12724,10531,0.117518361336493
12735,10531,0.167265211974044
10250,10531,0.0675051063140242
10903,10531,0.120001983300944
30002,10531,0.146678132405252
30001,10531,0.10721727204928
11622,10531,0.159318930816354
11150,10531,0.0837790927241426
10782,10531,0.0889517642985665
10970,10531,0.222896643130492
10971,10531,0.186900388956934
11105,10531,0.12507575464522
10856,10531,0.0689368615003492
10531,10531,1
11843,10531,0.105372137660662
30005,10531,0.127513358055631
30043,10531,0.0817673200097089
30045,10531,0.138662408728803
10778,10531,0.161452800873144
12037,10531,0.100619740326627
10885,10531,0.121912628929835
100824,10531,0.126332028207401
10051,10531,0.154596606855034
12415,10531,0.156631234729588
11361,10531,0.172201922418032
10939,10531,0.111146232047255
100850,10531,0.108431890099136
100854,10531,0.10705167795319
11364,10531,0.12975315354245
101032,10531,0.0905028816456521
10396,10531,0.129650146531247
30037,10531,0.109848426650954
10850,10531,0.102198031966145
12959,10531,0.0872281207584767
100140,10531,0.106092060941855
12967,10531,0.113754038187094
100834,10531,0.152189175094469
101221,10531,0.123488483951215
100835,10531,0.0863615088618921
101332,10531,0.118945208054244
101317,10531,0.105186833560576
102391,10531,0.12224668187652
101182,10531,0.131435942924245
102399,10531,0.0593650721555988
101503,10531,0.116289107375195
101504,10531,0.0911538200897657
101408,10531,0.127283054357433
101410,10531,0.121087894499199
30028,10531,0.21794007694324
100855,10531,0.0794963265421025
19907,10531,0.146221062088951
101433,10531,0.10445623132087
100415,10531,0.118904617146204
101448,10531,0.141716522465938
30031,10531,0.196323866365349
101612,10531,0.104508010721193
101281,10531,0.127416144975781
102770,10531,0.0809778064974396
101269,10531,0.104520730006912
10929,10531,0.1201595241481
10659,11843,0.0860545532422497
11082,11843,0.146048096628564
10839,11843,0.064724204660097
12724,11843,0.802043778900446
12735,11843,0.140353277989087
10250,11843,0.0588651079523818
10903,11843,0.0660795343801454
30002,11843,0.138374915590432
30001,11843,0.0929723048806999
11622,11843,0.147075770138713
11150,11843,0.0754213590193453
10782,11843,0.326729734266517
10970,11843,0.170845484878378
10971,11843,0.160082807195786
11105,11843,0.111480698764376
10856,11843,0.0594503084754957
10531,11843,0.105372137660662
11843,11843,1
30005,11843,0.0978893488712691
30043,11843,0.0836798167087831
30045,11843,0.115746574532076
10778,11843,0.147788840780156
12037,11843,0.090311218371533
10885,11843,0.0662078354485689
100824,11843,0.0988031665251825
10051,11843,0.136669983874376
12415,11843,0.14306676058661
11361,11843,0.143066593246202
10939,11843,0.739845378733706
100850,11843,0.092212893059681
100854,11843,0.0931704292912248
11364,11843,0.0877219009171713
101032,11843,0.0734359452733395
10396,11843,0.126224912734693
30037,11843,0.131412426775964
10850,11843,0.337050410357252
12959,11843,0.0760060272772224
100140,11843,0.0948818225358328
12967,11843,0.0897866621002035
100834,11843,0.150913993910921
101221,11843,0.120056687085336
100835,11843,0.0709871789692775
101332,11843,0.0987121137083806
101317,11843,0.0951031749084525
102391,11843,0.0965305654515513
101182,11843,0.107279105896746
102399,11843,0.0409611452700909
101503,11843,0.10170265017283
101504,11843,0.0742078826546615
101408,11843,0.0939871982731956
101410,11843,0.117353473828352
30028,11843,0.172905470957375
100855,11843,0.0711041230011361
19907,11843,0.122874847621614
101433,11843,0.0787010946519525
100415,11843,0.0692050260502716
101448,11843,0.137428102341907
30031,11843,0.149474388257888
101612,11843,0.0916474936245985
101281,11843,0.131078833523476
102770,11843,0.0638894497752047
101269,11843,0.0946886856446987
10929,11843,0.784451999407832
10659,30005,0.117105506648199
11082,30005,0.143050801623069
10839,30005,0.0523151268968766
12724,30005,0.106505271003736
12735,30005,0.146549445240645
10250,30005,0.110428852060388
10903,30005,0.121715020165941
30002,30005,0.17347202839391
30001,30005,0.100649436503331
11622,30005,0.183686963891321
11150,30005,0.168027317035106
10782,30005,0.112520544988046
10970,30005,0.198924061283825
10971,30005,0.187051192203131
11105,30005,0.0778596101252072
10856,30005,0.112514805420512
10531,30005,0.127513358055631
11843,30005,0.0978893488712691
30005,30005,1
30043,30005,0.0557509430113889
30045,30005,0.460289227234679
10778,30005,0.320104872754594
12037,30005,0.197884955709247
10885,30005,0.11884673234425
100824,30005,0.124988165249505
10051,30005,0.296812495490722
12415,30005,0.184301395204818
11361,30005,0.16566041099693
10939,30005,0.100093340441471
100850,30005,0.0914993737145501
100854,30005,0.0914035632328833
11364,30005,0.121576161908221
101032,30005,0.0722740298525364
10396,30005,0.145175397964678
30037,30005,0.0932386866385999
10850,30005,0.113642832508163
12959,30005,0.164348364095934
100140,30005,0.102632805547042
12967,30005,0.082746272711547
100834,30005,0.125616531520377
101221,30005,0.109212627966702
100835,30005,0.0609522616495404
101332,30005,0.114675030170132
101317,30005,0.100670719489653
102391,30005,0.0962024120536306
101182,30005,0.249870828781752
102399,30005,0.0493694100661469
101503,30005,0.125084033675587
101504,30005,0.0755024534415805
101408,30005,0.0921803287504159
101410,30005,0.130406386559679
30028,30005,0.206192504929771
100855,30005,0.0576371399728763
19907,30005,0.135328101951406
101433,30005,0.0860449679393727
100415,30005,0.12396762593432
101448,30005,0.139260610256039
30031,30005,0.173276187458726
101612,30005,0.098616251468678
101281,30005,0.11087120976496
102770,30005,0.0783374306625322
101269,30005,0.0943709189983851
10929,30005,0.0975323664672662
10659,30043,0.117794596635826
11082,30043,0.0652982130904991
10839,30043,0.447313124666732
12724,30043,0.0863490771013692
12735,30043,0.0960740985289535
10250,30043,0.0354149357153813
10903,30043,0.0724983170168468
30002,30043,0.076938705711702
30001,30043,0.122688942991788
11622,30043,0.0872055343127623
11150,30043,0.0494059228934131
10782,30043,0.0660090146793303
10970,30043,0.0943826382582095
10971,30043,0.0897354735656855
11105,30043,0.0430262294787651
10856,30043,0.0363024834675863
10531,30043,0.0817673200097089
11843,30043,0.0836798167087831
30005,30043,0.0557509430113889
30043,30043,1
30045,30043,0.0757589139591276
10778,30043,0.0932490997903869
12037,30043,0.0474771729824487
10885,30043,0.068208330486516
100824,30043,0.145144229856794
10051,30043,0.0921226768186201
12415,30043,0.0911417950335007
11361,30043,0.102443829685285
10939,30043,0.0761580603454251
100850,30043,0.116434502154787
100854,30043,0.107087357307711
11364,30043,0.124417806543022
101032,30043,0.0746179530775583
10396,30043,0.0748328384744246
30037,30043,0.057368472302273
10850,30043,0.069486201215381
12959,30043,0.0521907418702571
100140,30043,0.118533409940773
12967,30043,0.0878528899148995
100834,30043,0.0697328563741837
101221,30043,0.0696459902441379
100835,30043,0.0290840725296865
101332,30043,0.110013530571444
101317,30043,0.122547640117736
102391,30043,0.129077344202115
101182,30043,0.0788367618780415
102399,30043,0.0960905361122963
101503,30043,0.123813992840584
101504,30043,0.101538182872862
101408,30043,0.123285053255596
101410,30043,0.0646524111432969
30028,30043,0.0888109320072905
100855,30043,0.532091456319827
19907,30043,0.0993525811031291
101433,30043,0.118427352044076
100415,30043,0.0766937808699761
101448,30043,0.0895335596699216
30031,30043,0.0857109089813345
101612,30043,0.117774534732719
101281,30043,0.0707802528196034
102770,30043,0.078867157976309
101269,30043,0.119303838009849
10929,30043,0.0841575141547314
10659,30045,0.118060759512157
11082,30045,0.151386996872561
10839,30045,0.0731616618764058
12724,30045,0.114068641567098
12735,30045,0.166393620651
10250,30045,0.111530569935675
10903,30045,0.120697416600672
30002,30045,0.17532104070561
30001,30045,0.105454310743897
11622,30045,0.183910636047807
11150,30045,0.155636350686956
10782,30045,0.120949088280406
10970,30045,0.207722056249817
10971,30045,0.188403788080136
11105,30045,0.103455135410349
10856,30045,0.111806300440094
10531,30045,0.138662408728803
11843,30045,0.115746574532076
30005,30045,0.460289227234679
30043,30045,0.0757589139591276
30045,30045,1
10778,30045,0.312571090574033
12037,30045,0.198715774490601
10885,30045,0.117690669340927
100824,30045,0.128220396071407
10051,30045,0.278826094279178
12415,30045,0.182116473221078
11361,30045,0.175702588378551
10939,30045,0.115519985881264
100850,30045,0.0990687896179081
100854,30045,0.0981913348900921
11364,30045,0.125863959200211
101032,30045,0.0797612138693849
10396,30045,0.144938821644535
30037,30045,0.0932438328314199
10850,30045,0.120050219454031
12959,30045,0.172173049348557
100140,30045,0.104782023405042
12967,30045,0.0892088826999284
100834,30045,0.149417610601677
101221,30045,0.128825519056588
100835,30045,0.0646954342899629
101332,30045,0.11889769296516
101317,30045,0.110100543747015
102391,30045,0.0926930140116309
101182,30045,0.249723131483344
102399,30045,0.053813360379069
101503,30045,0.130159027308673
101504,30045,0.0912761070040994
101408,30045,0.0918061127098934
101410,30045,0.142829181544147
30028,30045,0.218899327586267
