Var1,Var2,Freq
12241,12241,1
100579,12241,0.15257787983381
100429,12241,0.147272277900738
100430,12241,0.15168488497213
18013,12241,0.150067455979131
103700,12241,0.116990551346922
105189,12241,0.258066882084213
12241,100579,0.15257787983381
100579,100579,1
100429,100579,0.815627224740559
100430,100579,0.916942793167481
18013,100579,0.823295847116924
103700,100579,0.171251938799055
105189,100579,0.154319386098633
12241,100429,0.147272277900738
100579,100429,0.815627224740559
100429,100429,1
100430,100429,0.763485684777614
18013,100429,0.959979339643917
103700,100429,0.156111468188031
105189,100429,0.157182387281274
12241,100430,0.15168488497213
100579,100430,0.916942793167481
100429,100430,0.763485684777614
100430,100430,1
18013,100430,0.770385867358821
103700,100430,0.16336758834521
105189,100430,0.136051630893963
12241,18013,0.150067455979131
100579,18013,0.823295847116924
100429,18013,0.959979339643917
100430,18013,0.770385867358821
18013,18013,1
103700,18013,0.147105057200555
105189,18013,0.153987768647336
12241,103700,0.116990551346922
100579,103700,0.171251938799055
100429,103700,0.156111468188031
100430,103700,0.16336758834521
18013,103700,0.147105057200555
103700,103700,1
105189,103700,0.13777049565322
12241,105189,0.258066882084213
100579,105189,0.154319386098633
100429,105189,0.157182387281274
100430,105189,0.136051630893963
18013,105189,0.153987768647336
103700,105189,0.13777049565322
105189,105189,1
