Var1,Var2,Freq
12241,12241,1
100579,12241,0.251677852348993
100429,12241,0.261744966442953
100430,12241,0.248322147651007
18013,12241,0.25503355704698
103700,12241,0.25
105189,12241,0.345514950166113
12241,100579,0.251677852348993
100579,100579,1
100429,100579,0.828651685393258
100430,100579,0.953038674033149
18013,100579,0.837078651685393
103700,100579,0.341911764705882
105189,100579,0.27007299270073
12241,100429,0.261744966442953
100579,100429,0.828651685393258
100429,100429,1
100430,100429,0.800561797752809
18013,100429,0.952777777777778
103700,100429,0.330882352941176
105189,100429,0.302919708029197
12241,100430,0.248322147651007
100579,100430,0.953038674033149
100429,100430,0.800561797752809
100430,100430,1
18013,100430,0.808988764044944
103700,100430,0.338235294117647
105189,100430,0.273722627737226
12241,18013,0.25503355704698
100579,18013,0.837078651685393
100429,18013,0.952777777777778
100430,18013,0.808988764044944
18013,18013,1
103700,18013,0.319852941176471
105189,18013,0.295620437956204
12241,103700,0.25
100579,103700,0.341911764705882
100429,103700,0.330882352941176
100430,103700,0.338235294117647
18013,103700,0.319852941176471
103700,103700,1
105189,103700,0.288808664259928
12241,105189,0.345514950166113
100579,105189,0.27007299270073
100429,105189,0.302919708029197
100430,105189,0.273722627737226
18013,105189,0.295620437956204
103700,105189,0.288808664259928
105189,105189,1
