Var1,Var2,Freq
10580,10580,1
10473,10580,0.262599925849588
10547,10580,0.563619649587739
10579,10580,0.478101336220501
11811,10580,0.545207731201955
10773,10580,0.26984637250893
100436,10580,0.395336748784987
11574,10580,0.257503816394341
12825,10580,0.262580736420227
12406,10580,0.832685086086317
10548,10580,0.502303514772612
11575,10580,0.63326764633016
100432,10580,0.281920573045986
100288,10580,0.214654875764727
102807,10580,0.985058444390955
103111,10580,0.264598419815958
103163,10580,0.228882038937538
100860,10580,0.709736806712308
100138,10580,0.354121943699035
100861,10580,0.260719511421962
103584,10580,0.0266780403390547
100858,10580,0.481567855832166
104499,10580,0.205313332226485
10580,10473,0.262599925849588
10473,10473,1
10547,10473,0.255774740432791
10579,10473,0.316826762577712
11811,10473,0.242920687136015
10773,10473,0.287504246017974
100436,10473,0.277403019183222
11574,10473,0.29110834352477
12825,10473,0.300304589759495
12406,10473,0.252447185072994
10548,10473,0.2611347488218
11575,10473,0.262810000870695
100432,10473,0.259868368472792
100288,10473,0.223976086472862
102807,10473,0.263761197134461
103111,10473,0.303458864128974
103163,10473,0.26976991157747
100860,10473,0.262017454846195
100138,10473,0.275771236717439
100861,10473,0.301155900435633
103584,10473,0.0235471280999317
100858,10473,0.307323079927335
104499,10473,0.231603793140593
10580,10547,0.563619649587739
10473,10547,0.255774740432791
10547,10547,1
10579,10547,0.457872932914324
11811,10547,0.830314910736881
10773,10547,0.272211809559885
100436,10547,0.388108618404655
11574,10547,0.249599402557265
12825,10547,0.247365937509625
12406,10547,0.555471812925234
10548,10547,0.635554379747383
11575,10547,0.491467461120325
100432,10547,0.286827455056601
100288,10547,0.225276410351217
102807,10547,0.572979450434843
103111,10547,0.269068346589459
103163,10547,0.219729036050274
100860,10547,0.530184065682315
100138,10547,0.361081555841657
100861,10547,0.272654617601009
103584,10547,0.0287188380760513
100858,10547,0.464521945184299
104499,10547,0.220594003893421
10580,10579,0.478101336220501
10473,10579,0.316826762577712
10547,10579,0.457872932914324
10579,10579,1
11811,10579,0.439969324251823
10773,10579,0.314575447754182
100436,10579,0.438304366786152
11574,10579,0.30327950489749
12825,10579,0.278275978389537
12406,10579,0.466942565014667
10548,10579,0.422004431399951
11575,10579,0.422330492166737
100432,10579,0.334391626455863
100288,10579,0.237155143929316
102807,10579,0.479302304015797
103111,10579,0.282929752794157
103163,10579,0.231315258835626
100860,10579,0.460680174550424
100138,10579,0.370420641686345
100861,10579,0.282254443953084
103584,10579,0.028398798580932
100858,10579,0.900211318716051
104499,10579,0.207623163911976
10580,11811,0.545207731201955
10473,11811,0.242920687136015
10547,11811,0.830314910736881
10579,11811,0.439969324251823
11811,11811,1
10773,11811,0.254063435013324
100436,11811,0.38384421269676
11574,11811,0.24052617346799
12825,11811,0.245969221135938
12406,11811,0.537730815473099
10548,11811,0.601734773305429
11575,11811,0.462485352252097
100432,11811,0.266982204526898
100288,11811,0.228110240923838
102807,11811,0.551874062946404
103111,11811,0.263457792101508
103163,11811,0.22618372784376
100860,11811,0.518654206435912
100138,11811,0.337761221059437
100861,11811,0.265455777314912
103584,11811,0.0298712934909316
100858,11811,0.443414832941559
104499,11811,0.194594861437819
10580,10773,0.26984637250893
10473,10773,0.287504246017974
10547,10773,0.272211809559885
10579,10773,0.314575447754182
11811,10773,0.254063435013324
10773,10773,1
100436,10773,0.286178076369194
11574,10773,0.741785871499227
12825,10773,0.326361757949844
12406,10773,0.283875070486789
10548,10773,0.25755954543312
11575,10773,0.265052277036728
100432,10773,0.317248882412615
100288,10773,0.202265842921811
102807,10773,0.272629727419114
103111,10773,0.329009350918821
103163,10773,0.298295068161753
100860,10773,0.273679489134285
100138,10773,0.245604625088117
100861,10773,0.326704575016995
103584,10773,0.0383228189173308
100858,10773,0.320619608297474
104499,10773,0.240456148754008
10580,100436,0.395336748784987
10473,100436,0.277403019183222
10547,100436,0.388108618404655
10579,100436,0.438304366786152
11811,100436,0.38384421269676
10773,100436,0.286178076369194
100436,100436,1
11574,100436,0.277238091313124
12825,100436,0.22538840651623
12406,100436,0.399254347868335
10548,100436,0.357741790919439
11575,100436,0.364873799262803
100432,100436,0.279342046267711
100288,100436,0.224562393239229
102807,100436,0.397613952301245
103111,100436,0.227878508816207
103163,100436,0.235881263076353
100860,100436,0.391213272020765
100138,100436,0.363291824580401
100861,100436,0.218691052564624
103584,100436,0.0330269946881728
100858,100436,0.431583447664915
104499,100436,0.207641652099806
10580,11574,0.257503816394341
10473,11574,0.29110834352477
10547,11574,0.249599402557265
10579,11574,0.30327950489749
11811,11574,0.24052617346799
10773,11574,0.741785871499227
100436,11574,0.277238091313124
11574,11574,1
12825,11574,0.313044491561353
12406,11574,0.271197379154346
10548,11574,0.244639293846327
11575,11574,0.255786247768849
100432,11574,0.330612597560889
100288,11574,0.206904857378417
102807,11574,0.260848023728426
103111,11574,0.311390601738004
103163,11574,0.277554792697169
100860,11574,0.257634399939418
100138,11574,0.235843012845939
100861,11574,0.30371455319022
103584,11574,0.034297254365999
100858,11574,0.3045157008579
104499,11574,0.235670139272953
10580,12825,0.262580736420227
10473,12825,0.300304589759495
10547,12825,0.247365937509625
10579,12825,0.278275978389537
11811,12825,0.245969221135938
10773,12825,0.326361757949844
100436,12825,0.22538840651623
11574,12825,0.313044491561353
12825,12825,1
12406,12825,0.257359449823415
10548,12825,0.24410825945379
11575,12825,0.259513243352039
100432,12825,0.274912451972321
100288,12825,0.200813820394431
102807,12825,0.267456691412051
103111,12825,0.864496871424582
103163,12825,0.312457421117976
100860,12825,0.251519060020589
100138,12825,0.226986905853225
100861,12825,0.859318058882645
103584,12825,0.0325032776566007
100858,12825,0.283686135826569
104499,12825,0.207492859476267
10580,12406,0.832685086086317
10473,12406,0.252447185072994
10547,12406,0.555471812925234
10579,12406,0.466942565014667
11811,12406,0.537730815473099
10773,12406,0.283875070486789
100436,12406,0.399254347868335
11574,12406,0.271197379154346
12825,12406,0.257359449823415
12406,12406,1
10548,12406,0.500541676831208
11575,12406,0.637716276188362
100432,12406,0.283413553293081
100288,12406,0.206546134414905
102807,12406,0.839380542673983
103111,12406,0.262008322887186
103163,12406,0.243321804164713
100860,12406,0.739604764995768
100138,12406,0.357284214264925
100861,12406,0.259750195211311
103584,12406,0.0254115554351111
100858,12406,0.48153968843431
104499,12406,0.19471989727884
10580,10548,0.502303514772612
10473,10548,0.2611347488218
10547,10548,0.635554379747383
10579,10548,0.422004431399951
11811,10548,0.601734773305429
10773,10548,0.25755954543312
100436,10548,0.357741790919439
11574,10548,0.244639293846327
12825,10548,0.24410825945379
12406,10548,0.500541676831208
10548,10548,1
11575,10548,0.450521139051811
100432,10548,0.288866327774056
100288,10548,0.207435465263826
102807,10548,0.508395638206343
103111,10548,0.259407804393445
103163,10548,0.216516615364519
100860,10548,0.486132335484186
100138,10548,0.356661000010317
100861,10548,0.263530532686027
103584,10548,0.0319012132549222
100858,10548,0.419558355181337
104499,10548,0.205655068050097
10580,11575,0.63326764633016
10473,11575,0.262810000870695
10547,11575,0.491467461120325
10579,11575,0.422330492166737
11811,11575,0.462485352252097
10773,11575,0.265052277036728
100436,11575,0.364873799262803
11574,11575,0.255786247768849
12825,11575,0.259513243352039
12406,11575,0.637716276188362
10548,11575,0.450521139051811
11575,11575,1
100432,11575,0.267401446903833
100288,11575,0.221620478733626
102807,11575,0.636591147881278
103111,11575,0.264573163044062
103163,11575,0.216672949523561
100860,11575,0.673428338230414
100138,11575,0.356485895831474
100861,11575,0.259785841371892
103584,11575,0.0247581927148007
100858,11575,0.425660545710508
104499,11575,0.188682355228099
10580,100432,0.281920573045986
10473,100432,0.259868368472792
10547,100432,0.286827455056601
10579,100432,0.334391626455863
11811,100432,0.266982204526898
10773,100432,0.317248882412615
100436,100432,0.279342046267711
11574,100432,0.330612597560889
12825,100432,0.274912451972321
12406,100432,0.283413553293081
10548,100432,0.288866327774056
11575,100432,0.267401446903833
100432,100432,1
100288,100432,0.192898634033422
102807,100432,0.287307852687068
103111,100432,0.274823476045603
103163,100432,0.232479446469806
100860,100432,0.270719469948801
100138,100432,0.266090526046282
100861,100432,0.268934784065483
103584,100432,0.0281620144707656
100858,100432,0.320955121551934
104499,100432,0.178787264293784
10580,100288,0.214654875764727
10473,100288,0.223976086472862
10547,100288,0.225276410351217
10579,100288,0.237155143929316
11811,100288,0.228110240923838
10773,100288,0.202265842921811
100436,100288,0.224562393239229
11574,100288,0.206904857378417
12825,100288,0.200813820394431
12406,100288,0.206546134414905
10548,100288,0.207435465263826
11575,100288,0.221620478733626
100432,100288,0.192898634033422
100288,100288,1
102807,100288,0.216876555129272
103111,100288,0.206983481728751
103163,100288,0.161162649672835
100860,100288,0.226095265067245
100138,100288,0.335763962968271
100861,100288,0.199429324741624
103584,100288,0.0414269120841032
100858,100288,0.227682532402566
104499,100288,0.183669295570365
10580,102807,0.985058444390955
10473,102807,0.263761197134461
10547,102807,0.572979450434843
10579,102807,0.479302304015797
11811,102807,0.551874062946404
10773,102807,0.272629727419114
100436,102807,0.397613952301245
11574,102807,0.260848023728426
12825,102807,0.267456691412051
12406,102807,0.839380542673983
10548,102807,0.508395638206343
11575,102807,0.636591147881278
100432,102807,0.287307852687068
100288,102807,0.216876555129272
102807,102807,1
103111,102807,0.272155936773896
103163,102807,0.232109354253497
100860,102807,0.714127306120979
100138,102807,0.356930396472332
100861,102807,0.267737633392251
103584,102807,0.0266852888218237
100858,102807,0.48277033114297
104499,102807,0.204835690038379
10580,103111,0.264598419815958
10473,103111,0.303458864128974
10547,103111,0.269068346589459
10579,103111,0.282929752794157
11811,103111,0.263457792101508
10773,103111,0.329009350918821
100436,103111,0.227878508816207
11574,103111,0.311390601738004
12825,103111,0.864496871424582
12406,103111,0.262008322887186
10548,103111,0.259407804393445
11575,103111,0.264573163044062
100432,103111,0.274823476045603
100288,103111,0.206983481728751
102807,103111,0.272155936773896
103111,103111,1
103163,103111,0.298937434698593
100860,103111,0.268434734339758
100138,103111,0.226811162170698
100861,103111,0.964774055531523
103584,103111,0.0294040927096972
100858,103111,0.292040712488714
104499,103111,0.216741617251374
10580,103163,0.228882038937538
10473,103163,0.26976991157747
10547,103163,0.219729036050274
10579,103163,0.231315258835626
11811,103163,0.22618372784376
10773,103163,0.298295068161753
100436,103163,0.235881263076353
11574,103163,0.277554792697169
12825,103163,0.312457421117976
12406,103163,0.243321804164713
10548,103163,0.216516615364519
11575,103163,0.216672949523561
100432,103163,0.232479446469806
100288,103163,0.161162649672835
102807,103163,0.232109354253497
103111,103163,0.298937434698593
103163,103163,1
100860,103163,0.234278878225215
100138,103163,0.208502187897848
100861,103163,0.299817737561999
103584,103163,0.0290099994239055
100858,103163,0.243919439888468
104499,103163,0.18121754352754
10580,100860,0.709736806712308
10473,100860,0.262017454846195
10547,100860,0.530184065682315
10579,100860,0.460680174550424
11811,100860,0.518654206435912
10773,100860,0.273679489134285
100436,100860,0.391213272020765
11574,100860,0.257634399939418
12825,100860,0.251519060020589
12406,100860,0.739604764995768
10548,100860,0.486132335484186
11575,100860,0.673428338230414
100432,100860,0.270719469948801
100288,100860,0.226095265067245
102807,100860,0.714127306120979
103111,100860,0.268434734339758
103163,100860,0.234278878225215
100860,100860,1
100138,100860,0.378644170911664
100861,100860,0.266229841323671
103584,100860,0.0257636413605262
100858,100860,0.47333891715137
104499,100860,0.177676028169731
10580,100138,0.354121943699035
10473,100138,0.275771236717439
10547,100138,0.361081555841657
10579,100138,0.370420641686345
11811,100138,0.337761221059437
10773,100138,0.245604625088117
100436,100138,0.363291824580401
11574,100138,0.235843012845939
12825,100138,0.226986905853225
12406,100138,0.357284214264925
10548,100138,0.356661000010317
11575,100138,0.356485895831474
100432,100138,0.266090526046282
100288,100138,0.335763962968271
102807,100138,0.356930396472332
103111,100138,0.226811162170698
103163,100138,0.208502187897848
100860,100138,0.378644170911664
100138,100138,1
100861,100138,0.221358016620291
103584,100138,0.0266346731356232
100858,100138,0.367407470316972
104499,100138,0.207109237607243
10580,100861,0.260719511421962
10473,100861,0.301155900435633
10547,100861,0.272654617601009
10579,100861,0.282254443953084
11811,100861,0.265455777314912
10773,100861,0.326704575016995
100436,100861,0.218691052564624
11574,100861,0.30371455319022
12825,100861,0.859318058882645
12406,100861,0.259750195211311
10548,100861,0.263530532686027
11575,100861,0.259785841371892
100432,100861,0.268934784065483
100288,100861,0.199429324741624
102807,100861,0.267737633392251
103111,100861,0.964774055531523
103163,100861,0.299817737561999
100860,100861,0.266229841323671
100138,100861,0.221358016620291
100861,100861,1
103584,100861,0.0272894488346518
100858,100861,0.291360336600372
104499,100861,0.220823870674007
10580,103584,0.0266780403390547
10473,103584,0.0235471280999317
10547,103584,0.0287188380760513
10579,103584,0.028398798580932
11811,103584,0.0298712934909316
10773,103584,0.0383228189173308
100436,103584,0.0330269946881728
11574,103584,0.034297254365999
12825,103584,0.0325032776566007
12406,103584,0.0254115554351111
10548,103584,0.0319012132549222
11575,103584,0.0247581927148007
100432,103584,0.0281620144707656
100288,103584,0.0414269120841032
102807,103584,0.0266852888218237
103111,103584,0.0294040927096972
103163,103584,0.0290099994239055
100860,103584,0.0257636413605262
100138,103584,0.0266346731356232
100861,103584,0.0272894488346518
103584,103584,1
100858,103584,0.0294661594652182
104499,103584,0.0314300724107272
10580,100858,0.481567855832166
10473,100858,0.307323079927335
10547,100858,0.464521945184299
10579,100858,0.900211318716051
11811,100858,0.443414832941559
10773,100858,0.320619608297474
100436,100858,0.431583447664915
11574,100858,0.3045157008579
12825,100858,0.283686135826569
12406,100858,0.48153968843431
10548,100858,0.419558355181337
11575,100858,0.425660545710508
100432,100858,0.320955121551934
100288,100858,0.227682532402566
102807,100858,0.48277033114297
103111,100858,0.292040712488714
103163,100858,0.243919439888468
100860,100858,0.47333891715137
100138,100858,0.367407470316972
100861,100858,0.291360336600372
103584,100858,0.0294661594652182
100858,100858,1
104499,100858,0.211940061262777
10580,104499,0.205313332226485
10473,104499,0.231603793140593
10547,104499,0.220594003893421
10579,104499,0.207623163911976
11811,104499,0.194594861437819
10773,104499,0.240456148754008
100436,104499,0.207641652099806
11574,104499,0.235670139272953
12825,104499,0.207492859476267
12406,104499,0.19471989727884
10548,104499,0.205655068050097
11575,104499,0.188682355228099
100432,104499,0.178787264293784
100288,104499,0.183669295570365
102807,104499,0.204835690038379
103111,104499,0.216741617251374
103163,104499,0.18121754352754
100860,104499,0.177676028169731
100138,104499,0.207109237607243
100861,104499,0.220823870674007
103584,104499,0.0314300724107272
100858,104499,0.211940061262777
104499,104499,1
