Var1,Var2,Freq
10580,10580,1
10473,10580,0.337931034482759
10547,10580,0.570175438596491
10579,10580,0.503012048192771
11811,10580,0.56140350877193
10773,10580,0.355871886120996
100436,10580,0.424698795180723
11574,10580,0.35
12825,10580,0.357388316151203
12406,10580,0.819209039548023
10548,10580,0.533132530120482
11575,10580,0.783050847457627
100432,10580,0.360544217687075
100288,10580,0.275449101796407
102807,10580,0.977272727272727
103111,10580,0.331147540983607
103163,10580,0.313531353135314
100860,10580,0.755882352941177
100138,10580,0.428571428571429
100861,10580,0.331147540983607
103584,10580,0.571428571428572
100858,10580,0.510574018126888
104499,10580,0.272131147540984
10580,10473,0.337931034482759
10473,10473,1
10547,10473,0.333333333333333
10579,10473,0.397260273972603
11811,10473,0.341463414634146
10773,10473,0.383275261324042
100436,10473,0.343642611683849
11574,10473,0.383838383838384
12825,10473,0.375
12406,10473,0.327645051194539
10548,10473,0.324414715719064
11575,10473,0.334405144694534
100432,10473,0.347972972972973
100288,10473,0.312714776632302
102807,10473,0.341379310344828
103111,10473,0.367549668874172
103163,10473,0.338509316770186
100860,10473,0.342465753424658
100138,10473,0.347972972972973
100861,10473,0.367549668874172
103584,10473,0.333333333333333
100858,10473,0.38013698630137
104499,10473,0.310469314079422
10580,10547,0.570175438596491
10473,10547,0.333333333333333
10547,10547,1
10579,10547,0.501510574018127
11811,10547,0.8
10773,10547,0.343434343434343
100436,10547,0.44336569579288
11574,10547,0.326460481099656
12825,10547,0.316614420062696
12406,10547,0.567251461988304
10548,10547,0.632478632478632
11575,10547,0.576802507836991
100432,10547,0.36271186440678
100288,10547,0.309248554913295
102807,10547,0.584302325581395
103111,10547,0.332278481012658
103163,10547,0.320689655172414
100860,10547,0.560344827586207
100138,10547,0.434504792332268
100861,10547,0.349056603773585
103584,10547,0.666666666666667
100858,10547,0.492917847025496
104499,10547,0.27906976744186
10580,10579,0.503012048192771
10473,10579,0.397260273972603
10547,10579,0.501510574018127
10579,10579,1
11811,10579,0.471299093655589
10773,10579,0.416382252559727
100436,10579,0.472049689440994
11574,10579,0.421818181818182
12825,10579,0.366438356164384
12406,10579,0.48695652173913
10548,10579,0.493333333333333
11575,10579,0.531468531468531
100432,10579,0.409785932721713
100288,10579,0.331058020477816
102807,10579,0.509036144578313
103111,10579,0.35958904109589
103163,10579,0.342592592592593
100860,10579,0.504531722054381
100138,10579,0.446540880503145
100861,10579,0.354948805460751
103584,10579,0.5
100858,10579,0.866666666666667
104499,10579,0.313167259786477
10580,11811,0.56140350877193
10473,11811,0.341463414634146
10547,11811,0.8
10579,11811,0.471299093655589
11811,11811,1
10773,11811,0.32890365448505
100436,11811,0.43042071197411
11574,11811,0.342007434944238
12825,11811,0.327759197324415
12406,11811,0.541076487252125
10548,11811,0.586894586894587
11575,11811,0.553691275167785
100432,11811,0.326599326599327
100288,11811,0.337620578778135
102807,11811,0.563953488372093
103111,11811,0.333333333333333
103163,11811,0.327702702702703
100860,11811,0.550724637681159
100138,11811,0.400641025641026
100861,11811,0.336601307189543
103584,11811,0.666666666666667
100858,11811,0.458923512747875
104499,11811,0.259136212624585
10580,10773,0.355871886120996
10473,10773,0.383275261324042
10547,10773,0.343434343434343
10579,10773,0.416382252559727
11811,10773,0.32890365448505
10773,10773,1
100436,10773,0.366101694915254
11574,10773,0.811728395061728
12825,10773,0.407079646017699
12406,10773,0.375862068965517
10548,10773,0.351724137931034
11575,10773,0.362068965517241
100432,10773,0.425170068027211
100288,10773,0.31986531986532
102807,10773,0.362989323843416
103111,10773,0.414790996784566
103163,10773,0.387755102040816
100860,10773,0.366336633663366
100138,10773,0.368231046931408
100861,10773,0.430921052631579
103584,10773,0.5
100858,10773,0.439024390243902
104499,10773,0.330985915492958
10580,100436,0.424698795180723
10473,100436,0.343642611683849
10547,100436,0.44336569579288
10579,100436,0.472049689440994
11811,100436,0.43042071197411
10773,100436,0.366101694915254
100436,100436,1
11574,100436,0.368055555555556
12825,100436,0.316151202749141
12406,100436,0.423423423423423
10548,100436,0.383040935672515
11575,100436,0.429530201342282
100432,100436,0.345794392523364
100288,100436,0.285714285714286
102807,100436,0.424698795180723
103111,100436,0.312714776632302
103163,100436,0.312080536912752
100860,100436,0.422619047619048
100138,100436,0.415335463258786
100861,100436,0.2996632996633
103584,100436,0.5
100858,100436,0.469055374592834
104499,100436,0.295774647887324
10580,11574,0.35
10473,11574,0.383838383838384
10547,11574,0.326460481099656
10579,11574,0.421818181818182
11811,11574,0.342007434944238
10773,11574,0.811728395061728
100436,11574,0.368055555555556
11574,11574,1
12825,11574,0.417763157894737
12406,11574,0.377777777777778
10548,11574,0.338028169014085
11575,11574,0.356902356902357
100432,11574,0.432258064516129
100288,11574,0.333333333333333
102807,11574,0.357142857142857
103111,11574,0.375
103163,11574,0.398089171974522
100860,11574,0.352739726027397
100138,11574,0.363970588235294
100861,11574,0.39171974522293
103584,11574,0.357142857142857
100858,11574,0.434944237918216
104499,11574,0.316901408450704
10580,12825,0.357388316151203
10473,12825,0.375
10547,12825,0.316614420062696
10579,12825,0.366438356164384
11811,12825,0.327759197324415
10773,12825,0.407079646017699
100436,12825,0.316151202749141
11574,12825,0.417763157894737
12825,12825,1
12406,12825,0.362068965517241
10548,12825,0.356115107913669
11575,12825,0.356643356643357
100432,12825,0.381270903010033
100288,12825,0.328813559322034
102807,12825,0.36426116838488
103111,12825,0.864130434782609
103163,12825,0.433021806853583
100860,12825,0.36013986013986
100138,12825,0.343971631205674
100861,12825,0.864130434782609
103584,12825,0.454545454545455
100858,12825,0.38013698630137
104499,12825,0.310469314079422
10580,12406,0.819209039548023
10473,12406,0.327645051194539
10547,12406,0.567251461988304
10579,12406,0.48695652173913
11811,12406,0.541076487252125
10773,12406,0.375862068965517
100436,12406,0.423423423423423
11574,12406,0.377777777777778
12825,12406,0.362068965517241
12406,12406,1
10548,12406,0.519886363636364
11575,12406,0.760517799352751
100432,12406,0.368589743589744
100288,12406,0.272727272727273
102807,12406,0.827683615819209
103111,12406,0.347826086956522
103163,12406,0.348684210526316
100860,12406,0.8
100138,12406,0.448160535117057
100861,12406,0.344262295081967
103584,12406,0.466666666666667
100858,12406,0.510144927536232
104499,12406,0.270700636942675
10580,10548,0.533132530120482
10473,10548,0.324414715719064
10547,10548,0.632478632478632
10579,10548,0.493333333333333
11811,10548,0.586894586894587
10773,10548,0.351724137931034
100436,10548,0.383040935672515
11574,10548,0.338028169014085
12825,10548,0.356115107913669
12406,10548,0.519886363636364
10548,10548,1
11575,10548,0.550335570469799
100432,10548,0.375
100288,10548,0.289473684210526
102807,10548,0.545180722891566
103111,10548,0.360714285714286
103163,10548,0.320557491289199
100860,10548,0.52112676056338
100138,10548,0.426282051282051
100861,10548,0.359154929577465
103584,10548,0.333333333333333
100858,10548,0.462025316455696
104499,10548,0.277591973244147
10580,11575,0.783050847457627
10473,11575,0.334405144694534
10547,11575,0.576802507836991
10579,11575,0.531468531468531
11811,11575,0.553691275167785
10773,11575,0.362068965517241
100436,11575,0.429530201342282
11574,11575,0.356902356902357
12825,11575,0.356643356643357
12406,11575,0.760517799352751
10548,11575,0.550335570469799
11575,11575,1
100432,11575,0.368600682593857
100288,11575,0.315789473684211
102807,11575,0.785234899328859
103111,11575,0.345890410958904
103163,11575,0.327402135231317
100860,11575,0.772307692307692
100138,11575,0.446945337620579
100861,11575,0.345890410958904
103584,11575,0.411764705882353
100858,11575,0.523809523809524
104499,11575,0.278350515463918
10580,100432,0.360544217687075
10473,100432,0.347972972972973
10547,100432,0.36271186440678
10579,100432,0.409785932721713
11811,100432,0.326599326599327
10773,100432,0.425170068027211
100436,100432,0.345794392523364
11574,100432,0.432258064516129
12825,100432,0.381270903010033
12406,100432,0.368589743589744
10548,100432,0.375
11575,100432,0.368600682593857
100432,100432,1
100288,100432,0.326732673267327
102807,100432,0.374149659863946
103111,100432,0.378839590443686
103163,100432,0.345514950166113
100860,100432,0.376712328767123
100138,100432,0.367741935483871
100861,100432,0.385159010600707
103584,100432,0.333333333333333
100858,100432,0.388379204892966
104499,100432,0.292857142857143
10580,100288,0.275449101796407
10473,100288,0.312714776632302
10547,100288,0.309248554913295
10579,100288,0.331058020477816
11811,100288,0.337620578778135
10773,100288,0.31986531986532
100436,100288,0.285714285714286
11574,100288,0.333333333333333
12825,100288,0.328813559322034
12406,100288,0.272727272727273
10548,100288,0.289473684210526
11575,100288,0.315789473684211
100432,100288,0.326732673267327
100288,100288,1
102807,100288,0.279883381924198
103111,100288,0.323232323232323
103163,100288,0.301418439716312
100860,100288,0.294985250737463
100138,100288,0.382262996941896
100861,100288,0.317567567567568
103584,100288,0.6
100858,100288,0.325423728813559
104499,100288,0.287769784172662
10580,102807,0.977272727272727
10473,102807,0.341379310344828
10547,102807,0.584302325581395
10579,102807,0.509036144578313
11811,102807,0.563953488372093
10773,102807,0.362989323843416
100436,102807,0.424698795180723
11574,102807,0.357142857142857
12825,102807,0.36426116838488
12406,102807,0.827683615819209
10548,102807,0.545180722891566
11575,102807,0.785234899328859
100432,102807,0.374149659863946
100288,102807,0.279883381924198
102807,102807,1
103111,102807,0.340983606557377
103163,102807,0.32013201320132
100860,102807,0.752906976744186
100138,102807,0.427672955974843
100861,102807,0.340983606557377
103584,102807,0.571428571428572
100858,102807,0.516616314199396
104499,102807,0.278688524590164
10580,103111,0.331147540983607
10473,103111,0.367549668874172
10547,103111,0.332278481012658
10579,103111,0.35958904109589
11811,103111,0.333333333333333
10773,103111,0.414790996784566
100436,103111,0.312714776632302
11574,103111,0.375
12825,103111,0.864130434782609
12406,103111,0.347826086956522
10548,103111,0.360714285714286
11575,103111,0.345890410958904
100432,103111,0.378839590443686
100288,103111,0.323232323232323
102807,103111,0.340983606557377
103111,103111,1
103163,103111,0.39938080495356
100860,103111,0.355932203389831
100138,103111,0.326241134751773
100861,103111,0.961852861035422
103584,103111,0.363636363636364
100858,103111,0.376712328767123
104499,103111,0.303030303030303
10580,103163,0.313531353135314
10473,103163,0.338509316770186
10547,103163,0.320689655172414
10579,103163,0.342592592592593
11811,103163,0.327702702702703
10773,103163,0.387755102040816
100436,103163,0.312080536912752
11574,103163,0.398089171974522
12825,103163,0.433021806853583
12406,103163,0.348684210526316
10548,103163,0.320557491289199
11575,103163,0.327402135231317
100432,103163,0.345514950166113
100288,103163,0.301418439716312
102807,103163,0.32013201320132
103111,103163,0.39938080495356
103163,103163,1
100860,103163,0.342560553633218
100138,103163,0.34020618556701
100861,103163,0.39938080495356
103584,103163,0.222222222222222
100858,103163,0.354938271604938
104499,103163,0.268370607028754
10580,100860,0.755882352941177
10473,100860,0.342465753424658
10547,100860,0.560344827586207
10579,100860,0.504531722054381
11811,100860,0.550724637681159
10773,100860,0.366336633663366
100436,100860,0.422619047619048
11574,100860,0.352739726027397
12825,100860,0.36013986013986
12406,100860,0.8
10548,100860,0.52112676056338
11575,100860,0.772307692307692
100432,100860,0.376712328767123
100288,100860,0.294985250737463
102807,100860,0.752906976744186
103111,100860,0.355932203389831
103163,100860,0.342560553633218
100860,100860,1
100138,100860,0.452229299363057
100861,100860,0.352159468438538
103584,100860,0.4375
100858,100860,0.521212121212121
104499,100860,0.26537216828479
10580,100138,0.428571428571429
10473,100138,0.347972972972973
10547,100138,0.434504792332268
10579,100138,0.446540880503145
11811,100138,0.400641025641026
10773,100138,0.368231046931408
100436,100138,0.415335463258786
11574,100138,0.363970588235294
12825,100138,0.343971631205674
12406,100138,0.448160535117057
10548,100138,0.426282051282051
11575,100138,0.446945337620579
100432,100138,0.367741935483871
100288,100138,0.382262996941896
102807,100138,0.427672955974843
103111,100138,0.326241134751773
103163,100138,0.34020618556701
100860,100138,0.452229299363057
100138,100138,1
100861,100138,0.328621908127208
103584,100138,0.269230769230769
100858,100138,0.453947368421053
104499,100138,0.324909747292419
10580,100861,0.331147540983607
10473,100861,0.367549668874172
10547,100861,0.349056603773585
10579,100861,0.354948805460751
11811,100861,0.336601307189543
10773,100861,0.430921052631579
100436,100861,0.2996632996633
11574,100861,0.39171974522293
12825,100861,0.864130434782609
12406,100861,0.344262295081967
10548,100861,0.359154929577465
11575,100861,0.345890410958904
100432,100861,0.385159010600707
100288,100861,0.317567567567568
102807,100861,0.340983606557377
103111,100861,0.961852861035422
103163,100861,0.39938080495356
100860,100861,0.352159468438538
100138,100861,0.328621908127208
100861,100861,1
103584,100861,0.666666666666667
100858,100861,0.372013651877133
104499,100861,0.305647840531561
10580,103584,0.571428571428572
10473,103584,0.333333333333333
10547,103584,0.666666666666667
10579,103584,0.5
11811,103584,0.666666666666667
10773,103584,0.5
100436,103584,0.5
11574,103584,0.357142857142857
12825,103584,0.454545454545455
12406,103584,0.466666666666667
10548,103584,0.333333333333333
11575,103584,0.411764705882353
100432,103584,0.333333333333333
100288,103584,0.6
102807,103584,0.571428571428572
103111,103584,0.363636363636364
103163,103584,0.222222222222222
100860,103584,0.4375
100138,103584,0.269230769230769
100861,103584,0.666666666666667
103584,103584,1
100858,103584,0.5
104499,103584,0.32
10580,100858,0.510574018126888
10473,100858,0.38013698630137
10547,100858,0.492917847025496
10579,100858,0.866666666666667
11811,100858,0.458923512747875
10773,100858,0.439024390243902
100436,100858,0.469055374592834
11574,100858,0.434944237918216
12825,100858,0.38013698630137
12406,100858,0.510144927536232
10548,100858,0.462025316455696
11575,100858,0.523809523809524
100432,100858,0.388379204892966
100288,100858,0.325423728813559
102807,100858,0.516616314199396
103111,100858,0.376712328767123
103163,100858,0.354938271604938
100860,100858,0.521212121212121
100138,100858,0.453947368421053
100861,100858,0.372013651877133
103584,100858,0.5
100858,100858,1
104499,100858,0.320284697508897
10580,104499,0.272131147540984
10473,104499,0.310469314079422
10547,104499,0.27906976744186
10579,104499,0.313167259786477
11811,104499,0.259136212624585
10773,104499,0.330985915492958
100436,104499,0.295774647887324
11574,104499,0.316901408450704
12825,104499,0.310469314079422
12406,104499,0.270700636942675
10548,104499,0.277591973244147
11575,104499,0.278350515463918
100432,104499,0.292857142857143
100288,104499,0.287769784172662
102807,104499,0.278688524590164
103111,104499,0.303030303030303
103163,104499,0.268370607028754
100860,104499,0.26537216828479
100138,104499,0.324909747292419
100861,104499,0.305647840531561
103584,104499,0.32
100858,104499,0.320284697508897
104499,104499,1
