Var1,Var2,Freq
10262,10262,1
10368,10262,0.580756013745705
11629,10262,0.800480769230769
101058,10262,0.764966740576497
10967,10262,0.584192439862543
101222,10262,0.52
11720,10262,0.54
10262,10368,0.580756013745705
10368,10368,1
11629,10368,0.579310344827586
101058,10368,0.596551724137931
10967,10368,0.849753694581281
101222,10368,0.713333333333333
11720,10368,0.75
10262,11629,0.800480769230769
10368,11629,0.579310344827586
11629,11629,1
101058,11629,0.781531531531532
10967,11629,0.582758620689655
101222,11629,0.516666666666667
11720,11629,0.54
10262,101058,0.764966740576497
10368,101058,0.596551724137931
11629,101058,0.781531531531532
101058,101058,1
10967,101058,0.548780487804878
101222,101058,0.530201342281879
11720,101058,0.545150501672241
10262,10967,0.584192439862543
10368,10967,0.849753694581281
11629,10967,0.582758620689655
101058,10967,0.548780487804878
10967,10967,1
101222,10967,0.718120805369127
11720,10967,0.75503355704698
10262,101222,0.52
10368,101222,0.713333333333333
11629,101222,0.516666666666667
101058,101222,0.530201342281879
10967,101222,0.718120805369127
101222,101222,1
11720,101222,0.91044776119403
10262,11720,0.54
10368,11720,0.75
11629,11720,0.54
101058,11720,0.545150501672241
10967,11720,0.75503355704698
101222,11720,0.91044776119403
11720,11720,1
