Var1,Var2,Freq
11678,11678,1
11639,11678,0.25655456531334
12947,11678,0.57353932994471
12071,11678,0.654857796378738
11638,11678,0.250413492318269
12946,11678,0.368214271118954
12261,11678,0.198083647906435
12090,11678,0.0992719331164012
12536,11678,0.254851700152348
12829,11678,0.396628698596127
10480,11678,0.401088016793722
11408,11678,0.194441242581699
11081,11678,0.271637248966153
30015,11678,0.0608417142347383
100790,11678,0.137414714676586
30022,11678,0.403794979027006
10188,11678,0.253303687370018
100914,11678,0.403072976059823
30013,11678,0.058646176515111
30014,11678,0.0679770566245654
12828,11678,0.762423440059369
11407,11678,0.188714559536234
101078,11678,0.140063593703511
20110,11678,0.193179772612727
11017,11678,0.190608177017753
20084,11678,0.20050937539856
100853,11678,0.0781592581292902
12983,11678,0.257544668718804
20128,11678,0.290156706941146
100851,11678,0.132766666198138
100852,11678,0.0806530789894871
100789,11678,0.0543376547871856
30036,11678,0.0523088199013427
100796,11678,0.0993329972380127
100931,11678,0.197251055531565
100949,11678,0.190498572366885
12506,11678,0.247264213356342
101552,11678,0.325313833639797
101553,11678,0.389949201764776
101183,11678,0.0817569775909845
10197,11678,0.201682150081567
101496,11678,0.0492579168158429
100895,11678,0.252815511743667
101538,11678,0.150042971221024
100975,11678,0.0517713656452694
100976,11678,0.268001281261235
103106,11678,0.131983405531495
101338,11678,0.268277683606021
101407,11678,0.195347016875508
10120,11678,0.246230588346398
100833,11678,0.219331732985104
103169,11678,0.201636203583629
11626,11678,0.284973644410058
103455,11678,0.234489410343248
103435,11678,0.236895944847477
103441,11678,0.169129908474247
101014,11678,0.112457302575209
101299,11678,0.201004384662276
101300,11678,0.193692118961469
101309,11678,0.28377692333031
12077,11678,0.254784162931034
101360,11678,0.344934623187522
101460,11678,0.3681668261134
103446,11678,0.206126788877615
11678,11639,0.25655456531334
11639,11639,1
12947,11639,0.247222748427355
12071,11639,0.242968695011158
11638,11639,0.844802139300569
12946,11639,0.195160155673216
12261,11639,0.280924115570233
12090,11639,0.0723837565485328
12536,11639,0.416454021777824
12829,11639,0.210477520978726
10480,11639,0.215563241018963
11408,11639,0.276019766830467
11081,11639,0.380582755293709
30015,11639,0.0546016534623779
100790,11639,0.10923740923394
30022,11639,0.185961952623116
10188,11639,0.417302100503636
100914,11639,0.175176459212078
30013,11639,0.0693389552457839
30014,11639,0.0441402872413184
12828,11639,0.25468339083614
11407,11639,0.279269701045906
101078,11639,0.239157611458459
20110,11639,0.274598507109218
11017,11639,0.152645450663737
20084,11639,0.177906223982479
100853,11639,0.0644019086947718
12983,11639,0.361563583332509
20128,11639,0.199458614421101
100851,11639,0.112270818470236
100852,11639,0.0640053501064563
100789,11639,0.0320550943022852
30036,11639,0.0620075866821224
100796,11639,0.0724282812230689
100931,11639,0.261605795442374
100949,11639,0.297133767824811
12506,11639,0.406197050954578
101552,11639,0.190889683288272
101553,11639,0.186496054134712
101183,11639,0.0675225806402234
10197,11639,0.178944214055759
101496,11639,0.0291815632037581
100895,11639,0.845480704913651
101538,11639,0.261506321173571
100975,11639,0.0331317247666534
100976,11639,0.143695720089575
103106,11639,0.0736797838148925
101338,11639,0.144880908101438
101407,11639,0.132569232483912
10120,11639,0.406926669831917
100833,11639,0.257517884886398
103169,11639,0.178903447632162
11626,11639,0.185194719654524
103455,11639,0.160355726280141
103435,11639,0.163562895996272
103441,11639,0.114302996836867
101014,11639,0.0797644154504895
101299,11639,0.284682279615457
101300,11639,0.13290981491539
101309,11639,0.17151140403778
12077,11639,0.415827743662235
101360,11639,0.17541298045385
101460,11639,0.176222526514551
103446,11639,0.144550005274276
11678,12947,0.57353932994471
11639,12947,0.247222748427355
12947,12947,1
12071,12947,0.533723917269704
11638,12947,0.237386024359978
12946,12947,0.334420552821733
12261,12947,0.170463688781623
12090,12947,0.0755436443616656
12536,12947,0.227734362780557
12829,12947,0.385825713353778
10480,12947,0.352327044572717
11408,12947,0.16541043753536
11081,12947,0.226655331037656
30015,12947,0.0388850533943891
100790,12947,0.114584263764188
30022,12947,0.429865438045369
10188,12947,0.226162506317049
100914,12947,0.42504780509278
30013,12947,0.0419439694541668
30014,12947,0.0401531174323092
12828,12947,0.586548293735557
11407,12947,0.159348457287514
101078,12947,0.142711253853548
20110,12947,0.164105202577092
11017,12947,0.179271055989853
20084,12947,0.188861772974682
100853,12947,0.0662197630279576
12983,12947,0.226582921180662
20128,12947,0.270345493366251
100851,12947,0.109344346484727
100852,12947,0.0672972885241015
100789,12947,0.0367034705761612
30036,12947,0.041011439226769
100796,12947,0.075590112745442
100931,12947,0.169767869376622
100949,12947,0.155535210053548
12506,12947,0.227775471108123
101552,12947,0.321111663284795
101553,12947,0.416221122358275
101183,12947,0.0677368448851909
10197,12947,0.18678224316799
101496,12947,0.0367819345055648
100895,12947,0.237428300597138
101538,12947,0.157085486428571
100975,12947,0.0356385630181054
100976,12947,0.238529560940444
103106,12947,0.105545053420904
101338,12947,0.237019865008119
101407,12947,0.185303468548218
10120,12947,0.22439864276784
100833,12947,0.201074835843787
103169,12947,0.186739691112952
11626,12947,0.285914059209511
103455,12947,0.192817034516698
103435,12947,0.199654745234529
103441,12947,0.184178121727985
101014,12947,0.0876278982850429
101299,12947,0.17282344421392
101300,12947,0.18735822413313
101309,12947,0.271701146618994
12077,12947,0.227674011815464
101360,12947,0.376440943001718
101460,12947,0.390114226029891
103446,12947,0.21459272947664
11678,12071,0.654857796378738
11639,12071,0.242968695011158
12947,12071,0.533723917269704
12071,12071,1
11638,12071,0.245802241394294
12946,12071,0.349619975774399
12261,12071,0.183442808118759
12090,12071,0.0857875647694549
12536,12071,0.238506333978041
12829,12071,0.374649581207037
10480,12071,0.383869052653419
11408,12071,0.19383688962156
11081,12071,0.240875667764386
30015,12071,0.0394569154490359
100790,12071,0.120877111103464
30022,12071,0.405248887327789
10188,12071,0.237523298228526
100914,12071,0.410153089500241
30013,12071,0.0475404605258711
30014,12071,0.0506155767585733
12828,12071,0.652477138097833
11407,12071,0.188548520024355
101078,12071,0.118454671442717
20110,12071,0.192567080887098
11017,12071,0.177381712688225
20084,12071,0.180301054953222
100853,12071,0.0550083968237836
12983,12071,0.257629558384148
20128,12071,0.269465353615971
100851,12071,0.122026915435068
100852,12071,0.0585317094825951
100789,12071,0.0429007563946708
30036,12071,0.0441324942534635
100796,12071,0.0858403343904685
100931,12071,0.200606488355747
100949,12071,0.169678045371399
12506,12071,0.230339259685823
101552,12071,0.321673896907519
101553,12071,0.412333489062406
101183,12071,0.0579904611388876
10197,12071,0.181469861259334
101496,12071,0.0427852047872353
100895,12071,0.245864578872114
101538,12071,0.131981073071558
100975,12071,0.0436615210859404
100976,12071,0.25094766122928
103106,12071,0.102805051638487
101338,12071,0.250945120089708
101407,12071,0.198753443868956
10120,12071,0.231630759365632
100833,12071,0.201312784114439
103169,12071,0.181428519451927
11626,12071,0.303063379261463
103455,12071,0.240013508113733
103435,12071,0.244693159263292
103441,12071,0.177218188234605
101014,12071,0.0993716240479097
101299,12071,0.186610483916513
101300,12071,0.202253319386439
101309,12071,0.273666057491392
12077,12071,0.238443128376301
101360,12071,0.32388649077502
101460,12071,0.351478990150609
103446,12071,0.219928099681827
11678,11638,0.250413492318269
11639,11638,0.844802139300569
12947,11638,0.237386024359978
12071,11638,0.245802241394294
11638,11638,1
12946,11638,0.205034812011641
12261,11638,0.290280755741927
12090,11638,0.0717689445323824
12536,11638,0.427939348181732
12829,11638,0.219786848848378
10480,11638,0.221812021705143
11408,11638,0.283740084252391
11081,11638,0.382900932401996
30015,11638,0.0475731877574934
100790,11638,0.105858769746105
30022,11638,0.184487793296098
10188,11638,0.430389863729028
100914,11638,0.177515963322046
30013,11638,0.0614599102331607
30014,11638,0.0450783302366713
12828,11638,0.249186675890889
11407,11638,0.287148046165903
101078,11638,0.242755304116521
20110,11638,0.28229128995382
11017,11638,0.152253476603853
20084,11638,0.173384081038637
100853,11638,0.0666284161588249
12983,11638,0.369247316446104
20128,11638,0.200937262418199
100851,11638,0.107695429271825
100852,11638,0.065654781654584
100789,11638,0.0315671560737269
30036,11638,0.0539603205354842
100796,11638,0.0718130910239363
100931,11638,0.272344580116128
100949,11638,0.297861197119281
12506,11638,0.411148946425119
101552,11638,0.199637579202647
101553,11638,0.189581663892847
101183,11638,0.0686677926342129
10197,11638,0.174440346352141
101496,11638,0.0305561860689781
100895,11638,0.991074845873165
101538,11638,0.268300103176031
100975,11638,0.031329463309001
100976,11638,0.150696262499989
103106,11638,0.0780472797532655
101338,11638,0.151881657377615
101407,11638,0.116804051774372
10120,11638,0.411892127044744
100833,11638,0.258271258750409
103169,11638,0.174400605983394
11626,11638,0.190684863286776
103455,11638,0.166920397252675
103435,11638,0.173816068921652
103441,11638,0.119844951677774
101014,11638,0.0806686519837016
101299,11638,0.294681001364535
101300,11638,0.125679939668847
101309,11638,0.181443922541079
12077,11638,0.427825941700827
101360,11638,0.184842845154123
101460,11638,0.184120598500871
103446,11638,0.152556332188352
11678,12946,0.368214271118954
11639,12946,0.195160155673216
12947,12946,0.334420552821733
12071,12946,0.349619975774399
11638,12946,0.205034812011641
12946,12946,1
12261,12946,0.156570238055366
12090,12946,0.0819980181652086
12536,12946,0.182080643822704
12829,12946,0.262037688212997
10480,12946,0.648525578973874
11408,12946,0.157644987479732
11081,12946,0.178350552453055
30015,12946,0.0520131024941815
100790,12946,0.122415579962195
30022,12946,0.225435767406057
10188,12946,0.174729007659511
100914,12946,0.238445060868346
30013,12946,0.0521011271659254
30014,12946,0.0536341168649867
12828,12946,0.389831737430517
11407,12946,0.158832758734597
101078,12946,0.120124943587397
20110,12946,0.155841378317439
11017,12946,0.119753981070584
20084,12946,0.129759047115268
100853,12946,0.0672190754369874
12983,12946,0.182412180934957
20128,12946,0.211844269233445
100851,12946,0.131625295666856
100852,12946,0.0692524472468662
100789,12946,0.0617829935196421
30036,12946,0.0541206040763485
100796,12946,0.0820484567614559
100931,12946,0.173183274941704
100949,12946,0.141259325970728
12506,12946,0.181072913097411
101552,12946,0.19319404043054
101553,12946,0.22598728107198
101183,12946,0.0690576412973716
10197,12946,0.127681251613218
101496,12946,0.0635163238012584
100895,12946,0.205573952600557
101538,12946,0.140136332131529
100975,12946,0.0707903233631636
100976,12946,0.18947452533318
103106,12946,0.0988967693430975
101338,12946,0.18866511137805
101407,12946,0.145119489547095
10120,12946,0.177717712420656
100833,12946,0.177774433763096
103169,12946,0.127652163732304
11626,12946,0.217545513726702
103455,12946,0.177752928454375
103435,12946,0.180448917681553
103441,12946,0.114693662733223
101014,12946,0.0929530401119455
101299,12946,0.158662992955342
101300,12946,0.146903149299032
101309,12946,0.165969493027758
12077,12946,0.182032391365563
101360,12946,0.218199042196378
101460,12946,0.21845796549117
103446,12946,0.142966391357691
11678,12261,0.198083647906435
11639,12261,0.280924115570233
12947,12261,0.170463688781623
12071,12261,0.183442808118759
11638,12261,0.290280755741927
12946,12261,0.156570238055366
12261,12261,1
12090,12261,0.0719182681397183
12536,12261,0.370410911418419
12829,12261,0.150381338503471
10480,12261,0.155057240456311
11408,12261,0.873090816338346
11081,12261,0.375437966899439
30015,12261,0.0464584863505044
100790,12261,0.0891199149984433
30022,12261,0.116933359603251
10188,12261,0.369731603924405
100914,12261,0.111570890262477
30013,12261,0.0641667963211586
30014,12261,0.0534702072964216
12828,12261,0.184008330533867
11407,12261,0.809969217491056
101078,12261,0.121014833616553
20110,12261,0.867486459927658
11017,12261,0.115012726005217
20084,12261,0.116829778981445
100853,12261,0.0541415086003868
12983,12261,0.356002508055939
20128,12261,0.130518473526522
100851,12261,0.0956830405282755
100852,12261,0.053959112347207
100789,12261,0.0327540308728526
30036,12261,0.0609570286247871
100796,12261,0.0719625064831645
100931,12261,0.190940393894724
100949,12261,0.183183418023808
12506,12261,0.387982494584113
101552,12261,0.135276626389434
101553,12261,0.116323484635963
101183,12261,0.057532881238804
10197,12261,0.116431730744966
101496,12261,0.0355375285779841
100895,12261,0.290558977765978
101538,12261,0.127133276845855
100975,12261,0.0351079933377829
100976,12261,0.1136632929873
103106,12261,0.0787364239304381
101338,12261,0.111956050326847
101407,12261,0.0821339977117294
10120,12261,0.388187396892869
100833,12261,0.171173392410396
103169,12261,0.116405205689206
11626,12261,0.11389857255184
103455,12261,0.114438356850934
103435,12261,0.108617142545681
103441,12261,0.0919987478768126
101014,12261,0.0807123196644091
101299,12261,0.96692190155847
101300,12261,0.0818856730017661
101309,12261,0.136467703124171
12077,12261,0.371772590330933
101360,12261,0.104009812260675
101460,12261,0.109104426464832
103446,12261,0.10671748263554
11678,12090,0.0992719331164012
11639,12090,0.0723837565485328
12947,12090,0.0755436443616656
12071,12090,0.0857875647694549
11638,12090,0.0717689445323824
12946,12090,0.0819980181652086
12261,12090,0.0719182681397183
12090,12090,1
12536,12090,0.0787037049815458
12829,12090,0.0762010984791628
10480,12090,0.084542999297743
11408,12090,0.0689194014645184
11081,12090,0.0729410639385727
30015,12090,0.09215820554779
100790,12090,0.189659630129602
30022,12090,0.0548268420105611
10188,12090,0.0776824345459674
100914,12090,0.0546430936572009
30013,12090,0.104645232518659
30014,12090,0.101117566177597
12828,12090,0.0951837794437638
11407,12090,0.0708941631214749
101078,12090,0.0386497829687453
20110,12090,0.070608886953308
11017,12090,0.079080356757214
20084,12090,0.0853166001202169
100853,12090,0.0997088811626786
12983,12090,0.0813300418762794
20128,12090,0.060883199275551
100851,12090,0.19243237102383
100852,12090,0.105009566549333
100789,12090,0.0488555627822878
30036,12090,0.10325672415715
100796,12090,0.992989979897889
100931,12090,0.0520372739729917
100949,12090,0.0504730845898808
12506,12090,0.0835589368409296
101552,12090,0.0785558792526119
101553,12090,0.0517074978735292
101183,12090,0.104400595813058
10197,12090,0.0840165681363112
101496,12090,0.0444482908664378
100895,12090,0.0708782965921149
101538,12090,0.0454546396554132
100975,12090,0.0469297274463259
100976,12090,0.0474376309346115
103106,12090,0.123380965752727
101338,12090,0.0464046842077005
101407,12090,0.037279629264504
10120,12090,0.0846841403325738
100833,12090,0.0596606688536915
103169,12090,0.0839974277856501
11626,12090,0.0592785216650596
103455,12090,0.0692024546856899
103435,12090,0.067454803208448
103441,12090,0.0654651070934429
101014,12090,0.52253977267497
101299,12090,0.0726990537011742
101300,12090,0.0385079920280055
101309,12090,0.07414648978303
12077,12090,0.0786828480300781
101360,12090,0.0579409401431459
101460,12090,0.0537391627264468
103446,12090,0.0628164926851305
11678,12536,0.254851700152348
11639,12536,0.416454021777824
12947,12536,0.227734362780557
12071,12536,0.238506333978041
11638,12536,0.427939348181732
12946,12536,0.182080643822704
12261,12536,0.370410911418419
12090,12536,0.0787037049815458
12536,12536,1
12829,12536,0.208147521509157
10480,12536,0.210296550721209
11408,12536,0.357297650861717
11081,12536,0.610033265289595
30015,12536,0.0600241437462814
100790,12536,0.126983504421045
30022,12536,0.164682770118944
10188,12536,0.992836610612392
100914,12536,0.176739564176589
30013,12536,0.0936464333431995
30014,12536,0.0680285477450822
12828,12536,0.250701502462948
11407,12536,0.392035028331052
101078,12536,0.184853764147618
20110,12536,0.355943437536673
11017,12536,0.141290515812146
20084,12536,0.156748600125694
100853,12536,0.0658826669123283
12983,12536,0.646164558126358
20128,12536,0.172168189019549
100851,12536,0.134716687586975
100852,12536,0.061980093576984
100789,12536,0.039992884636424
30036,12536,0.0785162084195645
100796,12536,0.0787521171808594
100931,12536,0.260104771989493
100949,12536,0.269458807461773
12506,12536,0.765937107725518
101552,12536,0.201375608332799
101553,12536,0.174839634409904
101183,12536,0.0652957446863019
10197,12536,0.157803225731035
101496,12536,0.0364348914618093
100895,12536,0.429064617934392
101538,12536,0.189905459008385
100975,12536,0.0420265569702907
100976,12536,0.134646212856497
103106,12536,0.0825484913474913
101338,12536,0.13343531598843
101407,12536,0.0952576524805913
10120,12536,0.767929340735954
100833,12536,0.242576107852953
103169,12536,0.15776727557093
11626,12536,0.188194844944285
103455,12536,0.163568013113882
103435,12536,0.160834764284544
103441,12536,0.116189008250534
101014,12536,0.093492035338423
101299,12536,0.375928979132166
101300,12536,0.0970170008833977
101309,12536,0.176672900223479
12077,12536,0.994964254400531
101360,12536,0.155370486041792
101460,12536,0.146242012867358
103446,12536,0.159689276687234
11678,12829,0.396628698596127
11639,12829,0.210477520978726
12947,12829,0.385825713353778
12071,12829,0.374649581207037
11638,12829,0.219786848848378
12946,12829,0.262037688212997
12261,12829,0.150381338503471
12090,12829,0.0762010984791628
12536,12829,0.208147521509157
12829,12829,1
10480,12829,0.251498324926138
11408,12829,0.139830182494757
11081,12829,0.199090075219303
30015,12829,0.0440027106504667
100790,12829,0.145350677786611
30022,12829,0.260228379443644
10188,12829,0.207231119241325
100914,12829,0.262041919240789
30013,12829,0.0621349661969614
30014,12829,0.0553110372077597
12828,12829,0.399345784065629
11407,12829,0.143547355222871
101078,12829,0.124515396262465
20110,12829,0.138602546922169
11017,12829,0.168311556380007
20084,12829,0.179870374683681
100853,12829,0.0806715841547489
12983,12829,0.188859846759133
20128,12829,0.312029043028215
100851,12829,0.134843767607496
100852,12829,0.0836708026779409
100789,12829,0.0439771870342528
30036,12829,0.063589919262649
100796,12829,0.0762479712759181
100931,12829,0.158067256888032
100949,12829,0.142213141148242
12506,12829,0.211967511811319
101552,12829,0.263617819296327
101553,12829,0.246704723711833
101183,12829,0.0814403490972757
10197,12829,0.177947298872291
101496,12829,0.04024684018637
100895,12829,0.220364780029729
101538,12829,0.140788897310146
100975,12829,0.0441380598666858
100976,12829,0.219741378601142
103106,12829,0.105110825678372
101338,12829,0.216521864446681
101407,12829,0.153864348509728
10120,12829,0.212079456636557
100833,12829,0.200251283070377
103169,12829,0.177906759562305
11626,12829,0.251959690158525
103455,12829,0.185403890489364
103435,12829,0.186897700127901
103441,12829,0.150086349969994
101014,12829,0.0924897918628943
101299,12829,0.152415320716044
101300,12829,0.151432856605838
101309,12829,0.215621089879897
12077,12829,0.208092361173881
101360,12829,0.250066048378976
101460,12829,0.260361337916339
103446,12829,0.188559394561565
11678,10480,0.401088016793722
11639,10480,0.215563241018963
12947,10480,0.352327044572717
12071,10480,0.383869052653419
11638,10480,0.221812021705143
12946,10480,0.648525578973874
12261,10480,0.155057240456311
12090,10480,0.084542999297743
12536,10480,0.210296550721209
12829,10480,0.251498324926138
10480,10480,1
11408,10480,0.155972001899621
11081,10480,0.216536582405361
30015,10480,0.0695232102155313
100790,10480,0.126169522335543
30022,10480,0.236097119655972
10188,10480,0.209344517131587
100914,10480,0.243682386766142
30013,10480,0.0846026524338818
30014,10480,0.0755112462517275
12828,10480,0.403377053737161
11407,10480,0.158813425800446
101078,10480,0.127630391869168
20110,10480,0.154225557732898
11017,10480,0.133121930246081
20084,10480,0.135800157038756
100853,10480,0.0685851544077945
12983,10480,0.209253200784863
20128,10480,0.21207319578288
100851,10480,0.125590699372151
100852,10480,0.0678345410104177
100789,10480,0.0620382888607841
30036,10480,0.0771427058062316
100796,10480,0.0845950033620184
100931,10480,0.165812039462622
100949,10480,0.136373765129449
12506,10480,0.194173422487031
101552,10480,0.237864751271964
101553,10480,0.230068756744855
101183,10480,0.0661091105075231
10197,10480,0.135343481690088
101496,10480,0.0564483630961085
100895,10480,0.222395278093839
101538,10480,0.15002100969166
100975,10480,0.0563006651485183
100976,10480,0.206381417180435
103106,10480,0.092172423426709
101338,10480,0.207345397640203
101407,10480,0.137105521697267
10120,10480,0.196509026976978
100833,10480,0.18120942109121
103169,10480,0.135312648227633
11626,10480,0.235358714347623
103455,10480,0.17337540807647
103435,10480,0.177693211932255
103441,10480,0.126524870658261
101014,10480,0.0961010709677485
101299,10480,0.157151008894709
101300,10480,0.13725804795174
101309,10480,0.203043351313876
12077,10480,0.210240820880368
101360,10480,0.225917134190171
101460,10480,0.248777619288373
103446,10480,0.161027780957007
11678,11408,0.194441242581699
11639,11408,0.276019766830467
12947,11408,0.16541043753536
12071,11408,0.19383688962156
11638,11408,0.283740084252391
12946,11408,0.157644987479732
12261,11408,0.873090816338346
12090,11408,0.0689194014645184
12536,11408,0.357297650861717
12829,11408,0.139830182494757
10480,11408,0.155972001899621
11408,11408,1
11081,11408,0.360711328665497
30015,11408,0.0507335154899137
100790,11408,0.0861244764887756
30022,11408,0.113258057369675
10188,11408,0.35664852642633
100914,11408,0.103245802635109
30013,11408,0.0626736747007994
30014,11408,0.0555432378526236
12828,11408,0.177860017681622
11407,11408,0.798126179041067
101078,11408,0.11695429547312
20110,11408,0.987056702023642
11017,11408,0.111423649731695
20084,11408,0.112822722364292
100853,11408,0.0518839018742165
12983,11408,0.345323929141894
20128,11408,0.125076080225334
100851,11408,0.0891562575076997
100852,11408,0.0509411541300667
100789,11408,0.0344925766627416
30036,11408,0.0580205290927916
100796,11408,0.0689617951459983
100931,11408,0.188326526575264
100949,11408,0.171527233140478
12506,11408,0.367616266068331
101552,11408,0.134710538456088
101553,11408,0.107977328761714
101183,11408,0.0538516773783883
10197,11408,0.113739069843891
101496,11408,0.0403993797075922
100895,11408,0.283091640847237
101538,11408,0.121467273769598
100975,11408,0.0380806292535628
100976,11408,0.115274969376136
103106,11408,0.076515973878792
101338,11408,0.113914269645659
101407,11408,0.0857577337395703
10120,11408,0.36827599531297
100833,11408,0.170490870628119
103169,11408,0.113713158220398
11626,11408,0.119697232163025
103455,11408,0.111762014209194
103435,11408,0.107969243980315
103441,11408,0.095050260137783
101014,11408,0.0780467269840167
101299,11408,0.843597490658652
101300,11408,0.0845385423839713
101309,11408,0.135944726917481
12077,11408,0.35860193207741
101360,11408,0.110607351044218
101460,11408,0.11068122896072
103446,11408,0.114641558769169
11678,11081,0.271637248966153
11639,11081,0.380582755293709
12947,11081,0.226655331037656
12071,11081,0.240875667764386
11638,11081,0.382900932401996
12946,11081,0.178350552453055
12261,11081,0.375437966899439
12090,11081,0.0729410639385727
12536,11081,0.610033265289595
12829,11081,0.199090075219303
10480,11081,0.216536582405361
11408,11081,0.360711328665497
11081,11081,1
30015,11081,0.0566160957507413
100790,11081,0.102736206959387
30022,11081,0.173410639268183
10188,11081,0.60893463316639
100914,11081,0.160204846810957
30013,11081,0.0784865058644574
30014,11081,0.0703613665266533
12828,11081,0.273085215747464
11407,11081,0.378501385744433
101078,11081,0.182119542955934
20110,11081,0.359835785764961
11017,11081,0.152453258183826
20084,11081,0.177034916559657
100853,11081,0.0575531526243079
12983,11081,0.646768852063925
20128,11081,0.165272188495537
100851,11081,0.107426717731612
100852,11081,0.0550254492870817
100789,11081,0.0398033937247936
30036,11081,0.0768045748676224
100796,11081,0.0729859314238628
100931,11081,0.229916691900841
100949,11081,0.242657579986991
12506,11081,0.599106708846002
101552,11081,0.197811812892584
101553,11081,0.163465089217792
101183,11081,0.0565729524559204
10197,11081,0.178094127824575
101496,11081,0.0351290631478235
100895,11081,0.384433674359041
101538,11081,0.198084539722865
100975,11081,0.0418274302839967
100976,11081,0.131852614949087
103106,11081,0.072939711235276
101338,11081,0.132803084032665
101407,11081,0.108539935157343
10120,11081,0.600476578296757
100833,11081,0.229827959964601
103169,11081,0.178053555064549
11626,11081,0.186265465393688
103455,11081,0.167929681567668
103435,11081,0.164862916377393
103441,11081,0.11189816273555
101014,11081,0.0815664093981377
101299,11081,0.381067294040637
101300,11081,0.10799776424294
101309,11081,0.181232298845187
12077,11081,0.609344032243362
101360,11081,0.159392301874468
101460,11081,0.1501697076915
103446,11081,0.142462945722258
11678,30015,0.0608417142347383
11639,30015,0.0546016534623779
12947,30015,0.0388850533943891
12071,30015,0.0394569154490359
11638,30015,0.0475731877574934
12946,30015,0.0520131024941815
12261,30015,0.0464584863505044
12090,30015,0.09215820554779
12536,30015,0.0600241437462814
12829,30015,0.0440027106504667
10480,30015,0.0695232102155313
11408,30015,0.0507335154899137
11081,30015,0.0566160957507413
30015,30015,1
100790,30015,0.12396102355323
30022,30015,0.0363529433486557
10188,30015,0.05967931296066
100914,30015,0.0387849716753659
30013,30015,0.403470479562165
30014,30015,0.503017952977264
12828,30015,0.052998688586494
11407,30015,0.0567840531064731
101078,30015,0.0281837970189825
20110,30015,0.0508065359057086
11017,30015,0.0355238527618852
20084,30015,0.0370842406567715
100853,30015,0.0610933326280839
12983,30015,0.0615145830506343
20128,30015,0.0460241176513446
100851,30015,0.120710503158945
100852,30015,0.062437693736797
100789,30015,0.063823625480536
30036,30015,0.429235888681524
100796,30015,0.0922148938754413
100931,30015,0.0424103307947459
100949,30015,0.040290712610693
12506,30015,0.0532279436078675
101552,30015,0.0550985559093828
101553,30015,0.0362613454014543
101183,30015,0.0625476633410357
10197,30015,0.0381923493591643
101496,30015,0.061217976702675
100895,30015,0.0473073122914404
101538,30015,0.0257707755365153
100975,30015,0.0677885799843746
100976,30015,0.021367392561772
103106,30015,0.0801463577348501
101338,30015,0.0201705468142777
101407,30015,0.0329353537412431
10120,30015,0.0524728772139256
100833,30015,0.0411981438145241
103169,30015,0.0381836485162768
11626,30015,0.0594015083628597
103455,30015,0.050818693603192
103435,30015,0.0471855378408401
103441,30015,0.0560767366466774
101014,30015,0.103321356609488
101299,30015,0.0466648503987028
101300,30015,0.0316391326530406
101309,30015,0.0397847261889914
12077,30015,0.0600082369900073
101360,30015,0.0318349303383904
101460,30015,0.0357249124067121
103446,30015,0.0416297294599572
11678,100790,0.137414714676586
11639,100790,0.10923740923394
12947,100790,0.114584263764188
12071,100790,0.120877111103464
11638,100790,0.105858769746105
12946,100790,0.122415579962195
12261,100790,0.0891199149984433
12090,100790,0.189659630129602
12536,100790,0.126983504421045
12829,100790,0.145350677786611
10480,100790,0.126169522335543
11408,100790,0.0861244764887756
11081,100790,0.102736206959387
30015,100790,0.12396102355323
100790,100790,1
30022,100790,0.0783739542470281
10188,100790,0.126264718600777
100914,100790,0.0792005833942848
30013,100790,0.160616529843837
30014,100790,0.140835107188233
12828,100790,0.131648685194424
11407,100790,0.0898782824617147
101078,100790,0.044717972094148
20110,100790,0.0884136675572775
11017,100790,0.0943176769349535
20084,100790,0.0979399767906119
100853,100790,0.106685213066395
12983,100790,0.106505825016607
20128,100790,0.0866702181707815
100851,100790,0.554114758155087
100852,100790,0.108129701334193
100789,100790,0.0711832354383813
30036,100790,0.155977188236596
100796,100790,0.190334459073318
100931,100790,0.0707833732984128
100949,100790,0.0673094440041734
12506,100790,0.122595098315516
101552,100790,0.105335871286639
101553,100790,0.0801567073236233
101183,100790,0.107419355634571
10197,100790,0.0964654653519163
101496,100790,0.0598141199617474
100895,100790,0.106137126181789
101538,100790,0.0483700149139283
100975,100790,0.064285985352171
100976,100790,0.0711136212234465
103106,100790,0.130967844001011
101338,100790,0.0698321948385786
101407,100790,0.0536460811844791
10120,100790,0.122659843552834
100833,100790,0.0820302656369047
103169,100790,0.0964434889385199
11626,100790,0.101088451853474
103455,100790,0.0892527187442942
103435,100790,0.088619417345398
103441,100790,0.0817777464048698
101014,100790,0.212379259660342
101299,100790,0.0901581706309962
101300,100790,0.0557689342322158
101309,100790,0.0928543214178579
12077,100790,0.126949853034626
101360,100790,0.0716496702782511
101460,100790,0.0735263091924239
103446,100790,0.0933251299711009
11678,30022,0.403794979027006
11639,30022,0.185961952623116
12947,30022,0.429865438045369
12071,30022,0.405248887327789
11638,30022,0.184487793296098
12946,30022,0.225435767406057
12261,30022,0.116933359603251
12090,30022,0.0548268420105611
12536,30022,0.164682770118944
12829,30022,0.260228379443644
10480,30022,0.236097119655972
11408,30022,0.113258057369675
11081,30022,0.173410639268183
30015,30022,0.0363529433486557
100790,30022,0.0783739542470281
30022,30022,1
10188,30022,0.162992756281083
100914,30022,0.616909962475526
30013,30022,0.0395971073879992
30014,30022,0.0408192318937433
12828,30022,0.410868663385199
11407,30022,0.110303053389563
101078,30022,0.111822657191617
20110,30022,0.1118179442987
11017,30022,0.131425797107501
20084,30022,0.143763503653206
100853,30022,0.0481339587550896
12983,30022,0.16568840315703
20128,30022,0.199657910584253
100851,30022,0.0795311830580607
100852,30022,0.0479352651919867
100789,30022,0.0322949839580691
30036,30022,0.0365701007885742
100796,30022,0.0548605670811123
100931,30022,0.137476714727456
100949,30022,0.126598217639858
12506,30022,0.155214373475101
101552,30022,0.217772122597183
101553,30022,0.68868379528319
101183,30022,0.0475194869853152
10197,30022,0.142141870615904
101496,30022,0.0302838075147955
100895,30022,0.186333000236133
101538,30022,0.114909457668057
100975,30022,0.0313707098518134
100976,30022,0.180565654793349
103106,30022,0.0711711168999676
101338,30022,0.181269369772644
101407,30022,0.120303409708181
10120,30022,0.156658594333945
100833,30022,0.14294872762564
103169,30022,0.142109488369074
11626,30022,0.229903149910968
103455,30022,0.172017971441926
103435,30022,0.170686240284833
103441,30022,0.122797243111605
101014,30022,0.0638307048741689
101299,30022,0.11887633594244
101300,30022,0.127028901625427
101309,30022,0.182597728064392
12077,30022,0.164639128202153
101360,30022,0.368334824512516
101460,30022,0.380803363783015
103446,30022,0.163632910810708
11678,10188,0.253303687370018
11639,10188,0.417302100503636
12947,10188,0.226162506317049
12071,10188,0.237523298228526
11638,10188,0.430389863729028
12946,10188,0.174729007659511
12261,10188,0.369731603924405
12090,10188,0.0776824345459674
12536,10188,0.992836610612392
12829,10188,0.207231119241325
10480,10188,0.209344517131587
11408,10188,0.35664852642633
11081,10188,0.60893463316639
30015,10188,0.05967931296066
100790,10188,0.126264718600777
30022,10188,0.162992756281083
10188,10188,1
100914,10188,0.174559035319866
30013,10188,0.092824150813607
30014,10188,0.0685277028819691
12828,10188,0.249744905676594
11407,10188,0.394793254464513
101078,10188,0.184627220953473
20110,10188,0.355291890988138
11017,10188,0.140030178322675
20084,10188,0.155398117960787
100853,10188,0.0650713492621982
12983,10188,0.647205700347794
20128,10188,0.174528577801603
100851,10188,0.13399934896963
100852,10188,0.0611557931542143
100789,10188,0.0400247303359384
30036,10188,0.0799257935671262
100796,10188,0.0777302185417181
100931,10188,0.25987731184808
100949,10188,0.268970183213485
12506,10188,0.765488244701964
101552,10188,0.201011127304158
101553,10188,0.173211393240472
101183,10188,0.0644725457234497
10197,10188,0.156452911076785
101496,10188,0.0364639039878093
100895,10188,0.431521577130854
101538,10188,0.189641706800344
100975,10188,0.0420600220508186
100976,10188,0.133669621755553
103106,10188,0.0814052347663051
101338,10188,0.132464620281118
101407,10188,0.0953335046379167
10120,10188,0.767481504937415
100833,10188,0.240609398432276
103169,10188,0.156417268540481
11626,10188,0.186779510088121
103455,10188,0.162506282108202
103435,10188,0.159758623723974
103441,10188,0.114087536625414
101014,10188,0.0923720158407525
101299,10188,0.375234327196074
101300,10188,0.0975544163230894
101309,10188,0.175909164751366
12077,10188,0.987798964489579
101360,10188,0.154537317678773
101460,10188,0.145893833020482
103446,10188,0.158988370296026
11678,100914,0.403072976059823
11639,100914,0.175176459212078
12947,100914,0.42504780509278
12071,100914,0.410153089500241
11638,100914,0.177515963322046
12946,100914,0.238445060868346
12261,100914,0.111570890262477
12090,100914,0.0546430936572009
12536,100914,0.176739564176589
12829,100914,0.262041919240789
10480,100914,0.243682386766142
11408,100914,0.103245802635109
11081,100914,0.160204846810957
30015,100914,0.0387849716753659
100790,100914,0.0792005833942848
30022,100914,0.616909962475526
10188,100914,0.174559035319866
100914,100914,1
30013,100914,0.0439049483234064
30014,100914,0.0435680662276935
12828,100914,0.40177677488768
11407,100914,0.102638959053364
101078,100914,0.108797226798399
20110,100914,0.101759709512353
11017,100914,0.133613853802581
20084,100914,0.1371368480474
100853,100914,0.0470682214000986
12983,100914,0.165268356263098
20128,100914,0.183182111241748
100851,100914,0.083980809527877
100852,100914,0.0460788563358004
100789,100914,0.0343030748585262
30036,100914,0.0408230174142139
100796,100914,0.0546767057005204
100931,100914,0.141323677472981
100949,100914,0.134623730958165
12506,100914,0.159659268872372
101552,100914,0.22114298718074
101553,100914,0.637351688135952
101183,100914,0.0469250967176915
10197,100914,0.135478971319697
101496,100914,0.0332044842958659
100895,100914,0.179369621406228
101538,100914,0.115721258113607
100975,100914,0.0360329965404299
100976,100914,0.175278555893978
103106,100914,0.0679928242324638
101338,100914,0.175738278573186
101407,100914,0.115662624598527
10120,100914,0.161132663217283
100833,100914,0.141232225472434
103169,100914,0.135448106990485
11626,100914,0.225308700373874
103455,100914,0.180268154452229
103435,100914,0.177556495082293
103441,100914,0.115077632349023
101014,100914,0.0640435014011517
101299,100914,0.113396833023042
101300,100914,0.121887315112302
101309,100914,0.174334067430595
12077,100914,0.176692727137426
101360,100914,0.36764150126855
101460,100914,0.380585015908776
103446,100914,0.16070223307954
11678,30013,0.058646176515111
11639,30013,0.0693389552457839
12947,30013,0.0419439694541668
12071,30013,0.0475404605258711
11638,30013,0.0614599102331607
12946,30013,0.0521011271659254
12261,30013,0.0641667963211586
12090,30013,0.104645232518659
12536,30013,0.0936464333431995
12829,30013,0.0621349661969614
10480,30013,0.0846026524338818
11408,30013,0.0626736747007994
11081,30013,0.0784865058644574
30015,30013,0.403470479562165
100790,30013,0.160616529843837
30022,30013,0.0395971073879992
10188,30013,0.092824150813607
100914,30013,0.0439049483234064
30013,30013,1
30014,30013,0.519647201454851
12828,30013,0.0571136232696307
11407,30013,0.0615493423222075
101078,30013,0.0284022177424054
20110,30013,0.062763880509363
11017,30013,0.0502324692544053
20084,30013,0.052320294108362
100853,30013,0.0814455085249887
12983,30013,0.0769267727813505
20128,30013,0.0502182574401559
100851,30013,0.158057875311429
100852,30013,0.0836061422683032
100789,30013,0.0705746618008246
30036,30013,0.770427218633011
100796,30013,0.104709601862581
100931,30013,0.0499053435454955
100949,30013,0.0528449711767593
12506,30013,0.0724146117881991
101552,30013,0.0589405149115508
101553,30013,0.0373105239085931
101183,30013,0.082275394122805
10197,30013,0.0535904246097695
101496,30013,0.0657486366369023
100895,30013,0.0616215195319561
101538,30013,0.0280316461097792
100975,30013,0.0685437347911971
100976,30013,0.0265394065346348
103106,30013,0.0922170476229518
101338,30013,0.0248558342691376
101407,30013,0.0462676941764142
10120,30013,0.0715583758799486
100833,30013,0.0561718946111118
103169,30013,0.0535782158330739
11626,30013,0.0497812283015543
103455,30013,0.0553568985361444
103435,30013,0.053213503145587
103441,30013,0.0600763634340719
101014,30013,0.116996438036107
101299,30013,0.0646274901692824
101300,30013,0.0454608859481384
101309,30013,0.0549847578364375
12077,30013,0.0936216164795483
101360,30013,0.0379751642153271
101460,30013,0.0353094339414648
103446,30013,0.0611805168230424
11678,30014,0.0679770566245654
11639,30014,0.0441402872413184
12947,30014,0.0401531174323092
12071,30014,0.0506155767585733
11638,30014,0.0450783302366713
12946,30014,0.0536341168649867
12261,30014,0.0534702072964216
12090,30014,0.101117566177597
12536,30014,0.0680285477450822
12829,30014,0.0553110372077597
10480,30014,0.0755112462517275
11408,30014,0.0555432378526236
11081,30014,0.0703613665266533
30015,30014,0.503017952977264
100790,30014,0.140835107188233
30022,30014,0.0408192318937433
10188,30014,0.0685277028819691
100914,30014,0.0435680662276935
30013,30014,0.519647201454851
30014,30014,1
12828,30014,0.0712075427688525
11407,30014,0.060667161766348
101078,30014,0.0281842878961959
20110,30014,0.0556231808702408
11017,30014,0.0402610676783022
20084,30014,0.0420295380934207
100853,30014,0.0757542135969742
12983,30014,0.0679527355909501
20128,30014,0.0372582679670669
100851,30014,0.143371621603306
100852,30014,0.0766202791083122
100789,30014,0.0680603787403559
30036,30014,0.539149141894828
100796,30014,0.100270965294781
100931,30014,0.0396907634853825
100949,30014,0.0477258301639109
12506,30014,0.0607696273585255
101552,30014,0.0642051632029726
101553,30014,0.0362837559304782
101183,30014,0.0747996808553759
10197,30014,0.0432854164960534
101496,30014,0.0706546385447386
100895,30014,0.0456399705572321
101538,30014,0.0288596806419302
100975,30014,0.0662556804475101
100976,30014,0.0245195100135194
103106,30014,0.0837429812548192
101338,30014,0.0279738508203166
101407,30014,0.039193753577825
10120,30014,0.0599141048023298
100833,30014,0.0427105508493159
103169,30014,0.0432755553690326
11626,30014,0.0524593885871464
103455,30014,0.0512700027241252
103435,30014,0.0491054694777289
103441,30014,0.0517367112836698
101014,30014,0.115765108864932
101299,30014,0.0537206295594947
101300,30014,0.0374006010328457
101309,30014,0.0473635941899961
12077,30014,0.0680105197739838
101360,30014,0.0328730857937106
101460,30014,0.028420120815881
103446,30014,0.0489157840668584
11678,12828,0.762423440059369
11639,12828,0.25468339083614
12947,12828,0.586548293735557
12071,12828,0.652477138097833
11638,12828,0.249186675890889
12946,12828,0.389831737430517
12261,12828,0.184008330533867
12090,12828,0.0951837794437638
12536,12828,0.250701502462948
12829,12828,0.399345784065629
10480,12828,0.403377053737161
11408,12828,0.177860017681622
11081,12828,0.273085215747464
30015,12828,0.052998688586494
100790,12828,0.131648685194424
30022,12828,0.410868663385199
10188,12828,0.249744905676594
100914,12828,0.40177677488768
30013,12828,0.0571136232696307
30014,12828,0.0712075427688525
12828,12828,1
11407,12828,0.178936392622288
101078,12828,0.146465215827392
20110,12828,0.176589301776583
11017,12828,0.187305819852617
20084,12828,0.201819550105516
