Var1,Var2,Freq
11678,11678,1
11639,11678,0.373333333333333
12947,11678,0.597269624573379
12071,11678,0.659863945578231
11638,11678,0.366666666666667
12946,11678,0.454237288135593
12261,11678,0.364238410596027
12090,11678,0.331877729257642
12536,11678,0.374581939799331
12829,11678,0.446666666666667
10480,11678,0.48494983277592
11408,11678,0.370860927152318
11081,11678,0.383275261324042
30015,11678,0.293706293706294
100790,11678,0.315555555555556
30022,11678,0.554006968641115
10188,11678,0.374581939799331
100914,11678,0.531986531986532
30013,11678,0.266871165644172
30014,11678,0.283333333333333
12828,11678,0.783216783216783
11407,11678,0.354304635761589
101078,11678,0.334405144694534
20110,11678,0.367549668874172
11017,11678,0.346801346801347
20084,11678,0.32890365448505
100853,11678,0.314410480349345
12983,11678,0.370748299319728
20128,11678,0.391304347826087
100851,11678,0.31390134529148
100852,11678,0.323144104803493
100789,11678,0.403225806451613
30036,11678,0.243697478991597
100796,11678,0.331877729257642
100931,11678,0.378472222222222
100949,11678,0.382838283828383
12506,11678,0.367892976588629
101552,11678,0.397260273972603
101553,11678,0.53448275862069
101183,11678,0.327510917030568
10197,11678,0.32890365448505
101496,11678,0.390625
100895,11678,0.37
101538,11678,0.321311475409836
100975,11678,0.372881355932203
100976,11678,0.447811447811448
103106,11678,0.324444444444444
101338,11678,0.451178451178451
101407,11678,0.383647798742138
10120,11678,0.364548494983278
100833,11678,0.40893470790378
103169,11678,0.32890365448505
11626,11678,0.398671096345515
103455,11678,0.399305555555556
103435,11678,0.385416666666667
103441,11678,0.384879725085911
101014,11678,0.344978165938865
101299,11678,0.364238410596027
101300,11678,0.371069182389937
101309,11678,0.408304498269896
12077,11678,0.374581939799331
101360,11678,0.494809688581315
101460,11678,0.517123287671233
103446,11678,0.347222222222222
11678,11639,0.373333333333333
11639,11639,1
12947,11639,0.36241610738255
12071,11639,0.359861591695502
11638,11639,0.88150289017341
12946,11639,0.347682119205298
12261,11639,0.408045977011494
12090,11639,0.296875
12536,11639,0.491279069767442
12829,11639,0.366336633663366
10480,11639,0.367892976588629
11408,11639,0.413597733711048
11081,11639,0.440579710144928
30015,11639,0.277258566978193
100790,11639,0.325396825396825
30022,11639,0.354166666666667
10188,11639,0.491279069767442
100914,11639,0.322916666666667
30013,11639,0.276073619631902
30014,11639,0.261410788381743
12828,11639,0.376712328767123
11407,11639,0.39943342776204
101078,11639,0.445454545454545
20110,11639,0.410764872521246
11017,11639,0.33
20084,11639,0.345394736842105
100853,11639,0.296610169491525
12983,11639,0.426470588235294
20128,11639,0.325878594249201
100851,11639,0.343478260869565
100852,11639,0.267543859649123
100789,11639,0.273972602739726
30036,11639,0.271604938271605
100796,11639,0.296875
100931,11639,0.447916666666667
100949,11639,0.511764705882353
12506,11639,0.476470588235294
101552,11639,0.316666666666667
101553,11639,0.366782006920415
101183,11639,0.293103448275862
10197,11639,0.345394736842105
101496,11639,0.355555555555556
100895,11639,0.878612716763006
101538,11639,0.425076452599388
100975,11639,0.268965517241379
100976,11639,0.336700336700337
103106,11639,0.281385281385281
101338,11639,0.343434343434343
101407,11639,0.340625
10120,11639,0.476470588235294
100833,11639,0.452459016393443
103169,11639,0.345394736842105
11626,11639,0.341935483870968
103455,11639,0.351535836177474
103435,11639,0.344709897610921
103441,11639,0.331081081081081
101014,11639,0.300395256916996
101299,11639,0.402266288951841
101300,11639,0.332307692307692
101309,11639,0.308219178082192
12077,11639,0.491279069767442
101360,11639,0.334437086092715
101460,11639,0.345637583892617
103446,11639,0.315972222222222
11678,12947,0.597269624573379
11639,12947,0.36241610738255
12947,12947,1
12071,12947,0.568965517241379
11638,12947,0.352348993288591
12946,12947,0.442567567567568
12261,12947,0.331168831168831
12090,12947,0.31304347826087
12536,12947,0.357859531772575
12829,12947,0.458620689655172
10480,12947,0.461279461279461
11408,12947,0.337620578778135
11081,12947,0.334459459459459
30015,12947,0.253623188405797
100790,12947,0.300395256916996
30022,12947,0.579861111111111
10188,12947,0.357859531772575
100914,12947,0.569444444444444
30013,12947,0.357142857142857
30014,12947,0.26027397260274
12828,12947,0.618055555555556
11407,12947,0.321428571428571
101078,12947,0.358064516129032
20110,12947,0.334405144694534
11017,12947,0.349152542372881
20084,12947,0.34
100853,12947,0.305676855895196
12983,12947,0.357388316151203
20128,12947,0.412162162162162
100851,12947,0.317180616740088
100852,12947,0.309322033898305
100789,12947,0.328125
30036,12947,0.538461538461538
100796,12947,0.31304347826087
100931,12947,0.368055555555556
100949,12947,0.366336633663366
12506,12947,0.361204013377926
101552,12947,0.406896551724138
101553,12947,0.563139931740614
101183,12947,0.30672268907563
10197,12947,0.336666666666667
101496,12947,0.360655737704918
100895,12947,0.352348993288591
101538,12947,0.340983606557377
100975,12947,0.327868852459016
100976,12947,0.417808219178082
103106,12947,0.29646017699115
101338,12947,0.417808219178082
101407,12947,0.371428571428571
10120,12947,0.354515050167224
100833,12947,0.382838283828383
103169,12947,0.336666666666667
11626,12947,0.401993355481728
103455,12947,0.341463414634146
103435,12947,0.344947735191638
103441,12947,0.410344827586207
101014,12947,0.308695652173913
101299,12947,0.331168831168831
101300,12947,0.36741214057508
101309,12947,0.395833333333333
12077,12947,0.357859531772575
101360,12947,0.520689655172414
101460,12947,0.542372881355932
103446,12947,0.349480968858132
11678,12071,0.659863945578231
11639,12071,0.359861591695502
12947,12071,0.568965517241379
12071,12071,1
11638,12071,0.363321799307958
12946,12071,0.432432432432432
12261,12071,0.341059602649007
12090,12071,0.293172690763052
12536,12071,0.355172413793103
12829,12071,0.442906574394464
10480,12071,0.45819397993311
11408,12071,0.370860927152318
11081,12071,0.349480968858132
30015,12071,0.266187050359712
100790,12071,0.325991189427313
30022,12071,0.516778523489933
10188,12071,0.355172413793103
100914,12071,0.506711409395973
30013,12071,0.328767123287671
30014,12071,0.265560165975104
12828,12071,0.670138888888889
11407,12071,0.353333333333333
101078,12071,0.309210526315789
20110,12071,0.367549668874172
11017,12071,0.310344827586207
20084,12071,0.292096219931271
100853,12071,0.241228070175439
12983,12071,0.357388316151203
20128,12071,0.385135135135135
100851,12071,0.346666666666667
100852,12071,0.269911504424779
100789,12071,0.489795918367347
30036,12071,0.256302521008403
100796,12071,0.293172690763052
100931,12071,0.380622837370242
100949,12071,0.35016835016835
12506,12071,0.342657342657343
101552,12071,0.41296928327645
101553,12071,0.549152542372881
101183,12071,0.252212389380531
10197,12071,0.292096219931271
101496,12071,0.445945945945946
100895,12071,0.363321799307958
101538,12071,0.297297297297297
100975,12071,0.395604395604396
100976,12071,0.416382252559727
103106,12071,0.274336283185841
101338,12071,0.419795221843003
101407,12071,0.375796178343949
10120,12071,0.342657342657343
100833,12071,0.387755102040816
103169,12071,0.292096219931271
11626,12071,0.403973509933775
103455,12071,0.40625
103435,12071,0.392361111111111
103441,12071,0.40893470790378
101014,12071,0.305220883534137
101299,12071,0.341059602649007
101300,12071,0.365384615384615
101309,12071,0.408304498269896
12077,12071,0.355172413793103
101360,12071,0.456666666666667
101460,12071,0.501706484641638
103446,12071,0.373702422145329
11678,11638,0.366666666666667
11639,11638,0.88150289017341
12947,11638,0.352348993288591
12071,11638,0.363321799307958
11638,11638,1
12946,11638,0.347682119205298
12261,11638,0.41643059490085
12090,11638,0.306034482758621
12536,11638,0.489736070381232
12829,11638,0.382838283828383
10480,11638,0.361204013377926
11408,11638,0.424929178470255
11081,11638,0.424581005586592
30015,11638,0.269709543568465
100790,11638,0.325396825396825
30022,11638,0.357638888888889
10188,11638,0.489736070381232
100914,11638,0.329861111111111
30013,11638,0.275720164609053
30014,11638,0.265560165975104
12828,11638,0.366782006920415
11407,11638,0.406779661016949
101078,11638,0.439393939393939
20110,11638,0.422096317280453
11017,11638,0.32
20084,11638,0.327868852459016
100853,11638,0.305084745762712
12983,11638,0.415730337078652
20128,11638,0.332268370607029
100851,11638,0.343478260869565
100852,11638,0.276315789473684
100789,11638,0.377777777777778
30036,11638,0.266666666666667
100796,11638,0.306034482758621
100931,11638,0.463667820069204
100949,11638,0.508771929824561
12506,11638,0.460227272727273
101552,11638,0.32
101553,11638,0.370242214532872
101183,11638,0.301724137931034
10197,11638,0.327868852459016
101496,11638,0.306122448979592
100895,11638,0.994397759103641
101538,11638,0.422018348623853
100975,11638,0.355555555555556
100976,11638,0.353535353535354
103106,11638,0.280769230769231
101338,11638,0.36026936026936
101407,11638,0.317460317460317
10120,11638,0.460227272727273
100833,11638,0.451612903225806
103169,11638,0.327868852459016
11626,11638,0.348387096774194
103455,11638,0.370748299319728
103435,11638,0.36518771331058
103441,11638,0.334448160535117
101014,11638,0.308300395256917
101299,11638,0.41643059490085
101300,11638,0.316923076923077
101309,11638,0.327645051194539
12077,11638,0.49266862170088
101360,11638,0.348993288590604
101460,11638,0.347402597402597
103446,11638,0.327586206896552
11678,12946,0.454237288135593
11639,12946,0.347682119205298
12947,12946,0.442567567567568
12071,12946,0.432432432432432
11638,12946,0.347682119205298
12946,12946,1
12261,12946,0.372294372294372
12090,12946,0.314893617021277
12536,12946,0.347972972972973
12829,12946,0.375415282392027
10480,12946,0.710884353741496
11408,12946,0.385281385281385
11081,12946,0.357142857142857
30015,12946,0.270916334661355
100790,12946,0.343347639484979
30022,12946,0.397959183673469
10188,12946,0.344594594594595
100914,12946,0.414965986394558
30013,12946,0.341463414634146
30014,12946,0.341463414634146
12828,12946,0.45514950166113
11407,12946,0.376623376623377
101078,12946,0.322475570032573
20110,12946,0.380952380952381
11017,12946,0.297297297297297
20084,12946,0.297297297297297
100853,12946,0.375838926174497
12983,12946,0.351791530944625
20128,12946,0.363036303630363
100851,12946,0.357758620689655
100852,12946,0.312236286919831
100789,12946,0.3
30036,12946,0.277777777777778
100796,12946,0.314893617021277
100931,12946,0.367003367003367
100949,12946,0.354098360655738
12506,12946,0.343434343434343
101552,12946,0.32996632996633
101553,12946,0.394557823129252
101183,12946,0.38255033557047
10197,12946,0.293918918918919
101496,12946,0.322147651006711
100895,12946,0.347682119205298
101538,12946,0.333333333333333
100975,12946,0.315789473684211
100976,12946,0.394039735099338
103106,12946,0.388157894736842
101338,12946,0.394039735099338
101407,12946,0.373088685015291
10120,12946,0.336700336700337
100833,12946,0.39344262295082
103169,12946,0.293918918918919
11626,12946,0.410569105691057
103455,12946,0.366101694915254
103435,12946,0.36271186440678
103441,12946,0.371428571428571
101014,12946,0.31063829787234
101299,12946,0.372294372294372
101300,12946,0.395437262357414
101309,12946,0.335548172757475
12077,12946,0.347972972972973
101360,12946,0.395348837209302
101460,12946,0.45679012345679
103446,12946,0.331103678929766
11678,12261,0.364238410596027
11639,12261,0.408045977011494
12947,12261,0.331168831168831
12071,12261,0.341059602649007
11638,12261,0.41643059490085
12946,12261,0.372294372294372
12261,12261,1
12090,12261,0.317269076305221
12536,12261,0.473684210526316
12829,12261,0.349344978165939
10480,12261,0.357758620689655
11408,12261,0.908665105386417
11081,12261,0.465181058495822
30015,12261,0.292857142857143
100790,12261,0.311965811965812
30022,12261,0.300319488817891
10188,12261,0.473684210526316
100914,12261,0.303514376996805
30013,12261,0.308641975308642
30014,12261,0.299270072992701
12828,12261,0.33112582781457
11407,12261,0.807962529274005
101078,12261,0.310769230769231
20110,12261,0.903981264637002
11017,12261,0.312236286919831
20084,12261,0.308016877637131
100853,12261,0.389830508474576
12983,12261,0.448
20128,12261,0.339130434782609
100851,12261,0.317596566523605
100852,12261,0.345864661654135
100789,12261,0.377049180327869
30036,12261,0.302469135802469
100796,12261,0.317269076305221
100931,12261,0.395973154362416
100949,12261,0.401114206128134
12506,12261,0.479108635097493
101552,12261,0.309734513274336
101553,12261,0.297124600638978
101183,12261,0.266903914590747
10197,12261,0.308016877637131
101496,12261,0.313253012048193
100895,12261,0.41643059490085
101538,12261,0.312302839116719
100975,12261,0.274390243902439
100976,12261,0.370535714285714
103106,12261,0.344155844155844
101338,12261,0.370535714285714
101407,12261,0.290441176470588
10120,12261,0.479108635097493
100833,12261,0.344729344729345
103169,12261,0.308016877637131
11626,12261,0.275
103455,12261,0.358407079646018
103435,12261,0.345132743362832
103441,12261,0.331896551724138
101014,12261,0.319548872180451
101299,12261,0.987834549878345
101300,12261,0.282608695652174
101309,12261,0.366812227074236
12077,12261,0.473684210526316
101360,12261,0.320175438596491
101460,12261,0.333333333333333
103446,12261,0.336283185840708
11678,12090,0.331877729257642
11639,12090,0.296875
12947,12090,0.31304347826087
12071,12090,0.293172690763052
11638,12090,0.306034482758621
12946,12090,0.314893617021277
12261,12090,0.317269076305221
12090,12090,1
12536,12090,0.273913043478261
12829,12090,0.303964757709251
10480,12090,0.301724137931034
11408,12090,0.321285140562249
11081,12090,0.270491803278689
30015,12090,0.295819935691318
100790,12090,0.439306358381503
30022,12090,0.297297297297297
10188,12090,0.273913043478261
100914,12090,0.306306306306306
30013,12090,0.314569536423841
30014,12090,0.294117647058824
12828,12090,0.339130434782609
11407,12090,0.396694214876033
101078,12090,0.380952380952381
20110,12090,0.312
11017,12090,0.330396475770925
20084,12090,0.343612334801762
100853,12090,0.39039039039039
12983,12090,0.401639344262295
20128,12090,0.291139240506329
100851,12090,0.416201117318436
100852,12090,0.388724035608309
100789,12090,0.32258064516129
30036,12090,0.287037037037037
100796,12090,0.99213630406291
100931,12090,0.273858921161826
100949,12090,0.30859375
12506,12090,0.281512605042017
101552,12090,0.33920704845815
101553,12090,0.294372294372294
101183,12090,0.379821958456973
10197,12090,0.33920704845815
101496,12090,0.298701298701299
100895,12090,0.301724137931034
101538,12090,0.300884955752212
100975,12090,0.305194805194805
100976,12090,0.424528301886792
103106,12090,0.3841642228739
101338,12090,0.424528301886792
101407,12090,0.386363636363636
10120,12090,0.281512605042017
100833,12090,0.327586206896552
103169,12090,0.33920704845815
11626,12090,0.267399267399267
103455,12090,0.333333333333333
103435,12090,0.333333333333333
103441,12090,0.354978354978355
101014,12090,0.73921568627451
101299,12090,0.317269076305221
101300,12090,0.386363636363636
101309,12090,0.3215859030837
12077,12090,0.273913043478261
101360,12090,0.304932735426009
101460,12090,0.303030303030303
103446,12090,0.298701298701299
11678,12536,0.374581939799331
11639,12536,0.491279069767442
12947,12536,0.357859531772575
12071,12536,0.355172413793103
11638,12536,0.489736070381232
12946,12536,0.347972972972973
12261,12536,0.473684210526316
12090,12536,0.273913043478261
12536,12536,1
12829,12536,0.355481727574751
10480,12536,0.359322033898305
11408,12536,0.48314606741573
11081,12536,0.622093023255814
30015,12536,0.271604938271605
100790,12536,0.318548387096774
30022,12536,0.351535836177474
10188,12536,0.994444444444444
100914,12536,0.35958904109589
30013,12536,0.281124497991968
30014,12536,0.264
12828,12536,0.37012987012987
11407,12536,0.50140056022409
101078,12536,0.364431486880467
20110,12536,0.480337078651685
11017,12536,0.299319727891156
20084,12536,0.293333333333333
100853,12536,0.283400809716599
12983,12536,0.636887608069164
20128,12536,0.338870431893688
100851,12536,0.352459016393443
100852,12536,0.267206477732794
100789,12536,0.390625
30036,12536,0.261044176706827
100796,12536,0.273913043478261
100931,12536,0.466666666666667
100949,12536,0.464705882352941
12506,12536,0.76
101552,12536,0.317725752508361
101553,12536,0.360655737704918
101183,12536,0.275303643724696
10197,12536,0.293333333333333
101496,12536,0.341463414634146
100895,12536,0.489736070381232
101538,12536,0.342857142857143
100975,12536,0.375
100976,12536,0.32890365448505
103106,12536,0.293388429752066
101338,12536,0.332225913621262
101407,12536,0.374269005847953
10120,12536,0.754985754985755
100833,12536,0.395894428152493
103169,12536,0.293333333333333
11626,12536,0.322475570032573
103455,12536,0.371621621621622
103435,12536,0.360824742268041
103441,12536,0.329032258064516
101014,12536,0.298387096774194
101299,12536,0.473684210526316
101300,12536,0.374269005847953
101309,12536,0.33448275862069
12077,12536,0.991666666666667
101360,12536,0.336769759450172
101460,12536,0.324232081911263
103446,12536,0.350340136054422
11678,12829,0.446666666666667
11639,12829,0.366336633663366
12947,12829,0.458620689655172
12071,12829,0.442906574394464
11638,12829,0.382838283828383
12946,12829,0.375415282392027
12261,12829,0.349344978165939
12090,12829,0.303964757709251
12536,12829,0.355481727574751
12829,12829,1
10480,12829,0.369491525423729
11408,12829,0.344978165938865
11081,12829,0.345161290322581
30015,12829,0.248175182481752
100790,12829,0.33739837398374
30022,12829,0.407534246575342
10188,12829,0.355481727574751
100914,12829,0.402061855670103
30013,12829,0.283333333333333
30014,12829,0.27007299270073
12828,12829,0.461279461279461
11407,12829,0.330739299610895
101078,12829,0.337662337662338
20110,12829,0.34061135371179
11017,12829,0.356435643564356
20084,12829,0.35973597359736
100853,12829,0.337606837606838
12983,12829,0.355932203389831
20128,12829,0.42258064516129
100851,12829,0.328888888888889
100852,12829,0.330472103004292
100789,12829,0.328767123287671
30036,12829,0.281512605042017
100796,12829,0.303964757709251
100931,12829,0.35191637630662
100949,12829,0.351437699680511
12506,12829,0.358803986710963
101552,12829,0.386986301369863
101553,12829,0.388316151202749
101183,12829,0.32618025751073
10197,12829,0.356435643564356
101496,12829,0.298611111111111
100895,12829,0.382838283828383
101538,12829,0.337748344370861
100975,12829,0.314685314685315
100976,12829,0.403846153846154
103106,12829,0.323404255319149
101338,12829,0.403846153846154
101407,12829,0.381381381381381
10120,12829,0.362126245847176
100833,12829,0.416107382550336
103169,12829,0.356435643564356
11626,12829,0.400641025641026
103455,12829,0.357638888888889
103435,12829,0.354166666666667
103441,12829,0.377551020408163
101014,12829,0.315789473684211
101299,12829,0.349344978165939
101300,12829,0.390572390572391
101309,12829,0.416289592760181
12077,12829,0.355481727574751
101360,12829,0.402027027027027
101460,12829,0.416107382550336
103446,12829,0.398190045248869
11678,10480,0.48494983277592
11639,10480,0.367892976588629
12947,10480,0.461279461279461
12071,10480,0.45819397993311
11638,10480,0.361204013377926
12946,10480,0.710884353741496
12261,10480,0.357758620689655
12090,10480,0.301724137931034
12536,10480,0.359322033898305
12829,10480,0.369491525423729
10480,10480,1
11408,10480,0.366379310344828
11081,10480,0.367741935483871
30015,10480,0.282786885245902
100790,10480,0.327586206896552
30022,10480,0.419463087248322
10188,10480,0.359322033898305
100914,10480,0.436241610738255
30013,10480,0.283536585365854
30014,10480,0.270491803278689
12828,10480,0.476510067114094
11407,10480,0.353448275862069
101078,10480,0.351973684210526
20110,10480,0.362068965517241
11017,10480,0.309677419354839
20084,10480,0.299003322259136
100853,10480,0.293877551020408
12983,10480,0.369127516778524
20128,10480,0.36
100851,10480,0.331877729257642
100852,10480,0.282786885245902
100789,10480,0.3
30036,10480,0.272727272727273
100796,10480,0.301724137931034
100931,10480,0.356164383561644
100949,10480,0.356666666666667
12506,10480,0.341216216216216
101552,10480,0.344936708860759
101553,10480,0.416107382550336
101183,10480,0.348993288590604
10197,10480,0.299003322259136
101496,10480,0.296551724137931
100895,10480,0.361204013377926
101538,10480,0.349315068493151
100975,10480,0.275862068965517
100976,10480,0.400662251655629
103106,10480,0.285714285714286
101338,10480,0.403973509933775
101407,10480,0.347826086956522
10120,10480,0.347972972972973
100833,10480,0.38562091503268
103169,10480,0.299003322259136
11626,10480,0.365695792880259
103455,10480,0.359322033898305
103435,10480,0.366101694915254
103441,10480,0.355704697986577
101014,10480,0.306034482758621
101299,10480,0.357758620689655
101300,10480,0.348909657320872
101309,10480,0.363636363636364
12077,10480,0.359322033898305
101360,10480,0.399339933993399
101460,10480,0.431893687707641
103446,10480,0.351351351351351
11678,11408,0.370860927152318
11639,11408,0.413597733711048
12947,11408,0.337620578778135
12071,11408,0.370860927152318
11638,11408,0.424929178470255
12946,11408,0.385281385281385
12261,11408,0.908665105386417
12090,11408,0.321285140562249
12536,11408,0.48314606741573
12829,11408,0.344978165938865
10480,11408,0.366379310344828
11408,11408,1
11081,11408,0.476056338028169
30015,11408,0.3
100790,11408,0.303501945525292
30022,11408,0.303514376996805
10188,11408,0.48314606741573
100914,11408,0.308333333333333
30013,11408,0.308641975308642
30014,11408,0.311594202898551
12828,11408,0.347682119205298
11407,11408,0.84037558685446
101078,11408,0.316923076923077
20110,11408,0.987068965517241
11017,11408,0.309917355371901
20084,11408,0.305785123966942
100853,11408,0.295154185022026
12983,11408,0.451612903225806
20128,11408,0.339130434782609
100851,11408,0.313304721030043
100852,11408,0.269387755102041
100789,11408,0.305389221556886
30036,11408,0.296296296296296
100796,11408,0.321285140562249
100931,11408,0.406040268456376
100949,11408,0.401129943502825
12506,11408,0.480337078651685
101552,11408,0.286666666666667
101553,11408,0.297385620915033
101183,11408,0.277551020408163
10197,11408,0.305785123966942
101496,11408,0.341317365269461
100895,11408,0.422096317280453
101538,11408,0.309148264984227
100975,11408,0.309090909090909
100976,11408,0.353333333333333
103106,11408,0.350649350649351
101338,11408,0.353333333333333
101407,11408,0.300724637681159
10120,11408,0.480337078651685
100833,11408,0.357142857142857
103169,11408,0.305785123966942
11626,11408,0.294303797468354
103455,11408,0.358407079646018
103435,11408,0.311475409836066
103441,11408,0.331147540983607
101014,11408,0.324
101299,11408,0.900243309002433
101300,11408,0.297101449275362
101309,11408,0.339869281045752
12077,11408,0.48314606741573
101360,11408,0.310457516339869
101460,11408,0.325657894736842
103446,11408,0.336633663366337
11678,11081,0.383275261324042
11639,11081,0.440579710144928
12947,11081,0.334459459459459
12071,11081,0.349480968858132
11638,11081,0.424581005586592
12946,11081,0.357142857142857
12261,11081,0.465181058495822
12090,11081,0.270491803278689
12536,11081,0.622093023255814
12829,11081,0.345161290322581
10480,11081,0.367741935483871
11408,11081,0.476056338028169
11081,11081,1
30015,11081,0.314814814814815
100790,11081,0.282051282051282
30022,11081,0.351724137931034
10188,11081,0.622093023255814
100914,11081,0.33
30013,11081,0.33125
30014,11081,0.262996941896024
12828,11081,0.396491228070175
11407,11081,0.471910112359551
101078,11081,0.373219373219373
20110,11081,0.473239436619718
11017,11081,0.32
20084,11081,0.33112582781457
100853,11081,0.272
12983,11081,0.671469740634006
20128,11081,0.312693498452012
100851,11081,0.291139240506329
100852,11081,0.263157894736842
100789,11081,0.384615384615385
30036,11081,0.317073170731707
100796,11081,0.270491803278689
100931,11081,0.404844290657439
100949,11081,0.445121951219512
12506,11081,0.600574712643678
101552,11081,0.318339100346021
101553,11081,0.341379310344828
101183,11081,0.269387755102041
10197,11081,0.33112582781457
101496,11081,0.353846153846154
100895,11081,0.434782608695652
101538,11081,0.378125
100975,11081,0.369230769230769
100976,11081,0.32404181184669
103106,11081,0.280542986425339
101338,11081,0.331010452961672
101407,11081,0.342857142857143
10120,11081,0.605187319884726
100833,11081,0.390029325513196
103169,11081,0.33112582781457
11626,11081,0.326599326599327
103455,11081,0.388888888888889
103435,11081,0.383275261324042
103441,11081,0.327526132404181
101014,11081,0.29718875502008
101299,11081,0.465181058495822
101300,11081,0.338095238095238
101309,11081,0.326241134751773
12077,11081,0.619186046511628
101360,11081,0.335616438356164
101460,11081,0.329896907216495
103446,11081,0.333333333333333
11678,30015,0.293706293706294
11639,30015,0.277258566978193
12947,30015,0.253623188405797
12071,30015,0.266187050359712
11638,30015,0.269709543568465
12946,30015,0.270916334661355
12261,30015,0.292857142857143
12090,30015,0.295819935691318
12536,30015,0.271604938271605
12829,30015,0.248175182481752
10480,30015,0.282786885245902
11408,30015,0.3
11081,30015,0.314814814814815
30015,30015,1
100790,30015,0.355555555555556
30022,30015,0.266129032258065
10188,30015,0.271604938271605
100914,30015,0.273469387755102
30013,30015,0.542168674698795
30014,30015,0.597938144329897
12828,30015,0.269938650306748
11407,30015,0.283950617283951
101078,30015,0.290322580645161
20110,30015,0.3
11017,30015,0.341772151898734
20084,30015,0.329113924050633
100853,30015,0.325892857142857
12983,30015,0.301775147928994
20128,30015,0.236514522821577
100851,30015,0.351851851851852
100852,30015,0.298449612403101
100789,30015,0.349693251533742
30036,30015,0.534883720930233
100796,30015,0.295819935691318
100931,30015,0.277955271565495
100949,30015,0.2875
12506,30015,0.343283582089552
101552,30015,0.274900398406374
101553,30015,0.266129032258065
101183,30015,0.288659793814433
10197,30015,0.341772151898734
101496,30015,0.360759493670886
100895,30015,0.269709543568465
101538,30015,0.276119402985075
100975,30015,0.367088607594937
100976,30015,0.32258064516129
103106,30015,0.315175097276265
101338,30015,0.32
101407,30015,0.250755287009063
10120,30015,0.343283582089552
100833,30015,0.264462809917355
103169,30015,0.341772151898734
11626,30015,0.246913580246914
103455,30015,0.28099173553719
103435,30015,0.260061919504644
103441,30015,0.303643724696356
101014,30015,0.323333333333333
101299,30015,0.292857142857143
101300,30015,0.258474576271186
101309,30015,0.260162601626016
12077,30015,0.271604938271605
101360,30015,0.260504201680672
101460,30015,0.261261261261261
103446,30015,0.24609375
11678,100790,0.315555555555556
11639,100790,0.325396825396825
12947,100790,0.300395256916996
12071,100790,0.325991189427313
11638,100790,0.325396825396825
12946,100790,0.343347639484979
12261,100790,0.311965811965812
12090,100790,0.439306358381503
12536,100790,0.318548387096774
12829,100790,0.33739837398374
10480,100790,0.327586206896552
11408,100790,0.303501945525292
11081,100790,0.282051282051282
30015,100790,0.355555555555556
100790,100790,1
30022,100790,0.283464566929134
10188,100790,0.318548387096774
100914,100790,0.310043668122271
30013,100790,0.388888888888889
30014,100790,0.32122905027933
12828,100790,0.308035714285714
11407,100790,0.316239316239316
101078,100790,0.293103448275862
20110,100790,0.303501945525292
11017,100790,0.307392996108949
20084,100790,0.337719298245614
100853,100790,0.421940928270042
12983,100790,0.302904564315353
20128,100790,0.300429184549356
100851,100790,0.652509652509653
100852,100790,0.400749063670412
100789,100790,0.405594405594406
30036,100790,0.374074074074074
100796,100790,0.439306358381503
100931,100790,0.316964285714286
100949,100790,0.305785123966942
12506,100790,0.310483870967742
101552,100790,0.312217194570136
101553,100790,0.299595141700405
101183,100790,0.417721518987342
10197,100790,0.333333333333333
101496,100790,0.34965034965035
100895,100790,0.325396825396825
101538,100790,0.273809523809524
100975,100790,0.342657342657343
100976,100790,0.317180616740088
103106,100790,0.394308943089431
101338,100790,0.317180616740088
101407,100790,0.310185185185185
10120,100790,0.310483870967742
100833,100790,0.318181818181818
103169,100790,0.333333333333333
11626,100790,0.33739837398374
103455,100790,0.345132743362832
103435,100790,0.345132743362832
103441,100790,0.336206896551724
101014,100790,0.443478260869565
101299,100790,0.311965811965812
101300,100790,0.310185185185185
101309,100790,0.3125
12077,100790,0.318548387096774
101360,100790,0.293877551020408
101460,100790,0.310344827586207
103446,100790,0.323529411764706
11678,30022,0.554006968641115
11639,30022,0.354166666666667
12947,30022,0.579861111111111
12071,30022,0.516778523489933
11638,30022,0.357638888888889
12946,30022,0.397959183673469
12261,30022,0.300319488817891
12090,30022,0.297297297297297
12536,30022,0.351535836177474
12829,30022,0.407534246575342
10480,30022,0.419463087248322
11408,30022,0.303514376996805
11081,30022,0.351724137931034
30015,30022,0.266129032258065
100790,30022,0.283464566929134
30022,30022,1
10188,30022,0.351535836177474
100914,30022,0.73469387755102
30013,30022,0.345679012345679
30014,30022,0.282258064516129
12828,30022,0.543252595155709
11407,30022,0.294117647058824
101078,30022,0.362745098039216
20110,30022,0.300319488817891
11017,30022,0.312925170068027
20084,30022,0.299703264094956
100853,30022,0.263157894736842
12983,30022,0.342372881355932
20128,30022,0.372549019607843
100851,30022,0.327433628318584
100852,30022,0.256410256410256
100789,30022,0.37037037037037
30036,30022,0.333333333333333
100796,30022,0.297297297297297
100931,30022,0.345070422535211
100949,30022,0.353135313531353
12506,30022,0.34375
101552,30022,0.342465753424658
101553,30022,0.793838862559242
101183,30022,0.256410256410256
10197,30022,0.29673590504451
101496,30022,0.351851851851852
100895,30022,0.361111111111111
101538,30022,0.336601307189543
100975,30022,0.314814814814815
100976,30022,0.416382252559727
103106,30022,0.252173913043478
101338,30022,0.419795221843003
101407,30022,0.344051446945338
10120,30022,0.347222222222222
100833,30022,0.345762711864407
103169,30022,0.29673590504451
11626,30022,0.402640264026403
103455,30022,0.357894736842105
103435,30022,0.350877192982456
103441,30022,0.367491166077739
101014,30022,0.311688311688312
101299,30022,0.300319488817891
101300,30022,0.359872611464968
101309,30022,0.341463414634146
12077,30022,0.351535836177474
101360,30022,0.534124629080119
101460,30022,0.601880877742947
103446,30022,0.339160839160839
11678,10188,0.374581939799331
11639,10188,0.491279069767442
12947,10188,0.357859531772575
12071,10188,0.355172413793103
11638,10188,0.489736070381232
12946,10188,0.344594594594595
12261,10188,0.473684210526316
12090,10188,0.273913043478261
12536,10188,0.994444444444444
12829,10188,0.355481727574751
10480,10188,0.359322033898305
11408,10188,0.48314606741573
11081,10188,0.622093023255814
30015,10188,0.271604938271605
100790,10188,0.318548387096774
30022,10188,0.351535836177474
10188,10188,1
100914,10188,0.35958904109589
30013,10188,0.281124497991968
30014,10188,0.264
12828,10188,0.37012987012987
11407,10188,0.50140056022409
101078,10188,0.364431486880467
20110,10188,0.480337078651685
11017,10188,0.299319727891156
20084,10188,0.293333333333333
100853,10188,0.283400809716599
12983,10188,0.636887608069164
20128,10188,0.3421926910299
100851,10188,0.352459016393443
100852,10188,0.267206477732794
100789,10188,0.390625
30036,10188,0.268
100796,10188,0.273913043478261
100931,10188,0.466666666666667
100949,10188,0.464705882352941
12506,10188,0.76
101552,10188,0.317725752508361
101553,10188,0.360655737704918
101183,10188,0.275303643724696
10197,10188,0.293333333333333
101496,10188,0.341463414634146
100895,10188,0.489736070381232
101538,10188,0.342857142857143
100975,10188,0.375
100976,10188,0.32890365448505
103106,10188,0.293388429752066
101338,10188,0.332225913621262
101407,10188,0.374269005847953
10120,10188,0.754985754985755
100833,10188,0.395894428152493
103169,10188,0.293333333333333
11626,10188,0.322475570032573
103455,10188,0.371621621621622
103435,10188,0.360824742268041
103441,10188,0.325806451612903
101014,10188,0.298387096774194
101299,10188,0.473684210526316
101300,10188,0.328467153284672
101309,10188,0.33448275862069
12077,10188,0.986111111111111
101360,10188,0.336769759450172
101460,10188,0.324232081911263
103446,10188,0.350340136054422
11678,100914,0.531986531986532
11639,100914,0.322916666666667
12947,100914,0.569444444444444
12071,100914,0.506711409395973
11638,100914,0.329861111111111
12946,100914,0.414965986394558
12261,100914,0.303514376996805
12090,100914,0.306306306306306
12536,100914,0.35958904109589
12829,100914,0.402061855670103
10480,100914,0.436241610738255
11408,100914,0.308333333333333
11081,100914,0.33
30015,100914,0.273469387755102
100790,100914,0.310043668122271
30022,100914,0.73469387755102
10188,100914,0.35958904109589
100914,100914,1
30013,100914,0.37037037037037
30014,100914,0.330882352941176
12828,100914,0.525951557093426
11407,100914,0.308333333333333
101078,100914,0.349673202614379
20110,100914,0.304166666666667
11017,100914,0.31986531986532
20084,100914,0.301538461538462
100853,100914,0.258771929824561
12983,100914,0.32807570977918
20128,100914,0.355263157894737
100851,100914,0.336283185840708
100852,100914,0.275109170305677
100789,100914,0.425531914893617
30036,100914,0.358024691358025
100796,100914,0.306306306306306
100931,100914,0.348122866894198
100949,100914,0.36038961038961
12506,100914,0.347222222222222
101552,100914,0.352739726027397
101553,100914,0.76
101183,100914,0.251101321585903
10197,100914,0.298461538461538
101496,100914,0.425531914893617
100895,100914,0.333333333333333
101538,100914,0.351351351351351
100975,100914,0.404255319148936
100976,100914,0.397959183673469
103106,100914,0.247826086956522
101338,100914,0.401360544217687
101407,100914,0.347133757961783
10120,100914,0.350694444444444
100833,100914,0.345762711864407
103169,100914,0.298461538461538
11626,100914,0.396039603960396
103455,100914,0.381118881118881
103435,100914,0.370629370629371
103441,100914,0.36140350877193
101014,100914,0.32034632034632
101299,100914,0.303514376996805
101300,100914,0.32475884244373
101309,100914,0.329896907216495
12077,100914,0.35958904109589
101360,100914,0.543478260869565
101460,100914,0.576470588235294
103446,100914,0.332167832167832
11678,30013,0.266871165644172
11639,30013,0.276073619631902
12947,30013,0.357142857142857
12071,30013,0.328767123287671
11638,30013,0.275720164609053
12946,30013,0.341463414634146
12261,30013,0.308641975308642
12090,30013,0.314569536423841
12536,30013,0.281124497991968
12829,30013,0.283333333333333
10480,30013,0.283536585365854
11408,30013,0.308641975308642
11081,30013,0.33125
30015,30013,0.542168674698795
100790,30013,0.388888888888889
30022,30013,0.345679012345679
10188,30013,0.281124497991968
100914,30013,0.37037037037037
30013,30013,1
30014,30013,0.551652892561983
12828,30013,0.245283018867925
11407,30013,0.291139240506329
101078,30013,0.232931726907631
20110,30013,0.308641975308642
11017,30013,0.336633663366337
20084,30013,0.326732673267327
100853,30013,0.375565610859729
12983,30013,0.26605504587156
20128,30013,0.240343347639485
100851,30013,0.388888888888889
100852,30013,0.329501915708812
100789,30013,0.352564102564103
30036,30013,0.790890269151139
100796,30013,0.314569536423841
100931,30013,0.257142857142857
100949,30013,0.271255060728745
12506,30013,0.248995983935743
101552,30013,0.260700389105058
101553,30013,0.260869565217391
101183,30013,0.32183908045977
10197,30013,0.336633663366337
101496,30013,0.335403726708075
100895,30013,0.275720164609053
101538,30013,0.342105263157895
100975,30013,0.335403726708075
100976,30013,0.35
103106,30013,0.305882352941176
101338,30013,0.35
101407,30013,0.276497695852535
10120,30013,0.248995983935743
100833,30013,0.264150943396226
103169,30013,0.336633663366337
11626,30013,0.219135802469136
103455,30013,0.289719626168224
103435,30013,0.26791277258567
103441,30013,0.279141104294479
101014,30013,0.326732673267327
101299,30013,0.308641975308642
101300,30013,0.273972602739726
101309,30013,0.288617886178862
12077,30013,0.281124497991968
101360,30013,0.369230769230769
101460,30013,0.329268292682927
103446,30013,0.296296296296296
11678,30014,0.283333333333333
11639,30014,0.261410788381743
12947,30014,0.26027397260274
12071,30014,0.265560165975104
11638,30014,0.265560165975104
12946,30014,0.341463414634146
12261,30014,0.299270072992701
12090,30014,0.294117647058824
12536,30014,0.264
12829,30014,0.27007299270073
10480,30014,0.270491803278689
11408,30014,0.311594202898551
11081,30014,0.262996941896024
30015,30014,0.597938144329897
100790,30014,0.32122905027933
30022,30014,0.282258064516129
10188,30014,0.264
100914,30014,0.330882352941176
30013,30014,0.551652892561983
30014,30014,1
12828,30014,0.274390243902439
11407,30014,0.299270072992701
101078,30014,0.283783783783784
20110,30014,0.311594202898551
11017,30014,0.296703296703297
20084,30014,0.285714285714286
100853,30014,0.357142857142857
12983,30014,0.264797507788162
20128,30014,0.214592274678112
100851,30014,0.346715328467153
100852,30014,0.323076923076923
100789,30014,0.349693251533742
30036,30014,0.574380165289256
100796,30014,0.302325581395349
100931,30014,0.270386266094421
100949,30014,0.286307053941909
12506,30014,0.348837209302326
101552,30014,0.277992277992278
101553,30014,0.274193548387097
101183,30014,0.319230769230769
10197,30014,0.296703296703297
101496,30014,0.360248447204969
100895,30014,0.265560165975104
101538,30014,0.28436018957346
100975,30014,0.341614906832298
100976,30014,0.432432432432432
103106,30014,0.287937743190662
101338,30014,0.220588235294118
101407,30014,0.25
10120,30014,0.348837209302326
100833,30014,0.268595041322314
103169,30014,0.296703296703297
11626,30014,0.231707317073171
103455,30014,0.267080745341615
103435,30014,0.257261410788382
103441,30014,0.254032258064516
101014,30014,0.323432343234323
101299,30014,0.299270072992701
101300,30014,0.239819004524887
101309,30014,0.255725190839695
12077,30014,0.264
101360,30014,0.424242424242424
101460,30014,0.255474452554745
103446,30014,0.296803652968037
11678,12828,0.783216783216783
11639,12828,0.376712328767123
12947,12828,0.618055555555556
12071,12828,0.670138888888889
11638,12828,0.366782006920415
12946,12828,0.45514950166113
12261,12828,0.33112582781457
12090,12828,0.339130434782609
12536,12828,0.37012987012987
12829,12828,0.461279461279461
10480,12828,0.476510067114094
11408,12828,0.347682119205298
11081,12828,0.396491228070175
30015,12828,0.269938650306748
100790,12828,0.308035714285714
30022,12828,0.543252595155709
10188,12828,0.37012987012987
100914,12828,0.525951557093426
30013,12828,0.245283018867925
30014,12828,0.274390243902439
12828,12828,1
11407,12828,0.337748344370861
101078,12828,0.346534653465347
20110,12828,0.344370860927152
11017,12828,0.343537414965986
20084,12828,0.343537414965986
100853,12828,0.314410480349345
12983,12828,0.394557823129252
20128,12828,0.40133779264214
100851,12828,0.334821428571429
100852,12828,0.323144104803493
100789,12828,0.308219178082192
30036,12828,0.248427672955975
100796,12828,0.339130434782609
100931,12828,0.385964912280702
100949,12828,0.38255033557047
12506,12828,0.379084967320261
101552,12828,0.427586206896552
101553,12828,0.534246575342466
101183,12828,0.323144104803493
10197,12828,0.343537414965986
101496,12828,0.389830508474576
100895,12828,0.366782006920415
101538,12828,0.324324324324324
100975,12828,0.338983050847458
100976,12828,0.46551724137931
103106,12828,0.3215859030837
101338,12828,0.468965517241379
101407,12828,0.391025641025641
10120,12828,0.38562091503268
100833,12828,0.415807560137457
103169,12828,0.343537414965986
11626,12828,0.399350649350649
103455,12828,0.385906040268456
103435,12828,0.383275261324042
103441,12828,0.39041095890411
101014,12828,0.314079422382671
101299,12828,0.33112582781457
101300,12828,0.384615384615385
101309,12828,0.40625
