Var1,Var2,Freq
10497,10497,1
11066,10497,0.272727272727273
12396,10497,0.333333333333333
12238,10497,0.766467065868263
11567,10497,0.40453074433657
11694,10497,0.4375
12162,10497,0.326530612244898
10495,10497,0.534743202416918
10493,10497,0.367952522255193
10498,10497,0.772455089820359
10452,10497,0.376899696048632
12933,10497,0.326530612244898
100671,10497,0.51044776119403
12587,10497,0.794029850746269
20129,10497,0.4375
10496,10497,0.518292682926829
20105,10497,0.528700906344411
11534,10497,0.498489425981873
100590,10497,0.383259911894273
11602,10497,0.4375
10378,10497,0.326530612244898
17085,10497,0.411764705882353
100452,10497,0.391111111111111
100942,10497,0.763473053892216
10436,10497,0.354632587859425
100063,10497,0.442687747035573
102988,10497,0.284552845528455
102913,10497,0.512578616352201
101105,10497,0.333333333333333
12955,10497,0.4375
102826,10497,0.509146341463415
10497,11066,0.272727272727273
11066,11066,1
12396,11066,0.388888888888889
12238,11066,0.260869565217391
11567,11066,0.583333333333333
11694,11066,0.451776649746193
12162,11066,0.28
10495,11066,0.428571428571429
10493,11066,0.333333333333333
10498,11066,0.179487179487179
10452,11066,0.224489795918367
12933,11066,0.777777777777778
100671,11066,0.261904761904762
12587,11066,0.27027027027027
20129,11066,0.5
10496,11066,0.428571428571429
20105,11066,0.666666666666667
11534,11066,0.363636363636364
100590,11066,0.260869565217391
11602,11066,0.494318181818182
10378,11066,0.777777777777778
17085,11066,0.461928934010152
100452,11066,0.416666666666667
100942,11066,0.272727272727273
10436,11066,0.318181818181818
100063,11066,0.285714285714286
102988,11066,0.555555555555556
102913,11066,0.285714285714286
101105,11066,0.777777777777778
12955,11066,0.5
102826,11066,0.625
10497,12396,0.333333333333333
11066,12396,0.388888888888889
12396,12396,1
12238,12396,0.343891402714932
11567,12396,0.380952380952381
11694,12396,0.304347826086957
12162,12396,0.332046332046332
10495,12396,0.323943661971831
10493,12396,0.323008849557522
10498,12396,0.344978165938865
10452,12396,0.322175732217573
12933,12396,0.318007662835249
100671,12396,0.330645161290323
12587,12396,0.356223175965665
20129,12396,0.333333333333333
10496,12396,0.347417840375587
20105,12396,0.328638497652582
11534,12396,0.334801762114537
100590,12396,0.30952380952381
11602,12396,0.242424242424242
10378,12396,0.336996336996337
17085,12396,0.454545454545455
100452,12396,0.296650717703349
100942,12396,0.34375
10436,12396,0.341013824884793
100063,12396,0.298245614035088
102988,12396,0.479591836734694
102913,12396,0.353413654618474
101105,12396,0.304526748971193
12955,12396,0.3
102826,12396,0.342723004694836
10497,12238,0.766467065868263
11066,12238,0.260869565217391
12396,12238,0.343891402714932
12238,12238,1
11567,12238,0.414239482200647
11694,12238,0.27906976744186
12162,12238,0.306122448979592
10495,12238,0.485714285714286
10493,12238,0.4
10498,12238,0.732732732732733
10452,12238,0.388888888888889
12933,12238,0.307692307692308
100671,12238,0.513761467889908
12587,12238,0.754491017964072
20129,12238,0.4375
10496,12238,0.492063492063492
20105,12238,0.478787878787879
11534,12238,0.492447129909366
100590,12238,0.382222222222222
11602,12238,0.4375
10378,12238,0.306122448979592
17085,12238,0.263157894736842
100452,12238,0.377777777777778
100942,12238,0.94311377245509
10436,12238,0.367088607594937
100063,12238,0.40117994100295
102988,12238,0.282258064516129
102913,12238,0.506369426751592
101105,12238,0.337078651685393
12955,12238,0.4375
102826,12238,0.488888888888889
10497,11567,0.40453074433657
11066,11567,0.583333333333333
12396,11567,0.380952380952381
12238,11567,0.414239482200647
11567,11567,1
11694,11567,0.4375
12162,11567,0.388888888888889
10495,11567,0.409090909090909
10493,11567,0.36241610738255
10498,11567,0.375
10452,11567,0.329305135951662
12933,11567,0.406593406593407
100671,11567,0.370481927710843
12587,11567,0.40655737704918
20129,11567,0.4375
10496,11567,0.402597402597403
20105,11567,0.405844155844156
11534,11567,0.403703703703704
100590,11567,0.373205741626794
11602,11567,0.4375
10378,11567,0.363636363636364
17085,11567,0.222222222222222
100452,11567,0.337579617834395
100942,11567,0.411003236245955
10436,11567,0.394822006472492
100063,11567,0.349514563106796
102988,11567,0.386792452830189
102913,11567,0.392592592592593
101105,11567,0.443037974683544
12955,11567,0.4375
102826,11567,0.396103896103896
10497,11694,0.4375
11066,11694,0.451776649746193
12396,11694,0.304347826086957
12238,11694,0.27906976744186
11567,11694,0.4375
11694,11694,1
12162,11694,0.352941176470588
10495,11694,0.375
10493,11694,0.3125
10498,11694,0.255813953488372
10452,11694,0.375
12933,11694,0.352941176470588
100671,11694,0.4375
12587,11694,0.232558139534884
20129,11694,0.631276901004304
10496,11694,0.375
20105,11694,0.375
11534,11694,0.4375
100590,11694,0.375
11602,11694,0.630372492836676
10378,11694,0.352941176470588
17085,11694,0.959876543209877
100452,11694,0.3125
100942,11694,0.27906976744186
10436,11694,0.444444444444444
100063,11694,0.375
102988,11694,0.411764705882353
102913,11694,0.4375
101105,11694,0.352941176470588
12955,11694,0.631276901004304
102826,11694,0.375
10497,12162,0.326530612244898
11066,12162,0.28
12396,12162,0.332046332046332
12238,12162,0.306122448979592
11567,12162,0.388888888888889
11694,12162,0.352941176470588
12162,12162,1
10495,12162,0.309090909090909
10493,12162,0.275229357798165
10498,12162,0.333333333333333
10452,12162,0.267782426778243
12933,12162,0.785074626865672
100671,12162,0.369565217391304
12587,12162,0.368421052631579
20129,12162,0.352941176470588
10496,12162,0.304347826086957
20105,12162,0.3
11534,12162,0.366336633663366
100590,12162,0.30379746835443
11602,12162,0.352941176470588
10378,12162,0.835820895522388
17085,12162,0.25
100452,12162,0.292307692307692
100942,12162,0.316326530612245
10436,12162,0.379746835443038
100063,12162,0.264957264957265
102988,12162,0.452830188679245
102913,12162,0.354838709677419
101105,12162,0.8
12955,12162,0.352941176470588
102826,12162,0.282608695652174
10497,10495,0.534743202416918
11066,10495,0.428571428571429
12396,10495,0.323943661971831
12238,10495,0.485714285714286
11567,10495,0.409090909090909
11694,10495,0.375
12162,10495,0.309090909090909
10495,10495,1
10493,10495,0.407582938388626
10498,10495,0.509090909090909
10452,10495,0.361022364217252
12933,10495,0.318181818181818
100671,10495,0.554878048780488
12587,10495,0.506024096385542
20129,10495,0.375
10496,10495,0.875379939209726
20105,10495,0.942249240121581
11534,10495,0.561514195583596
100590,10495,0.420792079207921
11602,10495,0.375
10378,10495,0.318181818181818
17085,10495,0.384615384615385
100452,10495,0.356913183279743
100942,10495,0.495238095238095
10436,10495,0.39
100063,10495,0.353125
102988,10495,0.342592592592593
102913,10495,0.562300319488818
101105,10495,0.318181818181818
12955,10495,0.375
102826,10495,0.860182370820669
10497,10493,0.367952522255193
11066,10493,0.333333333333333
12396,10493,0.323008849557522
12238,10493,0.4
11567,10493,0.36241610738255
11694,10493,0.3125
12162,10493,0.275229357798165
10495,10493,0.407582938388626
10493,10493,1
10498,10493,0.376666666666667
10452,10493,0.451298701298701
12933,10493,0.293577981651376
100671,10493,0.307432432432432
12587,10493,0.375415282392027
20129,10493,0.3125
10496,10493,0.407582938388626
20105,10493,0.346938775510204
11534,10493,0.308474576271186
100590,10493,0.38785046728972
11602,10493,0.3125
10378,10493,0.280373831775701
17085,10493,0.388888888888889
100452,10493,0.340836012861736
100942,10493,0.39672131147541
10436,10493,0.329931972789116
100063,10493,0.430921052631579
102988,10493,0.36734693877551
102913,10493,0.34765625
101105,10493,0.275229357798165
12955,10493,0.241935483870968
102826,10493,0.353741496598639
10497,10498,0.772455089820359
11066,10498,0.179487179487179
12396,10498,0.344978165938865
12238,10498,0.732732732732733
11567,10498,0.375
11694,10498,0.255813953488372
12162,10498,0.333333333333333
10495,10498,0.509090909090909
10493,10498,0.376666666666667
10498,10498,1
10452,10498,0.374631268436578
12933,10498,0.356164383561644
100671,10498,0.512269938650307
12587,10498,0.772455089820359
20129,10498,0.4375
10496,10498,0.501538461538461
20105,10498,0.5
11534,10498,0.48048048048048
100590,10498,0.370044052863436
11602,10498,0.4375
10378,10498,0.310344827586207
17085,10498,0.5
100452,10498,0.382075471698113
100942,10498,0.720720720720721
10436,10498,0.342424242424242
100063,10498,0.390532544378698
102988,10498,0.280851063829787
102913,10498,0.512658227848101
101105,10498,0.346153846153846
12955,10498,0.4375
102826,10498,0.495384615384615
10497,10452,0.376899696048632
11066,10452,0.224489795918367
12396,10452,0.322175732217573
12238,10452,0.388888888888889
11567,10452,0.329305135951662
11694,10452,0.375
12162,10452,0.267782426778243
10495,10452,0.361022364217252
10493,10452,0.451298701298701
10498,10452,0.374631268436578
10452,10452,1
12933,10452,0.262295081967213
100671,10452,0.335384615384615
12587,10452,0.372307692307692
20129,10452,0.375
10496,10452,0.345047923322684
20105,10452,0.354632587859425
11534,10452,0.348765432098765
100590,10452,0.395121951219512
11602,10452,0.375
10378,10452,0.292929292929293
17085,10452,0.296296296296296
100452,10452,0.348387096774194
100942,10452,0.389380530973451
10436,10452,0.322475570032573
100063,10452,0.596371882086168
102988,10452,0.37
102913,10452,0.405660377358491
101105,10452,0.262295081967213
12955,10452,0.375
102826,10452,0.332268370607029
10497,12933,0.326530612244898
11066,12933,0.777777777777778
12396,12933,0.318007662835249
12238,12933,0.307692307692308
11567,12933,0.406593406593407
11694,12933,0.352941176470588
12162,12933,0.785074626865672
10495,12933,0.318181818181818
10493,12933,0.293577981651376
10498,12933,0.356164383561644
10452,12933,0.262295081967213
12933,12933,1
100671,12933,0.373626373626374
12587,12933,0.382978723404255
20129,12933,0.352941176470588
10496,12933,0.327272727272727
20105,12933,0.318181818181818
11534,12933,0.324324324324324
100590,12933,0.285714285714286
11602,12933,0.352941176470588
10378,12933,0.788690476190476
17085,12933,0.2
100452,12933,0.291666666666667
100942,12933,0.307692307692308
10436,12933,0.408163265306122
100063,12933,0.262626262626263
102988,12933,0.432515337423313
102913,12933,0.411764705882353
101105,12933,0.92330383480826
12955,12933,0.352941176470588
102826,12933,0.309090909090909
10497,100671,0.51044776119403
11066,100671,0.261904761904762
12396,100671,0.330645161290323
12238,100671,0.513761467889908
11567,100671,0.370481927710843
11694,100671,0.4375
12162,100671,0.369565217391304
10495,100671,0.554878048780488
10493,100671,0.307432432432432
10498,100671,0.512269938650307
10452,100671,0.335384615384615
12933,100671,0.373626373626374
100671,100671,1
12587,100671,0.526813880126183
20129,100671,0.4375
10496,100671,0.543543543543544
20105,100671,0.548780487804878
11534,100671,0.753086419753086
100590,100671,0.390243902439024
11602,100671,0.4375
10378,100671,0.288702928870293
17085,100671,0.294117647058824
100452,100671,0.405660377358491
100942,100671,0.507598784194529
10436,100671,0.36
100063,100671,0.365625
102988,100671,0.366666666666667
102913,100671,0.823717948717949
101105,100671,0.397590361445783
12955,100671,0.4375
102826,100671,0.537537537537538
10497,12587,0.794029850746269
11066,12587,0.27027027027027
12396,12587,0.356223175965665
12238,12587,0.754491017964072
11567,12587,0.40655737704918
11694,12587,0.232558139534884
12162,12587,0.368421052631579
10495,12587,0.506024096385542
10493,12587,0.375415282392027
10498,12587,0.772455089820359
10452,12587,0.372307692307692
12933,12587,0.382978723404255
100671,12587,0.526813880126183
12587,12587,1
20129,12587,0.375
10496,12587,0.498498498498498
20105,12587,0.493975903614458
11534,12587,0.509493670886076
100590,12587,0.393805309734513
11602,12587,0.266666666666667
10378,12587,0.368421052631579
17085,12587,0.416666666666667
100452,12587,0.376106194690265
100942,12587,0.751497005988024
10436,12587,0.369774919614148
100063,12587,0.376543209876543
102988,12587,0.290322580645161
102913,12587,0.522151898734177
101105,12587,0.333333333333333
12955,12587,0.266666666666667
102826,12587,0.50788643533123
10497,20129,0.4375
11066,20129,0.5
12396,20129,0.333333333333333
12238,20129,0.4375
11567,20129,0.4375
11694,20129,0.631276901004304
12162,20129,0.352941176470588
10495,20129,0.375
10493,20129,0.3125
10498,20129,0.4375
10452,20129,0.375
12933,20129,0.352941176470588
100671,20129,0.4375
12587,20129,0.375
20129,20129,1
10496,20129,0.375
20105,20129,0.375
11534,20129,0.4375
100590,20129,0.375
11602,20129,0.892156862745098
10378,20129,0.352941176470588
17085,20129,0.56832298136646
100452,20129,0.3125
100942,20129,0.4375
10436,20129,0.375
100063,20129,0.375
102988,20129,0.411764705882353
102913,20129,0.4375
101105,20129,0.333333333333333
12955,20129,0.892156862745098
102826,20129,0.375
10497,10496,0.518292682926829
11066,10496,0.428571428571429
12396,10496,0.347417840375587
12238,10496,0.492063492063492
11567,10496,0.402597402597403
11694,10496,0.375
12162,10496,0.304347826086957
10495,10496,0.875379939209726
10493,10496,0.407582938388626
10498,10496,0.501538461538461
10452,10496,0.345047923322684
12933,10496,0.327272727272727
100671,10496,0.543543543543544
12587,10496,0.498498498498498
20129,10496,0.375
10496,10496,1
20105,10496,0.899696048632219
11534,10496,0.558359621451104
100590,10496,0.425742574257426
11602,10496,0.375
10378,10496,0.318181818181818
17085,10496,0.833333333333333
100452,10496,0.366559485530547
100942,10496,0.495238095238095
10436,10496,0.37741935483871
100063,10496,0.348242811501597
102988,10496,0.333333333333333
102913,10496,0.540625
101105,10496,0.327272727272727
12955,10496,0.375
102826,10496,0.954407294832827
10497,20105,0.528700906344411
11066,20105,0.666666666666667
12396,20105,0.328638497652582
12238,20105,0.478787878787879
11567,20105,0.405844155844156
11694,20105,0.375
12162,20105,0.3
10495,20105,0.942249240121581
10493,20105,0.346938775510204
10498,20105,0.5
10452,20105,0.354632587859425
12933,20105,0.318181818181818
100671,20105,0.548780487804878
12587,20105,0.493975903614458
20129,20105,0.375
10496,20105,0.899696048632219
20105,20105,1
11534,20105,0.56782334384858
100590,20105,0.420792079207921
11602,20105,0.375
10378,20105,0.318181818181818
17085,20105,0.307692307692308
100452,20105,0.360128617363344
100942,20105,0.484848484848485
10436,20105,0.383870967741936
100063,20105,0.346875
102988,20105,0.333333333333333
102913,20105,0.552715654952077
101105,20105,0.318181818181818
12955,20105,0.375
102826,20105,0.884498480243161
10497,11534,0.498489425981873
11066,11534,0.363636363636364
12396,11534,0.334801762114537
12238,11534,0.492447129909366
11567,11534,0.403703703703704
11694,11534,0.4375
12162,11534,0.366336633663366
10495,11534,0.561514195583596
10493,11534,0.308474576271186
10498,11534,0.48048048048048
10452,11534,0.348765432098765
12933,11534,0.324324324324324
100671,11534,0.753086419753086
12587,11534,0.509493670886076
20129,11534,0.4375
10496,11534,0.558359621451104
20105,11534,0.56782334384858
11534,11534,1
100590,11534,0.368663594470046
11602,11534,0.4375
10378,11534,0.369565217391304
17085,11534,0.241379310344828
100452,11534,0.321766561514196
100942,11534,0.495495495495495
10436,11534,0.383838383838384
100063,11534,0.365625
102988,11534,0.366666666666667
102913,11534,0.769230769230769
101105,11534,0.355555555555556
12955,11534,0.4375
102826,11534,0.545741324921136
10497,100590,0.383259911894273
11066,100590,0.260869565217391
12396,100590,0.30952380952381
12238,100590,0.382222222222222
11567,100590,0.373205741626794
11694,100590,0.375
12162,100590,0.30379746835443
10495,100590,0.420792079207921
10493,100590,0.38785046728972
10498,100590,0.370044052863436
10452,100590,0.395121951219512
12933,100590,0.285714285714286
100671,100590,0.390243902439024
12587,100590,0.393805309734513
20129,100590,0.375
10496,100590,0.425742574257426
20105,100590,0.420792079207921
11534,100590,0.368663594470046
100590,100590,1
11602,100590,0.25
10378,100590,0.323529411764706
17085,100590,0.368421052631579
100452,100590,0.665289256198347
100942,100590,0.383259911894273
10436,100590,0.35
100063,100590,0.393203883495146
102988,100590,0.316326530612245
102913,100590,0.365384615384615
101105,100590,0.316455696202532
12955,100590,0.25
102826,100590,0.432835820895522
10497,11602,0.4375
11066,11602,0.494318181818182
12396,11602,0.242424242424242
12238,11602,0.4375
11567,11602,0.4375
11694,11602,0.630372492836676
12162,11602,0.352941176470588
10495,11602,0.375
10493,11602,0.3125
10498,11602,0.4375
10452,11602,0.375
12933,11602,0.352941176470588
100671,11602,0.4375
12587,11602,0.266666666666667
20129,11602,0.892156862745098
10496,11602,0.375
20105,11602,0.375
11534,11602,0.4375
100590,11602,0.25
11602,11602,1
10378,11602,0.352941176470588
17085,11602,0.560371517027864
100452,11602,0.3125
100942,11602,0.291666666666667
10436,11602,0.375
100063,11602,0.375
102988,11602,0.411764705882353
102913,11602,0.4375
101105,11602,0.352941176470588
12955,11602,0.948251748251748
102826,11602,0.375
10497,10378,0.326530612244898
11066,10378,0.777777777777778
12396,10378,0.336996336996337
12238,10378,0.306122448979592
11567,10378,0.363636363636364
11694,10378,0.352941176470588
12162,10378,0.835820895522388
10495,10378,0.318181818181818
10493,10378,0.280373831775701
10498,10378,0.310344827586207
10452,10378,0.292929292929293
12933,10378,0.788690476190476
100671,10378,0.288702928870293
12587,10378,0.368421052631579
20129,10378,0.352941176470588
10496,10378,0.318181818181818
20105,10378,0.318181818181818
11534,10378,0.369565217391304
100590,10378,0.323529411764706
11602,10378,0.352941176470588
10378,10378,1
17085,10378,0.333333333333333
100452,10378,0.319444444444444
100942,10378,0.316326530612245
10436,10378,0.405063291139241
100063,10378,0.282828282828283
102988,10378,0.496062992125984
102913,10378,0.405797101449275
101105,10378,0.794642857142857
12955,10378,0.352941176470588
102826,10378,0.3
10497,17085,0.411764705882353
11066,17085,0.461928934010152
12396,17085,0.454545454545455
12238,17085,0.263157894736842
11567,17085,0.222222222222222
11694,17085,0.959876543209877
12162,17085,0.25
10495,17085,0.384615384615385
10493,17085,0.388888888888889
10498,17085,0.5
10452,17085,0.296296296296296
12933,17085,0.2
100671,17085,0.294117647058824
12587,17085,0.416666666666667
20129,17085,0.56832298136646
10496,17085,0.833333333333333
20105,17085,0.307692307692308
11534,17085,0.241379310344828
100590,17085,0.368421052631579
11602,17085,0.560371517027864
10378,17085,0.333333333333333
17085,17085,1
100452,17085,0.333333333333333
100942,17085,0.380952380952381
10436,17085,0.6
100063,17085,0.444444444444444
102988,17085,0.384615384615385
102913,17085,0.147058823529412
101105,17085,0.368421052631579
12955,17085,0.559006211180124
102826,17085,0.833333333333333
10497,100452,0.391111111111111
11066,100452,0.416666666666667
12396,100452,0.296650717703349
12238,100452,0.377777777777778
11567,100452,0.337579617834395
11694,100452,0.3125
12162,100452,0.292307692307692
10495,100452,0.356913183279743
10493,100452,0.340836012861736
10498,100452,0.382075471698113
10452,100452,0.348387096774194
12933,100452,0.291666666666667
100671,100452,0.405660377358491
12587,100452,0.376106194690265
20129,100452,0.3125
10496,100452,0.366559485530547
20105,100452,0.360128617363344
11534,100452,0.321766561514196
100590,100452,0.665289256198347
11602,100452,0.3125
10378,100452,0.319444444444444
17085,100452,0.333333333333333
100452,100452,1
100942,100452,0.374449339207048
10436,100452,0.351681957186544
100063,100452,0.345161290322581
102988,100452,0.311111111111111
102913,100452,0.376744186046512
101105,100452,0.295774647887324
12955,100452,0.3125
102826,100452,0.363344051446945
10497,100942,0.763473053892216
11066,100942,0.272727272727273
12396,100942,0.34375
12238,100942,0.94311377245509
11567,100942,0.411003236245955
11694,100942,0.27906976744186
12162,100942,0.316326530612245
10495,100942,0.495238095238095
10493,100942,0.39672131147541
10498,100942,0.720720720720721
10452,100942,0.389380530973451
12933,100942,0.307692307692308
100671,100942,0.507598784194529
12587,100942,0.751497005988024
20129,100942,0.4375
10496,100942,0.495238095238095
20105,100942,0.484848484848485
11534,100942,0.495495495495495
100590,100942,0.383259911894273
11602,100942,0.291666666666667
10378,100942,0.316326530612245
17085,100942,0.380952380952381
100452,100942,0.374449339207048
100942,100942,1
10436,100942,0.370253164556962
100063,100942,0.397058823529412
102988,100942,0.278225806451613
102913,100942,0.509493670886076
101105,100942,0.307692307692308
12955,100942,0.4375
102826,100942,0.488888888888889
10497,10436,0.354632587859425
11066,10436,0.318181818181818
12396,10436,0.341013824884793
12238,10436,0.367088607594937
11567,10436,0.394822006472492
11694,10436,0.444444444444444
12162,10436,0.379746835443038
10495,10436,0.39
10493,10436,0.329931972789116
10498,10436,0.342424242424242
10452,10436,0.322475570032573
12933,10436,0.408163265306122
100671,10436,0.36
12587,10436,0.369774919614148
20129,10436,0.375
10496,10436,0.37741935483871
20105,10436,0.383870967741936
11534,10436,0.383838383838384
100590,10436,0.35
11602,10436,0.375
10378,10436,0.405063291139241
17085,10436,0.6
100452,10436,0.351681957186544
100942,10436,0.370253164556962
10436,10436,1
100063,10436,0.352542372881356
102988,10436,0.4
102913,10436,0.32996632996633
101105,10436,0.406593406593407
12955,10436,0.375
102826,10436,0.367741935483871
10497,100063,0.442687747035573
11066,100063,0.285714285714286
12396,100063,0.298245614035088
12238,100063,0.40117994100295
11567,100063,0.349514563106796
11694,100063,0.375
12162,100063,0.264957264957265
10495,100063,0.353125
10493,100063,0.430921052631579
10498,100063,0.390532544378698
10452,100063,0.596371882086168
12933,100063,0.262626262626263
100671,100063,0.365625
12587,100063,0.376543209876543
20129,100063,0.375
10496,100063,0.348242811501597
20105,100063,0.346875
11534,100063,0.365625
100590,100063,0.393203883495146
11602,100063,0.375
10378,100063,0.282828282828283
17085,100063,0.444444444444444
100452,100063,0.345161290322581
100942,100063,0.397058823529412
10436,100063,0.352542372881356
100063,100063,1
102988,100063,0.36
102913,100063,0.422535211267606
101105,100063,0.274725274725275
12955,100063,0.375
102826,100063,0.34640522875817
10497,102988,0.284552845528455
11066,102988,0.555555555555556
12396,102988,0.479591836734694
12238,102988,0.282258064516129
11567,102988,0.386792452830189
11694,102988,0.411764705882353
12162,102988,0.452830188679245
10495,102988,0.342592592592593
10493,102988,0.36734693877551
10498,102988,0.280851063829787
10452,102988,0.37
12933,102988,0.432515337423313
100671,102988,0.366666666666667
12587,102988,0.290322580645161
20129,102988,0.411764705882353
10496,102988,0.333333333333333
20105,102988,0.333333333333333
11534,102988,0.366666666666667
100590,102988,0.316326530612245
11602,102988,0.411764705882353
10378,102988,0.496062992125984
17085,102988,0.384615384615385
100452,102988,0.311111111111111
100942,102988,0.278225806451613
10436,102988,0.4
100063,102988,0.36
102988,102988,1
102913,102988,0.351648351648352
101105,102988,0.480314960629921
12955,102988,0.411764705882353
102826,102988,0.31858407079646
10497,102913,0.512578616352201
11066,102913,0.285714285714286
12396,102913,0.353413654618474
12238,102913,0.506369426751592
11567,102913,0.392592592592593
11694,102913,0.4375
12162,102913,0.354838709677419
10495,102913,0.562300319488818
10493,102913,0.34765625
10498,102913,0.512658227848101
10452,102913,0.405660377358491
12933,102913,0.411764705882353
100671,102913,0.823717948717949
12587,102913,0.522151898734177
20129,102913,0.4375
10496,102913,0.540625
20105,102913,0.552715654952077
11534,102913,0.769230769230769
100590,102913,0.365384615384615
11602,102913,0.4375
10378,102913,0.405797101449275
17085,102913,0.147058823529412
100452,102913,0.376744186046512
100942,102913,0.509493670886076
10436,102913,0.32996632996633
100063,102913,0.422535211267606
102988,102913,0.351648351648352
102913,102913,1
101105,102913,0.411764705882353
12955,102913,0.4375
102826,102913,0.5375
10497,101105,0.333333333333333
11066,101105,0.777777777777778
12396,101105,0.304526748971193
12238,101105,0.337078651685393
11567,101105,0.443037974683544
11694,101105,0.352941176470588
12162,101105,0.8
10495,101105,0.318181818181818
10493,101105,0.275229357798165
10498,101105,0.346153846153846
10452,101105,0.262295081967213
12933,101105,0.92330383480826
100671,101105,0.397590361445783
12587,101105,0.333333333333333
20129,101105,0.333333333333333
10496,101105,0.327272727272727
20105,101105,0.318181818181818
11534,101105,0.355555555555556
100590,101105,0.316455696202532
11602,101105,0.352941176470588
10378,101105,0.794642857142857
17085,101105,0.368421052631579
100452,101105,0.295774647887324
100942,101105,0.307692307692308
10436,101105,0.406593406593407
100063,101105,0.274725274725275
102988,101105,0.480314960629921
102913,101105,0.411764705882353
101105,101105,1
12955,101105,0.352941176470588
102826,101105,0.309090909090909
10497,12955,0.4375
11066,12955,0.5
12396,12955,0.3
12238,12955,0.4375
11567,12955,0.4375
11694,12955,0.631276901004304
12162,12955,0.352941176470588
10495,12955,0.375
10493,12955,0.241935483870968
10498,12955,0.4375
10452,12955,0.375
12933,12955,0.352941176470588
100671,12955,0.4375
12587,12955,0.266666666666667
20129,12955,0.892156862745098
10496,12955,0.375
20105,12955,0.375
11534,12955,0.4375
100590,12955,0.25
11602,12955,0.948251748251748
10378,12955,0.352941176470588
17085,12955,0.559006211180124
100452,12955,0.3125
100942,12955,0.4375
10436,12955,0.375
100063,12955,0.375
102988,12955,0.411764705882353
102913,12955,0.4375
101105,12955,0.352941176470588
12955,12955,1
102826,12955,0.375
10497,102826,0.509146341463415
11066,102826,0.625
12396,102826,0.342723004694836
12238,102826,0.488888888888889
11567,102826,0.396103896103896
11694,102826,0.375
12162,102826,0.282608695652174
10495,102826,0.860182370820669
10493,102826,0.353741496598639
10498,102826,0.495384615384615
10452,102826,0.332268370607029
12933,102826,0.309090909090909
100671,102826,0.537537537537538
12587,102826,0.50788643533123
20129,102826,0.375
10496,102826,0.954407294832827
20105,102826,0.884498480243161
11534,102826,0.545741324921136
100590,102826,0.432835820895522
11602,102826,0.375
10378,102826,0.3
17085,102826,0.833333333333333
100452,102826,0.363344051446945
100942,102826,0.488888888888889
10436,102826,0.367741935483871
100063,102826,0.34640522875817
102988,102826,0.31858407079646
102913,102826,0.5375
101105,102826,0.309090909090909
12955,102826,0.375
102826,102826,1
