Var1,Var2,Freq
11758,11758,1
146,11758,0.410359338574575
10308,11758,0.143664652408202
100290,11758,0.366828355994121
11141,11758,0.40452763838584
11142,11758,0.411212042125935
101585,11758,0.912998168490686
11758,146,0.410359338574575
146,146,1
10308,146,0.129058910465588
100290,146,0.428305944169707
11141,146,0.790827926226009
11142,146,0.784626389664716
101585,146,0.406853236114299
11758,10308,0.143664652408202
146,10308,0.129058910465588
10308,10308,1
100290,10308,0.149416917558634
11141,10308,0.129642912741448
11142,10308,0.135206716653816
101585,10308,0.142249352357123
11758,100290,0.366828355994121
146,100290,0.428305944169707
10308,100290,0.149416917558634
100290,100290,1
11141,100290,0.414464154560445
11142,100290,0.419589799901771
101585,100290,0.369126282150932
11758,11141,0.40452763838584
146,11141,0.790827926226009
10308,11141,0.129642912741448
100290,11141,0.414464154560445
11141,11141,1
11142,11141,0.952984510841091
101585,11141,0.404194459625431
11758,11142,0.411212042125935
146,11142,0.784626389664716
10308,11142,0.135206716653816
100290,11142,0.419589799901771
11141,11142,0.952984510841091
11142,11142,1
101585,11142,0.412484475424478
11758,101585,0.912998168490686
146,101585,0.406853236114299
10308,101585,0.142249352357123
100290,101585,0.369126282150932
11141,101585,0.404194459625431
11142,101585,0.412484475424478
101585,101585,1
