Var1,Var2,Freq
11758,11758,1
146,11758,0.5
10308,11758,0.348920863309353
100290,11758,0.473557692307692
11141,11758,0.49636803874092
11142,11758,0.513317191283293
101585,11758,0.907127429805616
11758,146,0.5
146,146,1
10308,146,0.352380952380952
100290,146,0.506756756756757
11141,146,0.809917355371901
11142,146,0.808016877637131
101585,146,0.489208633093525
11758,10308,0.348920863309353
146,10308,0.352380952380952
10308,10308,1
100290,10308,0.315018315018315
11141,10308,0.372448979591837
11142,10308,0.38265306122449
101585,10308,0.348920863309353
11758,100290,0.473557692307692
146,100290,0.506756756756757
10308,100290,0.315018315018315
100290,100290,1
11141,100290,0.484848484848485
11142,100290,0.485838779956427
101585,100290,0.479713603818616
11758,11141,0.49636803874092
146,11141,0.809917355371901
10308,11141,0.372448979591837
100290,11141,0.484848484848485
11141,11141,1
11142,11141,0.94639175257732
101585,11141,0.498789346246973
11758,11142,0.513317191283293
146,11142,0.808016877637131
10308,11142,0.38265306122449
100290,11142,0.485838779956427
11141,11142,0.94639175257732
11142,11142,1
101585,11142,0.513317191283293
11758,101585,0.907127429805616
146,101585,0.489208633093525
10308,101585,0.348920863309353
100290,101585,0.479713603818616
11141,101585,0.498789346246973
11142,101585,0.513317191283293
101585,101585,1
