Var1,Var2,Freq
101373,101373,1
102452,101373,0.515935377661745
104421,101373,0.00757968209484772
104422,101373,0.00662086054295059
104423,101373,0.010899476692394
103659,101373,0.324773890385988
105216,101373,0.0505033540126996
101373,102452,0.515935377661745
102452,102452,1
104421,102452,0.00707499454089456
104422,102452,0.00662144508897592
104423,102452,0.00947087322180767
103659,102452,0.332149892089597
105216,102452,0.0486046199303576
101373,104421,0.00757968209484772
102452,104421,0.00707499454089456
104421,104421,1
104422,104421,0.00725724966572927
104423,104421,0.11676914636934
103659,104421,0.0082173866345775
105216,104421,0.00726216633168975
101373,104422,0.00662086054295059
102452,104422,0.00662144508897592
104421,104422,0.00725724966572927
104422,104422,1
104423,104422,0.00769855822765559
103659,104422,0.00828737071260888
105216,104422,0.00689117001845225
101373,104423,0.010899476692394
102452,104423,0.00947087322180767
104421,104423,0.11676914636934
104422,104423,0.00769855822765559
104423,104423,1
103659,104423,0.010768158254611
105216,104423,0.0131853052823399
101373,103659,0.324773890385988
102452,103659,0.332149892089597
104421,103659,0.0082173866345775
104422,103659,0.00828737071260888
104423,103659,0.010768158254611
103659,103659,1
105216,103659,0.0751969940007651
101373,105216,0.0505033540126996
102452,105216,0.0486046199303576
104421,105216,0.00726216633168975
104422,105216,0.00689117001845225
104423,105216,0.0131853052823399
103659,105216,0.0751969940007651
105216,105216,1
