Var1,Var2,Freq
101373,101373,1
102452,101373,0.535947712418301
104421,101373,0.34375
104422,101373,0.297872340425532
104423,101373,0.363636363636364
103659,101373,0.653061224489796
105216,101373,0.420382165605096
101373,102452,0.535947712418301
102452,102452,1
104421,102452,0.219512195121951
104422,102452,0.423076923076923
104423,102452,0.333333333333333
103659,102452,0.645892351274788
105216,102452,0.402597402597403
101373,104421,0.34375
102452,104421,0.219512195121951
104421,104421,1
104422,104421,0.55
104423,104421,0.462046204620462
103659,104421,0.285714285714286
105216,104421,0.444444444444444
101373,104422,0.297872340425532
102452,104422,0.423076923076923
104421,104422,0.55
104422,104422,1
104423,104422,0.246376811594203
103659,104422,0.323529411764706
105216,104422,0.339622641509434
101373,104423,0.363636363636364
102452,104423,0.333333333333333
104421,104423,0.462046204620462
104422,104423,0.246376811594203
104423,104423,1
103659,104423,0.235294117647059
105216,104423,0.37037037037037
101373,103659,0.653061224489796
102452,103659,0.645892351274788
104421,103659,0.285714285714286
104422,103659,0.323529411764706
104423,103659,0.235294117647059
103659,103659,1
105216,103659,0.425
101373,105216,0.420382165605096
102452,105216,0.402597402597403
104421,105216,0.444444444444444
104422,105216,0.339622641509434
104423,105216,0.37037037037037
103659,105216,0.425
105216,105216,1
