Var1,Var2,Freq
12376,12376,1
12518,12376,0.96662830840046
11759,12376,0.451338199513382
12378,12376,0.802325581395349
11223,12376,0.753488372093023
12900,12376,0.763938315539739
11762,12376,0.804678362573099
12547,12376,0.448905109489051
12376,12518,0.96662830840046
12518,12518,1
11759,12518,0.452554744525547
12378,12518,0.791425260718424
11223,12518,0.758333333333333
12900,12518,0.757142857142857
11762,12518,0.793706293706294
12547,12518,0.450121654501217
12376,11759,0.451338199513382
12518,11759,0.452554744525547
11759,11759,1
12378,11759,0.452102803738318
11223,11759,0.452898550724638
12900,11759,0.454106280193237
11762,11759,0.452102803738318
12547,11759,0.988775510204082
12376,12378,0.802325581395349
12518,12378,0.791425260718424
11759,12378,0.452102803738318
12378,12378,1
11223,12378,0.795353982300885
12900,12378,0.793141592920354
11762,12378,0.991189427312775
12547,12378,0.449766355140187
12376,11223,0.753488372093023
12518,11223,0.758333333333333
11759,11223,0.452898550724638
12378,11223,0.795353982300885
11223,11223,1
12900,11223,0.986942328618063
11762,11223,0.795353982300885
12547,11223,0.45048309178744
12376,12900,0.763938315539739
12518,12900,0.757142857142857
11759,12900,0.454106280193237
12378,12900,0.793141592920354
11223,12900,0.986942328618063
12900,12900,1
11762,12900,0.794247787610619
12547,12900,0.451690821256039
12376,11762,0.804678362573099
12518,11762,0.793706293706294
11759,11762,0.452102803738318
12378,11762,0.991189427312775
11223,11762,0.795353982300885
12900,11762,0.794247787610619
11762,11762,1
12547,11762,0.449766355140187
12376,12547,0.448905109489051
12518,12547,0.450121654501217
11759,12547,0.988775510204082
12378,12547,0.449766355140187
11223,12547,0.45048309178744
12900,12547,0.451690821256039
11762,12547,0.449766355140187
12547,12547,1
