Var1,Var2,Freq
12376,12376,1
12518,12376,0.906114620852863
11759,12376,0.344845560595367
12378,12376,0.754381274688499
11223,12376,0.705248420071046
12900,12376,0.703807755698318
11762,12376,0.754520932432109
12547,12376,0.3447082202499
12376,12518,0.906114620852863
12518,12518,1
11759,12518,0.337121465334333
12378,12518,0.734338538564921
11223,12518,0.685956455195955
12900,12518,0.685145888676869
11762,12518,0.734468849001871
12547,12518,0.336989074661346
12376,11759,0.344845560595367
12518,11759,0.337121465334333
11759,11759,1
12378,11759,0.372959064451704
11223,11759,0.363011913075638
12900,11759,0.362720401799907
11762,11759,0.373235520618342
12547,11759,0.987983142824508
12376,12378,0.754381274688499
12518,12378,0.734338538564921
11759,12378,0.372959064451704
12378,12378,1
11223,12378,0.800755608093596
12900,12378,0.799119843952889
11762,12378,0.992908073994277
12547,12378,0.372795918367572
12376,11223,0.705248420071046
12518,11223,0.685956455195955
11759,11223,0.363011913075638
12378,11223,0.800755608093596
11223,11223,1
12900,11223,0.989534811044794
11762,11223,0.801768174847872
12547,11223,0.362856435715052
12376,12900,0.703807755698318
12518,12900,0.685145888676869
11759,12900,0.362720401799907
12378,12900,0.799119843952889
11223,12900,0.989534811044794
12900,12900,1
11762,12900,0.800550464832594
12547,12900,0.362565274222067
12376,11762,0.754520932432109
12518,11762,0.734468849001871
11759,11762,0.373235520618342
12378,11762,0.992908073994277
11223,11762,0.801768174847872
12900,11762,0.800550464832594
11762,11762,1
12547,11762,0.373072253602061
12376,12547,0.3447082202499
12518,12547,0.336989074661346
11759,12547,0.987983142824508
12378,12547,0.372795918367572
11223,12547,0.362856435715052
12900,12547,0.362565274222067
11762,12547,0.373072253602061
12547,12547,1
