Var1,Var2,Freq
179,179,1
259,179,0.190839694656489
261,179,0.205128205128205
251,179,0.297658862876254
262,179,0.226130653266332
142,179,0.181818181818182
87,179,0.265957446808511
140,179,0.198347107438017
143,179,0.289855072463768
246,179,0.22
10613,179,0.242424242424242
12023,179,0.325
100817,179,0.235294117647059
10329,179,0.275590551181102
10502,179,0.276595744680851
10814,179,0.357142857142857
19689,179,0.375
10808,179,0.241379310344828
12480,179,0.27906976744186
10614,179,0.380952380952381
10616,179,0.226130653266332
10542,179,0.290983606557377
100435,179,0.241379310344828
10501,179,0.276595744680851
100427,179,0.380952380952381
20122,179,0.428571428571429
11562,179,0.375
10057,179,0.187096774193548
10950,179,0.19672131147541
10809,179,0.411764705882353
20104,179,0.226130653266332
100867,179,0.229838709677419
100431,179,0.311827956989247
100433,179,0.34375
12659,179,0.428571428571429
10014,179,0.31438127090301
100956,179,0.255639097744361
11631,179,0.291666666666667
10586,179,0.323333333333333
12507,179,0.255813953488372
101397,179,0.308383233532934
101252,179,0.194092827004219
100857,179,0.352941176470588
100859,179,0.311827956989247
101505,179,0.262975778546713
20174,179,0.25
101132,179,0.218181818181818
101133,179,0.216981132075472
103170,179,0.27734375
103101,179,0.312292358803987
10564,179,0.222222222222222
10294,179,0.198473282442748
101271,179,0.184
102414,179,0.870206489675516
103780,179,0.228668941979522
102576,179,0.242857142857143
103561,179,0.368421052631579
104260,179,0.32258064516129
104261,179,0.244444444444444
105654,179,0.326732673267327
179,259,0.190839694656489
259,259,1
261,259,0.274193548387097
251,259,0.636363636363636
262,259,0.198347107438017
142,259,0.278688524590164
87,259,0.479865771812081
140,259,0.196363636363636
143,259,0.282828282828283
246,259,0.288888888888889
10613,259,0.258064516129032
12023,259,0.294736842105263
100817,259,0.301587301587302
10329,259,0.357142857142857
10502,259,0.488372093023256
10814,259,0.255244755244755
19689,259,0.232142857142857
10808,259,0.273092369477912
12480,259,0.363636363636364
10614,259,0.349206349206349
10616,259,0.206611570247934
10542,259,0.344827586206897
100435,259,0.269076305220884
10501,259,0.488372093023256
100427,259,0.317460317460317
20122,259,0.259259259259259
11562,259,0.255172413793103
10057,259,0.811111111111111
10950,259,0.256578947368421
10809,259,0.282608695652174
20104,259,0.206611570247934
100867,259,0.294117647058824
100431,259,0.252631578947368
100433,259,0.232142857142857
12659,259,0.259259259259259
10014,259,0.285714285714286
100956,259,0.253968253968254
11631,259,0.269090909090909
10586,259,0.317073170731707
12507,259,0.297297297297297
101397,259,0.245901639344262
101252,259,0.245283018867925
100857,259,0.227053140096618
100859,259,0.346153846153846
101505,259,0.24390243902439
20174,259,0.328125
101132,259,0.236933797909408
101133,259,0.238095238095238
103170,259,0.260869565217391
103101,259,0.244094488188976
10564,259,0.2
10294,259,0.827089337175793
101271,259,0.236301369863014
102414,259,0.201438848920863
103780,259,0.274725274725275
102576,259,0.318840579710145
103561,259,0.233009708737864
104260,259,0.392857142857143
104261,259,0.363636363636364
105654,259,0.255813953488372
179,261,0.205128205128205
259,261,0.274193548387097
261,261,1
251,261,0.375
262,261,0.305135951661631
142,261,0.349557522123894
87,261,0.282352941176471
140,261,0.350684931506849
143,261,0.307692307692308
246,261,0.406091370558376
10613,261,0.846913580246914
12023,261,0.273504273504273
100817,261,0.270588235294118
10329,261,0.34703196347032
10502,261,0.282352941176471
10814,261,0.2625
19689,261,0.236111111111111
10808,261,0.315068493150685
12480,261,0.420560747663551
10614,261,0.34468085106383
10616,261,0.304093567251462
10542,261,0.276923076923077
100435,261,0.301369863013699
10501,261,0.282352941176471
100427,261,0.357446808510638
20122,261,0.319047619047619
11562,261,0.197674418604651
10057,261,0.274193548387097
10950,261,0.258928571428571
10809,261,0.234567901234568
20104,261,0.307017543859649
100867,261,0.240384615384615
100431,261,0.666666666666667
100433,261,0.25
12659,261,0.314410480349345
10014,261,0.375
100956,261,0.339449541284404
11631,261,0.247524752475248
10586,261,0.321428571428571
12507,261,0.374407582938389
101397,261,0.352941176470588
101252,261,0.342465753424658
100857,261,0.428571428571429
100859,261,0.5
101505,261,0.526315789473684
20174,261,0.258823529411765
101132,261,0.192546583850932
101133,261,0.198757763975155
103170,261,0.444444444444444
103101,261,0.55
10564,261,0.365994236311239
10294,261,0.258064516129032
101271,261,0.210191082802548
102414,261,0.238805970149254
103780,261,0.321428571428571
102576,261,0.5
103561,261,0.264705882352941
104260,261,0.727272727272727
104261,261,0.411214953271028
105654,261,0.153846153846154
179,251,0.297658862876254
259,251,0.636363636363636
261,251,0.375
251,251,1
262,251,0.19
142,251,0.375
87,251,0.204545454545455
140,251,0.232758620689655
143,251,0.245901639344262
246,251,0.178571428571429
10613,251,0.3125
12023,251,0.346153846153846
100817,251,0.194539249146758
10329,251,0.246153846153846
10502,251,0.204545454545455
10814,251,0.4
19689,251,0.5
10808,251,0.393939393939394
12480,251,0.272727272727273
10614,251,0.375
10616,251,0.19
10542,251,0.252066115702479
100435,251,0.363636363636364
10501,251,0.204545454545455
100427,251,0.375
20122,251,0.32
11562,251,0.269230769230769
10057,251,0.32
10950,251,0.274193548387097
10809,251,0.209677419354839
20104,251,0.19
100867,251,0.275303643724696
100431,251,0.3
100433,251,0.5
12659,251,0.297872340425532
10014,251,0.830409356725146
100956,251,0.19672131147541
11631,251,0.28
10586,251,0.815789473684211
12507,251,0.215384615384615
101397,251,0.312080536912752
101252,251,0.224137931034483
100857,251,0.35
100859,251,0.235294117647059
101505,251,0.253378378378378
20174,251,0.203187250996016
101132,251,0.216216216216216
101133,251,0.216216216216216
103170,251,0.255892255892256
103101,251,0.290657439446367
10564,251,0.21551724137931
10294,251,0.636363636363636
101271,251,0.214953271028037
102414,251,0.305194805194805
103780,251,0.246428571428571
102576,251,0.212903225806452
103561,251,0.333333333333333
104260,251,0.235294117647059
104261,251,0.285714285714286
105654,251,0.290849673202614
179,262,0.226130653266332
259,262,0.198347107438017
261,262,0.305135951661631
251,262,0.19
262,262,1
142,262,0.331491712707182
87,262,0.202614379084967
140,262,0.233830845771144
143,262,0.42
246,262,0.309941520467836
10613,262,0.278551532033426
12023,262,0.25
100817,262,0.245098039215686
10329,262,0.377358490566038
10502,262,0.196078431372549
10814,262,0.1875
19689,262,0.264150943396226
10808,262,0.132075471698113
12480,262,0.284210526315789
10614,262,0.31767955801105
10616,262,0.877800407331976
10542,262,0.24031007751938
100435,262,0.132075471698113
10501,262,0.196078431372549
100427,262,0.328690807799443
20122,262,0.317784256559767
11562,262,0.227272727272727
10057,262,0.206611570247934
10950,262,0.285714285714286
10809,262,0.236842105263158
20104,262,0.877800407331976
100867,262,0.21875
100431,262,0.283333333333333
100433,262,0.264150943396226
12659,262,0.315789473684211
10014,262,0.196078431372549
100956,262,0.233009708737864
11631,262,0.419354838709677
10586,262,0.212121212121212
12507,262,0.359550561797753
101397,262,0.3
101252,262,0.233830845771144
100857,262,0.4
100859,262,0.223529411764706
101505,262,0.258503401360544
20174,262,0.231707317073171
101132,262,0.201492537313433
101133,262,0.201492537313433
103170,262,0.278846153846154
103101,262,0.25
10564,262,0.228855721393035
10294,262,0.204081632653061
101271,262,0.216417910447761
102414,262,0.278145695364238
103780,262,0.27
102576,262,0.230769230769231
103561,262,0.4
104260,262,0.253731343283582
104261,262,0.273684210526316
105654,262,0.283333333333333
179,142,0.181818181818182
259,142,0.278688524590164
261,142,0.349557522123894
251,142,0.375
262,142,0.331491712707182
142,142,1
87,142,0.314814814814815
140,142,0.229235880398671
143,142,0.44578313253012
246,142,0.267741935483871
10613,142,0.353211009174312
12023,142,0.227488151658768
100817,142,0.275
10329,142,0.292604501607717
10502,142,0.314814814814815
10814,142,0.259259259259259
19689,142,0.222222222222222
10808,142,0.24
12480,142,0.278145695364238
10614,142,0.86908077994429
10616,142,0.328690807799443
10542,142,0.3
100435,142,0.24
10501,142,0.314814814814815
100427,142,0.848571428571429
20122,142,0.456456456456456
11562,142,0.277777777777778
10057,142,0.311475409836066
10950,142,0.265625
10809,142,0.3125
20104,142,0.317548746518106
100867,142,0.266666666666667
100431,142,0.378378378378378
100433,142,0.259259259259259
12659,142,0.452887537993921
10014,142,0.333333333333333
100956,142,0.32051282051282
11631,142,0.411764705882353
10586,142,0.238636363636364
12507,142,0.304761904761905
101397,142,0.371428571428571
101252,142,0.222222222222222
100857,142,0.278350515463918
100859,142,0.296875
101505,142,0.357142857142857
20174,142,0.260869565217391
101132,142,0.235294117647059
101133,142,0.264705882352941
103170,142,0.179487179487179
103101,142,0.323529411764706
10564,142,0.225913621262458
10294,142,0.311475409836066
101271,142,0.264705882352941
102414,142,0.379310344827586
103780,142,0.318181818181818
102576,142,0.326086956521739
103561,142,0.288461538461538
104260,142,0.296875
104261,142,0.264900662251656
105654,142,0.428571428571429
179,87,0.265957446808511
259,87,0.479865771812081
261,87,0.282352941176471
251,87,0.204545454545455
262,87,0.202614379084967
142,87,0.314814814814815
87,87,1
140,87,0.257425742574257
143,87,0.283018867924528
246,87,0.340909090909091
10613,87,0.263157894736842
12023,87,0.292096219931271
100817,87,0.243243243243243
10329,87,0.254237288135593
10502,87,0.972515856236786
10814,87,0.255892255892256
19689,87,0.265017667844523
10808,87,0.294117647058824
12480,87,0.340909090909091
10614,87,0.296296296296296
10616,87,0.21875
10542,87,0.235294117647059
100435,87,0.296551724137931
10501,87,0.970401691331924
100427,87,0.296296296296296
20122,87,0.259259259259259
11562,87,0.298913043478261
10057,87,0.478964401294498
10950,87,0.286195286195286
10809,87,0.291525423728814
20104,87,0.21875
100867,87,0.242105263157895
100431,87,0.316666666666667
100433,87,0.275618374558304
12659,87,0.203703703703704
10014,87,0.191489361702128
100956,87,0.257575757575758
11631,87,0.295302013422819
10586,87,0.212765957446809
12507,87,0.278688524590164
101397,87,0.320610687022901
101252,87,0.269230769230769
100857,87,0.296296296296296
100859,87,0.333333333333333
101505,87,0.264285714285714
20174,87,0.216216216216216
101132,87,0.232323232323232
101133,87,0.227722772277228
103170,87,0.239130434782609
103101,87,0.257142857142857
10564,87,0.276923076923077
10294,87,0.482200647249191
101271,87,0.264285714285714
102414,87,0.220689655172414
103780,87,0.27027027027027
102576,87,0.253012048192771
103561,87,0.275167785234899
104260,87,0.350877192982456
104261,87,0.340909090909091
105654,87,0.271186440677966
179,140,0.198347107438017
259,140,0.196363636363636
261,140,0.350684931506849
251,140,0.232758620689655
262,140,0.233830845771144
142,140,0.229235880398671
87,140,0.257425742574257
140,140,1
143,140,0.257731958762887
246,140,0.39527027027027
10613,140,0.353801169590643
12023,140,0.241379310344828
100817,140,0.174698795180723
10329,140,0.365384615384615
10502,140,0.257425742574257
10814,140,0.25
19689,140,0.326086956521739
10808,140,0.238095238095238
12480,140,0.384364820846906
10614,140,0.246710526315789
10616,140,0.237704918032787
10542,140,0.245283018867925
100435,140,0.214285714285714
10501,140,0.257425742574257
100427,140,0.222591362126246
20122,140,0.246835443037975
11562,140,0.2
10057,140,0.217857142857143
10950,140,0.145833333333333
10809,140,0.24
20104,140,0.241803278688525
100867,140,0.27906976744186
100431,140,0.32
100433,140,0.206896551724138
12659,140,0.258771929824561
10014,140,0.274509803921569
100956,140,0.368421052631579
11631,140,0.217171717171717
10586,140,0.234782608695652
12507,140,0.361702127659574
101397,140,0.177272727272727
101252,140,0.890756302521008
100857,140,0.333333333333333
100859,140,0.272727272727273
101505,140,0.254901960784314
20174,140,0.253012048192771
101132,140,0.191176470588235
101133,140,0.258823529411765
103170,140,0.275
103101,140,0.21875
10564,140,0.830985915492958
10294,140,0.207885304659498
101271,140,0.290322580645161
102414,140,0.205128205128205
103780,140,0.224299065420561
102576,140,0.2
103561,140,0.4
104260,140,0.28
104261,140,0.390879478827362
105654,140,0.126506024096386
179,143,0.289855072463768
259,143,0.282828282828283
261,143,0.307692307692308
251,143,0.245901639344262
262,143,0.42
142,143,0.44578313253012
87,143,0.283018867924528
140,143,0.257731958762887
143,143,1
246,143,0.341296928327645
10613,143,0.278846153846154
12023,143,0.369230769230769
100817,143,0.271844660194175
10329,143,0.3
10502,143,0.283018867924528
10814,143,0.352941176470588
19689,143,0.30188679245283
10808,143,0.245283018867925
12480,143,0.306397306397306
10614,143,0.429003021148036
10616,143,0.44
10542,143,0.279411764705882
100435,143,0.245283018867925
10501,143,0.283018867924528
100427,143,0.445454545454545
20122,143,0.419753086419753
11562,143,0.320754716981132
10057,143,0.333333333333333
10950,143,0.214285714285714
10809,143,0.225806451612903
20104,143,0.435
100867,143,0.333333333333333
100431,143,0.28125
100433,143,0.30188679245283
12659,143,0.427692307692308
10014,143,0.25
100956,143,0.303448275862069
11631,143,0.264150943396226
10586,143,0.269230769230769
12507,143,0.316129032258065
101397,143,0.276785714285714
101252,143,0.273972602739726
100857,143,0.464285714285714
100859,143,0.285714285714286
101505,143,0.292307692307692
20174,143,0.262135922330097
101132,143,0.272727272727273
101133,143,0.272727272727273
103170,143,0.260869565217391
103101,143,0.25531914893617
10564,143,0.258620689655172
10294,143,0.277372262773723
101271,143,0.256756756756757
102414,143,0.304347826086957
103780,143,0.333333333333333
102576,143,0.2421875
103561,143,0.409090909090909
104260,143,0.261538461538462
104261,143,0.343137254901961
105654,143,0.241935483870968
179,246,0.22
259,246,0.288888888888889
261,246,0.406091370558376
251,246,0.178571428571429
262,246,0.309941520467836
142,246,0.267741935483871
87,246,0.340909090909091
140,246,0.39527027027027
143,246,0.341296928327645
246,246,1
10613,246,0.36150234741784
12023,246,0.389830508474576
100817,246,0.212121212121212
10329,246,0.353135313531353
10502,246,0.340909090909091
10814,246,0.395348837209302
19689,246,0.212765957446809
10808,246,0.282608695652174
12480,246,0.757396449704142
10614,246,0.271604938271605
10616,246,0.323170731707317
10542,246,0.27027027027027
100435,246,0.282608695652174
10501,246,0.340909090909091
100427,246,0.280645161290323
20122,246,0.302631578947368
11562,246,0.347826086956522
10057,246,0.266666666666667
10950,246,0.365079365079365
10809,246,0.386363636363636
20104,246,0.329268292682927
100867,246,0.313725490196078
100431,246,0.340909090909091
100433,246,0.326086956521739
12659,246,0.280254777070064
10014,246,0.19327731092437
100956,246,0.285714285714286
11631,246,0.282608695652174
10586,246,0.152542372881356
12507,246,0.36963696369637
101397,246,0.230769230769231
101252,246,0.405405405405405
100857,246,0.303921568627451
100859,246,0.368421052631579
101505,246,0.241935483870968
20174,246,0.333333333333333
101132,246,0.230769230769231
101133,246,0.246153846153846
103170,246,0.289473684210526
103101,246,0.256637168141593
10564,246,0.385665529010239
10294,246,0.259259259259259
101271,246,0.261538461538462
102414,246,0.220472440944882
103780,246,0.29375
102576,246,0.212121212121212
103561,246,0.302631578947368
104260,246,0.342105263157895
104261,246,0.768768768768769
105654,246,0.213114754098361
179,10613,0.242424242424242
259,10613,0.258064516129032
261,10613,0.846913580246914
251,10613,0.3125
262,10613,0.278551532033426
142,10613,0.353211009174312
87,10613,0.263157894736842
140,10613,0.353801169590643
143,10613,0.278846153846154
246,10613,0.36150234741784
10613,10613,1
12023,10613,0.304347826086957
100817,10613,0.25974025974026
10329,10613,0.345971563981043
10502,10613,0.263157894736842
10814,10613,0.245283018867925
19689,10613,0.203389830508475
10808,10613,0.276190476190476
12480,10613,0.372641509433962
10614,10613,0.328767123287671
10616,10613,0.284883720930233
10542,10613,0.5
100435,10613,0.266666666666667
10501,10613,0.263157894736842
100427,10613,0.333333333333333
20122,10613,0.299019607843137
11562,10613,0.212121212121212
10057,10613,0.274193548387097
10950,10613,0.25
10809,10613,0.253731343283582
20104,10613,0.287262872628726
100867,10613,0.380952380952381
100431,10613,0.428571428571429
100433,10613,0.202247191011236
12659,10613,0.293577981651376
10014,10613,0.314285714285714
100956,10613,0.339449541284404
11631,10613,0.235294117647059
10586,10613,0.321428571428571
12507,10613,0.372093023255814
101397,10613,0.155555555555556
101252,10613,0.347953216374269
100857,10613,0.272727272727273
100859,10613,0.526315789473684
101505,10613,0.526315789473684
20174,10613,0.265625
101132,10613,0.209677419354839
101133,10613,0.209677419354839
103170,10613,0.4375
103101,10613,0.357142857142857
10564,10613,0.353211009174312
10294,10613,0.258064516129032
101271,10613,0.212328767123288
102414,10613,0.225806451612903
103780,10613,0.321428571428571
102576,10613,0.535714285714286
103561,10613,0.227272727272727
104260,10613,0.526315789473684
104261,10613,0.386046511627907
105654,10613,0.134615384615385
179,12023,0.325
259,12023,0.294736842105263
261,12023,0.273504273504273
251,12023,0.346153846153846
262,12023,0.25
142,12023,0.227488151658768
87,12023,0.292096219931271
140,12023,0.241379310344828
143,12023,0.369230769230769
246,12023,0.389830508474576
10613,12023,0.304347826086957
12023,12023,1
100817,12023,0.329268292682927
10329,12023,0.253333333333333
10502,12023,0.298969072164948
10814,12023,0.358974358974359
19689,12023,0.342960288808664
10808,12023,0.341389728096677
12480,12023,0.355555555555556
10614,12023,0.228571428571429
10616,12023,0.315789473684211
10542,12023,0.34
100435,12023,0.34441087613293
10501,12023,0.298969072164948
100427,12023,0.25
20122,12023,0.25
11562,12023,0.483974358974359
10057,12023,0.290780141843972
10950,12023,0.463722397476341
10809,12023,0.450793650793651
20104,12023,0.315789473684211
100867,12023,0.6875
100431,12023,0.278350515463918
100433,12023,0.335714285714286
12659,12023,0.386363636363636
10014,12023,0.346153846153846
100956,12023,0.291139240506329
11631,12023,0.508038585209003
10586,12023,0.346153846153846
12507,12023,0.288461538461538
101397,12023,0.32
101252,12023,0.270588235294118
100857,12023,0.248447204968944
100859,12023,0.555555555555556
101505,12023,0.310344827586207
20174,12023,0.357142857142857
101132,12023,0.30952380952381
101133,12023,0.268518518518518
103170,12023,0.303030303030303
103101,12023,0.4
10564,12023,0.302631578947368
10294,12023,0.282894736842105
101271,12023,0.329268292682927
102414,12023,0.325
103780,12023,0.452380952380952
102576,12023,0.351351351351351
103561,12023,0.226950354609929
104260,12023,0.555555555555556
104261,12023,0.355555555555556
105654,12023,0.269230769230769
179,100817,0.235294117647059
259,100817,0.301587301587302
261,100817,0.270588235294118
251,100817,0.194539249146758
262,100817,0.245098039215686
142,100817,0.275
87,100817,0.243243243243243
140,100817,0.174698795180723
143,100817,0.271844660194175
246,100817,0.212121212121212
10613,100817,0.25974025974026
12023,100817,0.329268292682927
100817,100817,1
10329,100817,0.347826086956522
10502,100817,0.243243243243243
10814,100817,0.355555555555556
19689,100817,0.25609756097561
10808,100817,0.270588235294118
12480,100817,0.272727272727273
10614,100817,0.304347826086957
10616,100817,0.213333333333333
10542,100817,0.333333333333333
100435,100817,0.270588235294118
10501,100817,0.243243243243243
100427,100817,0.304347826086957
20122,100817,0.239130434782609
11562,100817,0.217054263565891
10057,100817,0.285714285714286
10950,100817,0.256410256410256
10809,100817,0.371428571428571
20104,100817,0.235294117647059
100867,100817,0.275862068965517
100431,100817,0.274038461538462
100433,100817,0.25609756097561
12659,100817,0.245283018867925
10014,100817,0.182978723404255
100956,100817,0.237037037037037
11631,100817,0.276315789473684
10586,100817,0.192028985507246
12507,100817,0.296296296296296
101397,100817,0.241758241758242
101252,100817,0.188811188811189
100857,100817,0.405405405405405
100859,100817,0.265402843601896
101505,100817,0.282828282828283
20174,100817,0.802631578947368
101132,100817,0.28125
101133,100817,0.28125
103170,100817,0.235880398671096
103101,100817,0.271428571428571
10564,100817,0.208333333333333
10294,100817,0.301587301587302
101271,100817,0.228070175438597
102414,100817,0.264285714285714
103780,100817,0.285245901639344
102576,100817,0.722666666666667
103561,100817,0.405405405405405
104260,100817,0.270142180094787
104261,100817,0.5
105654,100817,0.294117647058824
179,10329,0.275590551181102
259,10329,0.357142857142857
261,10329,0.34703196347032
251,10329,0.246153846153846
262,10329,0.377358490566038
142,10329,0.292604501607717
87,10329,0.254237288135593
140,10329,0.365384615384615
143,10329,0.3
246,10329,0.353135313531353
10613,10329,0.345971563981043
12023,10329,0.253333333333333
100817,10329,0.347826086956522
10329,10329,1
10502,10329,0.254237288135593
10814,10329,0.32
19689,10329,0.320754716981132
10808,10329,0.217391304347826
12480,10329,0.33993399339934
10614,10329,0.295819935691318
10616,10329,0.371069182389937
10542,10329,0.310077519379845
100435,10329,0.217391304347826
10501,10329,0.254237288135593
100427,10329,0.29903536977492
20122,10329,0.368
11562,10329,0.339622641509434
10057,10329,0.392857142857143
10950,10329,0.470588235294118
10809,10329,0.333333333333333
20104,10329,0.377358490566038
100867,10329,0.25
100431,10329,0.321428571428571
100433,10329,0.320754716981132
12659,10329,0.269230769230769
10014,10329,0.234848484848485
100956,10329,0.28125
11631,10329,0.411764705882353
10586,10329,0.225563909774436
12507,10329,0.842818428184282
101397,10329,0.288135593220339
101252,10329,0.372990353697749
100857,10329,0.428571428571429
100859,10329,0.263157894736842
101505,10329,0.25531914893617
20174,10329,0.369565217391304
101132,10329,0.261538461538462
101133,10329,0.276923076923077
103170,10329,0.258064516129032
103101,10329,0.333333333333333
10564,10329,0.371335504885993
10294,10329,0.357142857142857
101271,10329,0.261538461538462
102414,10329,0.266666666666667
103780,10329,0.295454545454545
102576,10329,0.266666666666667
103561,10329,0.434782608695652
104260,10329,0.272727272727273
104261,10329,0.343234323432343
105654,10329,0.318181818181818
179,10502,0.276595744680851
259,10502,0.488372093023256
261,10502,0.282352941176471
251,10502,0.204545454545455
262,10502,0.196078431372549
142,10502,0.314814814814815
87,10502,0.972515856236786
140,10502,0.257425742574257
143,10502,0.283018867924528
246,10502,0.340909090909091
10613,10502,0.263157894736842
12023,10502,0.298969072164948
100817,10502,0.243243243243243
10329,10502,0.254237288135593
10502,10502,1
10814,10502,0.259259259259259
19689,10502,0.265017667844523
10808,10502,0.297385620915033
12480,10502,0.340909090909091
10614,10502,0.296296296296296
10616,10502,0.2109375
10542,10502,0.235294117647059
100435,10502,0.3
10501,10502,0.997885835095137
100427,10502,0.296296296296296
20122,10502,0.259259259259259
11562,10502,0.309782608695652
10057,10502,0.488673139158576
10950,10502,0.292929292929293
10809,10502,0.298305084745763
20104,10502,0.2109375
100867,10502,0.242105263157895
100431,10502,0.277310924369748
100433,10502,0.275618374558304
12659,10502,0.203703703703704
10014,10502,0.191489361702128
100956,10502,0.257575757575758
11631,10502,0.302013422818792
10586,10502,0.212765957446809
12507,10502,0.278688524590164
101397,10502,0.320610687022901
101252,10502,0.269230769230769
100857,10502,0.296296296296296
100859,10502,0.264285714285714
101505,10502,0.271428571428571
20174,10502,0.216216216216216
101132,10502,0.228956228956229
101133,10502,0.227722772277228
103170,10502,0.208955223880597
103101,10502,0.257142857142857
10564,10502,0.276923076923077
10294,10502,0.495145631067961
101271,10502,0.264285714285714
102414,10502,0.227586206896552
103780,10502,0.27027027027027
102576,10502,0.253012048192771
103561,10502,0.275167785234899
104260,10502,0.350877192982456
104261,10502,0.340909090909091
105654,10502,0.271186440677966
179,10814,0.357142857142857
259,10814,0.255244755244755
261,10814,0.2625
251,10814,0.4
262,10814,0.1875
142,10814,0.259259259259259
87,10814,0.255892255892256
140,10814,0.25
143,10814,0.352941176470588
246,10814,0.395348837209302
10613,10814,0.245283018867925
12023,10814,0.358974358974359
100817,10814,0.355555555555556
10329,10814,0.32
10502,10814,0.259259259259259
10814,10814,1
19689,10814,0.506451612903226
10808,10814,0.57328990228013
12480,10814,0.3125
10614,10814,0.277777777777778
10616,10814,0.244444444444444
10542,10814,0.231481481481481
100435,10814,0.583061889250814
10501,10814,0.259259259259259
100427,10814,0.28125
20122,10814,0.378378378378378
11562,10814,0.377104377104377
10057,10814,0.264808362369338
10950,10814,0.356643356643357
10809,10814,0.389937106918239
20104,10814,0.244444444444444
100867,10814,0.384615384615385
100431,10814,0.5
100433,10814,0.511254019292605
12659,10814,0.382352941176471
10014,10814,0.4
100956,10814,0.220779220779221
11631,10814,0.376237623762376
10586,10814,0.4
12507,10814,0.306122448979592
101397,10814,0.203125
101252,10814,0.218390804597701
100857,10814,0.256756756756757
100859,10814,0.3
101505,10814,0.315789473684211
20174,10814,0.273809523809524
101132,10814,0.235714285714286
101133,10814,0.239285714285714
103170,10814,0.268115942028986
103101,10814,0.4
10564,10814,0.220588235294118
10294,10814,0.275261324041812
101271,10814,0.228571428571429
102414,10814,0.357142857142857
103780,10814,0.372549019607843
102576,10814,0.289473684210526
103561,10814,0.261744966442953
104260,10814,0.346153846153846
104261,10814,0.833333333333333
105654,10814,0.225
179,19689,0.375
259,19689,0.232142857142857
261,19689,0.236111111111111
251,19689,0.5
262,19689,0.264150943396226
142,19689,0.222222222222222
87,19689,0.265017667844523
140,19689,0.326086956521739
143,19689,0.30188679245283
246,19689,0.212765957446809
10613,19689,0.203389830508475
12023,19689,0.342960288808664
100817,19689,0.25609756097561
10329,19689,0.320754716981132
10502,19689,0.265017667844523
10814,19689,0.506451612903226
19689,19689,1
10808,19689,0.528662420382166
12480,19689,0.333333333333333
10614,19689,0.222222222222222
10616,19689,0.226415094339623
10542,19689,0.198347107438017
100435,19689,0.53015873015873
10501,19689,0.265017667844523
100427,19689,0.209302325581395
20122,19689,0.296296296296296
11562,19689,0.337883959044369
10057,19689,0.24
10950,19689,0.355704697986577
10809,19689,0.346863468634686
20104,19689,0.245283018867925
100867,19689,0.375
100431,19689,0.461538461538462
100433,19689,0.912429378531074
12659,19689,0.297297297297297
10014,19689,0.5
100956,19689,0.277227722772277
11631,19689,0.34
10586,19689,0.5
12507,19689,0.307692307692308
101397,19689,0.21656050955414
101252,19689,0.304347826086957
100857,19689,0.337662337662338
100859,19689,0.375
101505,19689,0.314285714285714
20174,19689,0.292682926829268
101132,19689,0.244725738396624
101133,19689,0.240506329113924
103170,19689,0.211538461538462
103101,19689,0.283018867924528
10564,19689,0.240223463687151
10294,19689,0.250909090909091
101271,19689,0.243801652892562
102414,19689,0.34375
103780,19689,0.208333333333333
102576,19689,0.296875
103561,19689,0.353846153846154
104260,19689,0.416666666666667
104261,19689,0.333333333333333
105654,19689,0.20625
179,10808,0.241379310344828
259,10808,0.273092369477912
261,10808,0.315068493150685
251,10808,0.393939393939394
262,10808,0.132075471698113
142,10808,0.24
87,10808,0.294117647058824
140,10808,0.238095238095238
143,10808,0.245283018867925
246,10808,0.282608695652174
10613,10808,0.276190476190476
12023,10808,0.341389728096677
100817,10808,0.270588235294118
10329,10808,0.217391304347826
10502,10808,0.297385620915033
10814,10808,0.57328990228013
19689,10808,0.528662420382166
10808,10808,1
12480,10808,0.2
10614,10808,0.240740740740741
10616,10808,0.169811320754717
10542,10808,0.236363636363636
100435,10808,0.972527472527473
10501,10808,0.297385620915033
100427,10808,0.222222222222222
20122,10808,0.296296296296296
11562,10808,0.344481605351171
10057,10808,0.264925373134328
10950,10808,0.391459074733096
10809,10808,0.348754448398576
20104,10808,0.150943396226415
100867,10808,0.244274809160305
100431,10808,0.307692307692308
100433,10808,0.545454545454545
12659,10808,0.240740740740741
10014,10808,0.37037037037037
100956,10808,0.270833333333333
11631,10808,0.395424836601307
10586,10808,0.363636363636364
12507,10808,0.2
101397,10808,0.269230769230769
101252,10808,0.207792207792208
100857,10808,0.27741935483871
100859,10808,0.307692307692308
101505,10808,0.285714285714286
20174,10808,0.305882352941176
101132,10808,0.237226277372263
101133,10808,0.237226277372263
103170,10808,0.28125
103101,10808,0.234375
10564,10808,0.214285714285714
10294,10808,0.26865671641791
101271,10808,0.24896265560166
102414,10808,0.16551724137931
103780,10808,0.458333333333333
102576,10808,0.276315789473684
103561,10808,0.251572327044025
104260,10808,0.307692307692308
104261,10808,0.266666666666667
105654,10808,0.23728813559322
179,12480,0.27906976744186
259,12480,0.363636363636364
261,12480,0.420560747663551
251,12480,0.272727272727273
262,12480,0.284210526315789
142,12480,0.278145695364238
87,12480,0.340909090909091
140,12480,0.384364820846906
143,12480,0.306397306397306
246,12480,0.757396449704142
10613,12480,0.372641509433962
12023,12480,0.355555555555556
100817,12480,0.272727272727273
10329,12480,0.33993399339934
10502,12480,0.340909090909091
10814,12480,0.3125
19689,12480,0.333333333333333
10808,12480,0.2
12480,12480,1
10614,12480,0.28476821192053
10616,12480,0.294736842105263
10542,12480,0.3125
100435,12480,0.207142857142857
10501,12480,0.340909090909091
100427,12480,0.277227722772277
20122,12480,0.329192546583851
11562,12480,0.355555555555556
10057,12480,0.219178082191781
10950,12480,0.355555555555556
10809,12480,0.454545454545455
20104,12480,0.301587301587302
100867,12480,0.292929292929293
100431,12480,0.316455696202532
100433,12480,0.333333333333333
12659,12480,0.312169312169312
10014,12480,0.254545454545455
100956,12480,0.301587301587302
11631,12480,0.211267605633803
10586,12480,0.218181818181818
12507,12480,0.354304635761589
101397,12480,0.216346153846154
101252,12480,0.383116883116883
100857,12480,0.247524752475248
100859,12480,0.323529411764706
101505,12480,0.225806451612903
20174,12480,0.295454545454545
101132,12480,0.35
101133,12480,0.333333333333333
103170,12480,0.256410256410256
103101,12480,0.157894736842105
10564,12480,0.37542662116041
10294,12480,0.294117647058824
101271,12480,0.246153846153846
102414,12480,0.302325581395349
103780,12480,0.259259259259259
102576,12480,0.284090909090909
103561,12480,0.267326732673267
104260,12480,0.421052631578947
104261,12480,0.926686217008798
105654,12480,0.307692307692308
179,10614,0.380952380952381
259,10614,0.349206349206349
261,10614,0.34468085106383
251,10614,0.375
262,10614,0.31767955801105
142,10614,0.86908077994429
87,10614,0.296296296296296
140,10614,0.246710526315789
143,10614,0.429003021148036
246,10614,0.271604938271605
10613,10614,0.328767123287671
12023,10614,0.228571428571429
100817,10614,0.304347826086957
10329,10614,0.295819935691318
10502,10614,0.296296296296296
10814,10614,0.277777777777778
19689,10614,0.222222222222222
10808,10614,0.240740740740741
12480,10614,0.28476821192053
10614,10614,1
10616,10614,0.312328767123288
10542,10614,0.296610169491525
100435,10614,0.240740740740741
10501,10614,0.296296296296296
100427,10614,0.900552486187845
20122,10614,0.446483180428135
11562,10614,0.296296296296296
10057,10614,0.349206349206349
10950,10614,0.36
10809,10614,0.3125
20104,10614,0.319277108433735
100867,10614,0.235849056603774
100431,10614,0.324324324324324
100433,10614,0.259259259259259
12659,10614,0.454268292682927
10014,10614,0.241379310344828
100956,10614,0.338461538461538
11631,10614,0.411764705882353
10586,10614,0.233333333333333
12507,10614,0.372781065088757
101397,10614,0.342857142857143
101252,10614,0.22
100857,10614,0.26530612244898
100859,10614,0.276595744680851
101505,10614,0.321428571428571
20174,10614,0.304347826086957
101132,10614,0.305555555555556
101133,10614,0.265625
103170,10614,0.205128205128205
103101,10614,0.277777777777778
10564,10614,0.243421052631579
10294,10614,0.349206349206349
101271,10614,0.265625
102414,10614,0.379310344827586
103780,10614,0.342857142857143
102576,10614,0.260869565217391
103561,10614,0.307692307692308
104260,10614,0.35
104261,10614,0.262458471760797
105654,10614,0.333333333333333
179,10616,0.226130653266332
259,10616,0.206611570247934
261,10616,0.304093567251462
251,10616,0.19
262,10616,0.877800407331976
142,10616,0.328690807799443
87,10616,0.21875
140,10616,0.237704918032787
143,10616,0.44
246,10616,0.323170731707317
10613,10616,0.284883720930233
12023,10616,0.315789473684211
100817,10616,0.213333333333333
10329,10616,0.371069182389937
10502,10616,0.2109375
10814,10616,0.244444444444444
19689,10616,0.226415094339623
10808,10616,0.169811320754717
12480,10616,0.294736842105263
10614,10616,0.312328767123288
10616,10616,1
10542,10616,0.248062015503876
100435,10616,0.169811320754717
10501,10616,0.2109375
100427,10616,0.374407582938389
20122,10616,0.320113314447592
11562,10616,0.225
10057,10616,0.221311475409836
10950,10616,0.285714285714286
10809,10616,0.203125
20104,10616,0.977459016393443
100867,10616,0.229166666666667
100431,10616,0.283333333333333
100433,10616,0.226415094339623
12659,10616,0.365957446808511
10014,10616,0.196078431372549
100956,10616,0.233009708737864
11631,10616,0.258620689655172
10586,10616,0.212121212121212
12507,10616,0.371428571428571
101397,10616,0.281818181818182
101252,10616,0.237704918032787
100857,10616,0.4
100859,10616,0.223529411764706
101505,10616,0.251748251748252
20174,10616,0.219512195121951
101132,10616,0.201492537313433
101133,10616,0.201492537313433
103170,10616,0.259615384615385
103101,10616,0.239583333333333
10564,10616,0.22707423580786
10294,10616,0.180451127819549
101271,10616,0.216417910447761
102414,10616,0.294573643410853
103780,10616,0.27
102576,10616,0.207692307692308
103561,10616,0.4
104260,10616,0.238805970149254
104261,10616,0.284210526315789
105654,10616,0.258333333333333
179,10542,0.290983606557377
259,10542,0.344827586206897
261,10542,0.276923076923077
251,10542,0.252066115702479
262,10542,0.24031007751938
142,10542,0.3
87,10542,0.235294117647059
140,10542,0.245283018867925
143,10542,0.279411764705882
246,10542,0.27027027027027
10613,10542,0.5
12023,10542,0.34
100817,10542,0.333333333333333
10329,10542,0.310077519379845
10502,10542,0.235294117647059
10814,10542,0.231481481481481
19689,10542,0.198347107438017
10808,10542,0.236363636363636
12480,10542,0.3125
10614,10542,0.296610169491525
10616,10542,0.248062015503876
10542,10542,1
100435,10542,0.23030303030303
10501,10542,0.235294117647059
100427,10542,0.3
20122,10542,0.287878787878788
11562,10542,0.304347826086957
10057,10542,0.276923076923077
10950,10542,0.363636363636364
10809,10542,0.2265625
20104,10542,0.24031007751938
100867,10542,0.27972027972028
100431,10542,0.275590551181102
100433,10542,0.207317073170732
12659,10542,0.3125
10014,10542,0.243801652892562
100956,10542,0.274611398963731
11631,10542,0.217821782178218
10586,10542,0.268595041322314
12507,10542,0.3359375
101397,10542,0.298076923076923
101252,10542,0.245283018867925
100857,10542,0.423076923076923
100859,10542,0.272108843537415
101505,10542,0.257225433526012
20174,10542,0.337837837837838
101132,10542,0.2578125
101133,10542,0.2578125
103170,10542,0.298013245033113
103101,10542,0.260700389105058
10564,10542,0.264150943396226
10294,10542,0.234848484848485
101271,10542,0.265625
102414,10542,0.267361111111111
103780,10542,0.266666666666667
102576,10542,0.311953352769679
103561,10542,0.310344827586207
104260,10542,0.291338582677165
104261,10542,0.28125
105654,10542,0.28042328042328
179,100435,0.241379310344828
259,100435,0.269076305220884
261,100435,0.301369863013699
251,100435,0.363636363636364
262,100435,0.132075471698113
142,100435,0.24
87,100435,0.296551724137931
140,100435,0.214285714285714
143,100435,0.245283018867925
246,100435,0.282608695652174
10613,100435,0.266666666666667
12023,100435,0.34441087613293
100817,100435,0.270588235294118
10329,100435,0.217391304347826
10502,100435,0.3
10814,100435,0.583061889250814
19689,100435,0.53015873015873
10808,100435,0.972527472527473
12480,100435,0.207142857142857
10614,100435,0.240740740740741
10616,100435,0.169811320754717
10542,100435,0.23030303030303
100435,100435,1
10501,100435,0.3
100427,100435,0.222222222222222
20122,100435,0.296296296296296
11562,100435,0.344481605351171
10057,100435,0.252595155709343
10950,100435,0.380327868852459
10809,100435,0.343042071197411
20104,100435,0.150943396226415
100867,100435,0.244274809160305
100431,100435,0.282051282051282
100433,100435,0.538216560509554
12659,100435,0.240740740740741
10014,100435,0.333333333333333
100956,100435,0.260416666666667
11631,100435,0.395424836601307
10586,100435,0.333333333333333
12507,100435,0.2
101397,100435,0.307692307692308
101252,100435,0.192090395480226
100857,100435,0.270967741935484
100859,100435,0.282051282051282
101505,100435,0.285714285714286
20174,100435,0.305882352941176
101132,100435,0.232727272727273
101133,100435,0.232727272727273
103170,100435,0.25
103101,100435,0.234375
10564,100435,0.266666666666667
10294,100435,0.264925373134328
101271,100435,0.24896265560166
102414,100435,0.171428571428571
103780,100435,0.458333333333333
102576,100435,0.276315789473684
103561,100435,0.245283018867925
104260,100435,0.282051282051282
104261,100435,0.266666666666667
105654,100435,0.23728813559322
179,10501,0.276595744680851
259,10501,0.488372093023256
261,10501,0.282352941176471
251,10501,0.204545454545455
262,10501,0.196078431372549
142,10501,0.314814814814815
87,10501,0.970401691331924
140,10501,0.257425742574257
143,10501,0.283018867924528
246,10501,0.340909090909091
10613,10501,0.263157894736842
12023,10501,0.298969072164948
100817,10501,0.243243243243243
10329,10501,0.254237288135593
10502,10501,0.997885835095137
10814,10501,0.259259259259259
19689,10501,0.265017667844523
10808,10501,0.297385620915033
12480,10501,0.340909090909091
10614,10501,0.296296296296296
10616,10501,0.2109375
10542,10501,0.235294117647059
100435,10501,0.3
10501,10501,1
100427,10501,0.296296296296296
20122,10501,0.259259259259259
11562,10501,0.295774647887324
10057,10501,0.488673139158576
10950,10501,0.292929292929293
10809,10501,0.298305084745763
20104,10501,0.2109375
100867,10501,0.242105263157895
100431,10501,0.277310924369748
100433,10501,0.275618374558304
12659,10501,0.203703703703704
10014,10501,0.191489361702128
100956,10501,0.257575757575758
11631,10501,0.302013422818792
10586,10501,0.212765957446809
12507,10501,0.278688524590164
101397,10501,0.320610687022901
101252,10501,0.269230769230769
100857,10501,0.296296296296296
100859,10501,0.264285714285714
101505,10501,0.271428571428571
20174,10501,0.216216216216216
101132,10501,0.228956228956229
101133,10501,0.227722772277228
103170,10501,0.208955223880597
103101,10501,0.257142857142857
10564,10501,0.276923076923077
10294,10501,0.495145631067961
101271,10501,0.264285714285714
102414,10501,0.227586206896552
103780,10501,0.27027027027027
102576,10501,0.253012048192771
103561,10501,0.275167785234899
104260,10501,0.350877192982456
104261,10501,0.340909090909091
105654,10501,0.271186440677966
179,100427,0.380952380952381
259,100427,0.317460317460317
261,100427,0.357446808510638
251,100427,0.375
262,100427,0.328690807799443
142,100427,0.848571428571429
87,100427,0.296296296296296
140,100427,0.222591362126246
143,100427,0.445454545454545
246,100427,0.280645161290323
10613,100427,0.333333333333333
12023,100427,0.25
