Var1,Var2,Freq
179,179,1
259,179,0.0313079554270291
261,179,0.022063909163171
251,179,0.197484973510276
262,179,0.0439910999789649
142,179,0.0205538428066832
87,179,0.01642412421696
140,179,0.0504415680859595
143,179,0.0461786106559011
246,179,0.0215297450424929
10613,179,0.0204679857677605
12023,179,0.0217191758889093
100817,179,0.0966537865682044
10329,179,0.0430981538690035
10502,179,0.0164004996553594
10814,179,0.0201917188042844
19689,179,0.0277076354019403
10808,179,0.020794605024021
12480,179,0.0209988953629136
10614,179,0.0210009666266395
10616,179,0.0382784922943045
10542,179,0.141151150130826
100435,179,0.0207781383947863
10501,179,0.0163971330332044
100427,179,0.0211612816755899
20122,179,0.0214326481864081
11562,179,0.0302038413079916
10057,179,0.0347053185977894
10950,179,0.0258732852647294
10809,179,0.0203994982237216
20104,179,0.0421465315988841
100867,179,0.106550487324361
100431,179,0.0669835374438675
100433,179,0.0243234657996469
12659,179,0.0209502055212185
10014,179,0.221479595763719
100956,179,0.053709050262777
11631,179,0.0247635039553232
10586,179,0.210482637432004
12507,179,0.0290876822212982
101397,179,0.220464528749974
101252,179,0.0521106020120314
100857,179,0.015532434437397
100859,179,0.0678174923872209
101505,179,0.158277939082629
20174,179,0.0931413163754093
101132,179,0.0311814981474448
101133,179,0.0374257033095807
103170,179,0.105348226624216
103101,179,0.226927695991977
10564,179,0.0494204578468665
10294,179,0.0365079826626606
101271,179,0.031073945534995
102414,179,0.890025980665788
103780,179,0.10497055475152
102576,179,0.0895069293569058
103561,179,0.0167319233030018
104260,179,0.0693977159414235
104261,179,0.0198525368810662
105654,179,0.254008619300655
179,259,0.0313079554270291
259,259,1
261,259,0.0376868163287708
251,259,0.0206680522168865
262,259,0.0231777652200886
142,259,0.0409288422413276
87,259,0.312358766220883
140,259,0.0300926043159271
143,259,0.0298451773734662
246,259,0.0477858267044129
10613,259,0.0366325842093333
12023,259,0.12376592418243
100817,259,0.0374803316467024
10329,259,0.0264955366006817
10502,259,0.316118140918249
10814,259,0.114730214335926
19689,259,0.117651680701533
10808,259,0.12732183281263
12480,259,0.0352126946160264
10614,259,0.042326010988086
10616,259,0.0226274459611189
10542,259,0.0364167543693062
100435,259,0.125630747809596
10501,259,0.316053249582059
100427,259,0.0383302172764394
20122,259,0.0250399609324499
11562,259,0.111701807641289
10057,259,0.819229168109973
10950,259,0.112350073343841
10809,259,0.115014533686688
20104,259,0.0232152697190846
100867,259,0.0268009081418244
100431,259,0.0226120128939868
100433,259,0.122724938593979
12659,259,0.0251204323587442
10014,259,0.0277927958497956
100956,259,0.0289267424334428
11631,259,0.122122217765661
10586,259,0.0255064989462972
12507,259,0.0287310546407884
101397,259,0.03113581754963
101252,259,0.0271204706559974
100857,259,0.0373658725859129
100859,259,0.0209454813556878
101505,259,0.0195771141811335
20174,259,0.0318087024901437
101132,259,0.0483661502897281
101133,259,0.0641917203522705
103170,259,0.0280575927068641
103101,259,0.0296146606859668
10564,259,0.0308756997894836
10294,259,0.821108185192667
101271,259,0.0635963297626479
102414,259,0.0317137968481321
103780,259,0.0251938772474655
102576,259,0.0371881380080766
103561,259,0.0413908312012872
104260,259,0.0237791105162048
104261,259,0.034642807254381
105654,259,0.0342464344762323
179,261,0.022063909163171
259,261,0.0376868163287708
261,261,1
251,261,0.0208079484898208
262,261,0.123696974557788
142,261,0.116921679231224
87,261,0.0376236105403229
140,261,0.209179671280346
143,261,0.0949853875485398
246,261,0.156548688824404
10613,261,0.825791145347868
12023,261,0.0373293955827716
100817,261,0.0323621677404156
10329,261,0.126705668067107
10502,261,0.0375694925068067
10814,261,0.029123039275879
19689,261,0.0303151241892103
10808,261,0.0365323370404305
12480,261,0.15944658942604
10614,261,0.101460911267883
10616,261,0.131580773457968
10542,261,0.0290250722901
100435,261,0.0359964163891627
10501,261,0.037561780407268
100427,261,0.107398839002633
20122,261,0.088152617330784
11562,261,0.022300507972099
10057,261,0.0342222192262523
10950,261,0.0364847252188026
10809,261,0.0263809018521744
20104,261,0.134999025118496
100867,261,0.0218950251737767
100431,261,0.020517746548132
100433,261,0.0338294234281656
12659,261,0.0899694859541871
10014,261,0.0208485267814427
100956,261,0.0392360031820103
11631,261,0.0344414347762006
10586,261,0.020761862168588
12507,261,0.135869628801788
101397,261,0.0166561844372541
101252,261,0.195304203067073
100857,261,0.0266700389210542
100859,261,0.0211458311786136
101505,261,0.021760492709116
20174,261,0.0309134968030124
101132,261,0.0204606455859172
101133,261,0.0266934371173263
103170,261,0.0171744840830238
103101,261,0.0222548529894627
10564,261,0.188383932852109
10294,261,0.0328089935837823
101271,261,0.0282785013708126
102414,261,0.0298090696137868
103780,261,0.0193714446018636
102576,261,0.0281578902918921
103561,261,0.0219335840974078
104260,261,0.0216336438089379
104261,261,0.155148600812409
105654,261,0.0171570284678397
179,251,0.197484973510276
259,251,0.0206680522168865
261,251,0.0208079484898208
251,251,1
262,251,0.026989072012039
142,251,0.0231034426694557
87,251,0.0205687482091688
140,251,0.0345799084017862
143,251,0.0294337596472615
246,251,0.0246856216887845
10613,251,0.0213073999722511
12023,251,0.0209824201622153
100817,251,0.0648697614343075
10329,251,0.0255021618273587
10502,251,0.0205391619948479
10814,251,0.0255484597465737
19689,251,0.0274369332402664
10808,251,0.0281777638463687
12480,251,0.0325955881117128
10614,251,0.0229848186156091
10616,251,0.0268105094842194
10542,251,0.0727040414582863
100435,251,0.0276139997380014
10501,251,0.0205349458063616
100427,251,0.0242631481637339
20122,251,0.0201348804104905
11562,251,0.0254778252189667
10057,251,0.0218198409104834
10950,251,0.0373632358878537
10809,251,0.0233897008440149
20104,251,0.0275070023391828
100867,251,0.14429136286648
100431,251,0.0568535243614961
100433,251,0.0273702577267859
12659,251,0.0267508061016171
10014,251,0.841081473750035
100956,251,0.0343817797984162
11631,251,0.0266538758753001
10586,251,0.829270331196382
12507,251,0.0255427238201026
101397,251,0.185429251841237
101252,251,0.0293313699273704
100857,251,0.0176593031148038
100859,251,0.0647777537274608
101505,251,0.119980720498221
20174,251,0.0707456228591712
101132,251,0.0294517708409593
101133,251,0.0353495919991845
103170,251,0.105465342327339
103101,251,0.167452628584309
10564,251,0.0304500762442317
10294,251,0.0211346070684233
101271,251,0.0341892829975679
102414,251,0.201063986228547
103780,251,0.0822477410351647
102576,251,0.0564504302901019
103561,251,0.0177111052299357
104260,251,0.0586487127718208
104261,251,0.0325770731496329
105654,251,0.215435902171062
179,262,0.0439910999789649
259,262,0.0231777652200886
261,262,0.123696974557788
251,262,0.026989072012039
262,262,1
142,262,0.144398847521084
87,262,0.0301687091085619
140,262,0.0631542612197719
143,262,0.15633950790679
246,262,0.0980236466922588
10613,262,0.123133719683824
12023,262,0.0178830331182596
100817,262,0.0262842788023512
10329,262,0.10379642036067
10502,262,0.0297182154100241
10814,262,0.0160942746978237
19689,262,0.0257225401172261
10808,262,0.0198589937224364
12480,262,0.0795105060002259
10614,262,0.1385268125306
10616,262,0.849792355736027
10542,262,0.0403490886855942
100435,262,0.019843267975964
10501,262,0.0297121149859816
100427,262,0.138174342194323
20122,262,0.135430282196531
11562,262,0.0236026153161842
10057,262,0.0227810254923073
10950,262,0.021836009806486
10809,262,0.016763292240796
20104,262,0.867826518282733
100867,262,0.0374279586478225
100431,262,0.0302846815091572
100433,262,0.0261265768291404
12659,262,0.136796102953889
10014,262,0.0308370312465857
100956,262,0.0311345716282616
11631,262,0.0218080686436574
10586,262,0.0340159521826556
12507,262,0.103753551006329
101397,262,0.0523733382322498
101252,262,0.0601821281716971
100857,262,0.0194203682219843
100859,262,0.0283643616901592
101505,262,0.0488258663430695
20174,262,0.0263513833644633
101132,262,0.0222673232729947
101133,262,0.0281842388840103
103170,262,0.0297993904204224
103101,262,0.0432756630395155
10564,262,0.0532946726845936
10294,262,0.0270191099423286
101271,262,0.0344812255163974
102414,262,0.0456970981334726
103780,262,0.0322539745731843
102576,262,0.0265290129752283
103561,262,0.0219120033115712
104260,262,0.0292844374098563
104261,262,0.0765931011115995
105654,262,0.0544214107921138
179,142,0.0205538428066832
259,142,0.0409288422413276
261,142,0.116921679231224
251,142,0.0231034426694557
262,142,0.144398847521084
142,142,1
87,142,0.0402585608748888
140,142,0.0918480431194509
143,142,0.287274252982262
246,142,0.121101019779917
10613,142,0.112691362702788
12023,142,0.0264890070058852
100817,142,0.0226386663983565
10329,142,0.1298617862089
10502,142,0.0402006527125553
10814,142,0.0269465323391416
19689,142,0.0260799475532782
10808,142,0.0257539787437467
12480,142,0.10461370686845
10614,142,0.859399086221994
10616,142,0.139597238413527
10542,142,0.0390631082248663
100435,142,0.0257335849339677
10501,142,0.0401924005000671
100427,142,0.822825306467603
20122,142,0.347002906056085
11562,142,0.0257752148679261
10057,142,0.0426696021846727
10950,142,0.0184975581060081
10809,142,0.0268436817251068
20104,142,0.134771195760143
100867,142,0.0344468539261465
100431,142,0.0263875206825468
100433,142,0.0276426053075917
12659,142,0.330279727648423
10014,142,0.0225973427807734
100956,142,0.0335111123719643
11631,142,0.0216408411611616
10586,142,0.0241499994381632
12507,142,0.122688571760865
101397,142,0.0272201111146418
101252,142,0.0914297269846922
100857,142,0.0253819097271338
100859,142,0.0258911879126872
101505,142,0.0187295114693963
20174,142,0.0238684134364199
101132,142,0.0253988116268121
101133,142,0.0333076998085485
103170,142,0.0175935529174613
103101,142,0.0278120840496853
10564,142,0.0861430519333668
10294,142,0.0429541469032892
101271,142,0.0361092635265878
102414,142,0.0204613095610439
103780,142,0.029477340634231
102576,142,0.0308201966004814
103561,142,0.0226278804217061
104260,142,0.0258092794887836
104261,142,0.103442004520437
105654,142,0.0236403947313313
179,87,0.01642412421696
259,87,0.312358766220883
261,87,0.0376236105403229
251,87,0.0205687482091688
262,87,0.0301687091085619
142,87,0.0402585608748888
87,87,1
140,87,0.0316643081354384
143,87,0.0285108505079831
246,87,0.038644998157553
10613,87,0.0384819405384541
12023,87,0.113365581698756
100817,87,0.0347942895883524
10329,87,0.0291276994844427
10502,87,0.96895021213546
10814,87,0.112379388515626
19689,87,0.125677956395651
10808,87,0.130172515094779
12480,87,0.0275814818026938
10614,87,0.0353398714338947
10616,87,0.0246763359557952
10542,87,0.0266896847182083
100435,87,0.1291370379657
10501,87,0.967517756014124
100427,87,0.0375088264458642
20122,87,0.0281132135899379
11562,87,0.0844091836350753
10057,87,0.326898358222699
10950,87,0.109838920012883
10809,87,0.100694693165928
20104,87,0.0253173864994264
100867,87,0.0245528397867689
100431,87,0.0168272059465335
100433,87,0.130557120504984
12659,87,0.0244430867114516
10014,87,0.021567411657363
100956,87,0.0323786197778871
11631,87,0.12759894213182
10586,87,0.0219550422610401
12507,87,0.0350947800110459
101397,87,0.0329526285981599
101252,87,0.0285285917229691
100857,87,0.0397291064580148
100859,87,0.0184210252671697
101505,87,0.0325738012743771
20174,87,0.0311334184002748
101132,87,0.044172846894003
101133,87,0.0564550072863883
103170,87,0.0256629866857033
103101,87,0.0251151598469116
10564,87,0.032304376221439
10294,87,0.33377612680819
101271,87,0.0524969934536524
102414,87,0.0192355093333338
103780,87,0.023895216797888
102576,87,0.0354315370671294
103561,87,0.0368941190077918
104260,87,0.0204030546434747
104261,87,0.0285330365331545
105654,87,0.0239038728378957
179,140,0.0504415680859595
259,140,0.0300926043159271
261,140,0.209179671280346
251,140,0.0345799084017862
262,140,0.0631542612197719
142,140,0.0918480431194509
87,140,0.0316643081354384
140,140,1
143,140,0.119437675449068
246,140,0.247773416861801
10613,140,0.190491808702416
12023,140,0.0300593355006553
100817,140,0.0262668666094154
10329,140,0.226250416802647
10502,140,0.0320906838201512
10814,140,0.0296316916046801
19689,140,0.0336134466131478
10808,140,0.0267688047465547
12480,140,0.248750885783256
10614,140,0.0843474938014093
10616,140,0.0639382732530708
10542,140,0.0317394570015129
100435,140,0.0262126551797226
10501,140,0.0320840963862688
100427,140,0.0920739919064346
20122,140,0.0688197505755111
11562,140,0.0240775887846818
10057,140,0.0328758672154213
10950,140,0.0290044694297131
10809,140,0.0273105928974177
20104,140,0.0674735494909946
100867,140,0.0247929545892759
100431,140,0.0204790590077006
100433,140,0.0378584402050215
12659,140,0.0798285614290633
10014,140,0.0401469222541786
100956,140,0.020699925468154
11631,140,0.0310740723388039
10586,140,0.0383370215148259
12507,140,0.222829784658345
101397,140,0.031954118988447
101252,140,0.903188704606853
100857,140,0.0225127035631076
100859,140,0.017614748023872
101505,140,0.0213586734867892
20174,140,0.027958596094828
101132,140,0.0225276948486806
101133,140,0.0332353702990629
103170,140,0.0237846644167984
103101,140,0.0197463937925436
10564,140,0.837533653583279
10294,140,0.0285739130674878
101271,140,0.0332159400896857
102414,140,0.0496626730477226
103780,140,0.0234309569691046
102576,140,0.0265833340833992
103561,140,0.0225787427297907
104260,140,0.0204855264195175
104261,140,0.252494115028684
105654,140,0.032914965081877
179,143,0.0461786106559011
259,143,0.0298451773734662
261,143,0.0949853875485398
251,143,0.0294337596472615
262,143,0.15633950790679
142,143,0.287274252982262
87,143,0.0285108505079831
140,143,0.119437675449068
143,143,1
246,143,0.143843718249991
10613,143,0.0865345394559432
12023,143,0.0213399924191658
100817,143,0.0251525888435208
10329,143,0.127037178788292
10502,143,0.0284698403247176
10814,143,0.0204928195234452
19689,143,0.0280342885605466
10808,143,0.0251205693713619
12480,143,0.133986667567835
10614,143,0.277515214204523
10616,143,0.162248690504073
10542,143,0.0373247665407163
100435,143,0.0251006771396256
10501,143,0.0284639961616006
100427,143,0.287980955779496
20122,143,0.257423121368657
11562,143,0.0272482166174256
10057,143,0.0325133976155955
10950,143,0.017169418084628
10809,143,0.0196140290856569
20104,143,0.164668887840601
100867,143,0.0253599205995515
100431,143,0.0229720753852889
100433,143,0.0284840532692743
12659,143,0.255151402346778
10014,143,0.0305444151219349
100956,143,0.0477756331604676
11631,143,0.0211821419569012
10586,143,0.0293685685159563
12507,143,0.144479385832771
101397,143,0.0407981065385368
101252,143,0.125388766777608
100857,143,0.0264081613350114
100859,143,0.0253012581143496
101505,143,0.0332354883900933
20174,143,0.0233020366639607
101132,143,0.0260662126515052
101133,143,0.0323648936087378
103170,143,0.026571632723136
103101,143,0.0286186089022415
10564,143,0.109060236612817
10294,143,0.0336760210659945
101271,143,0.0307286736862335
102414,143,0.0470275129418796
103780,143,0.0286429564028482
102576,143,0.0279512814472713
103561,143,0.0205398743932543
104260,143,0.0207374442428055
104261,143,0.130190822605917
105654,143,0.0294174211727041
179,246,0.0215297450424929
259,246,0.0477858267044129
261,246,0.156548688824404
251,246,0.0246856216887845
262,246,0.0980236466922588
142,246,0.121101019779917
87,246,0.038644998157553
140,246,0.247773416861801
143,246,0.143843718249991
246,246,1
10613,246,0.147474461557454
12023,246,0.0376112558076234
100817,246,0.0204046882755098
10329,246,0.214965182102712
10502,246,0.0385894109537867
10814,246,0.0297266971285299
19689,246,0.0321408570662508
10808,246,0.0300974546400303
12480,246,0.749149780514756
10614,246,0.116610630479498
10616,246,0.096163041617399
10542,246,0.0404102083035831
100435,246,0.0300736213608749
10501,246,0.0385814894898926
100427,246,0.12084205588429
20122,246,0.107712796013743
11562,246,0.0274071893350294
10057,246,0.0391123431816357
10950,246,0.0361147940153514
10809,246,0.0477777721555584
20104,246,0.0991401368291933
100867,246,0.034556914807901
100431,246,0.0352859706177517
100433,246,0.0309571382904596
12659,246,0.1069563123978
10014,246,0.0252958929171761
100956,246,0.0254982359833386
11631,246,0.0253018409978303
10586,246,0.0223917699395749
12507,246,0.236543227120368
101397,246,0.0342944822499959
101252,246,0.243548497824652
100857,246,0.0287637674766612
100859,246,0.0438113003917445
101505,246,0.0256519418513226
20174,246,0.0238145411187126
101132,246,0.0254249138740704
101133,246,0.0333952429531643
103170,246,0.0196804379407876
103101,246,0.0267294641913627
10564,246,0.232276151880273
10294,246,0.0393162890213268
101271,246,0.0362529364574942
102414,246,0.0282010767004369
103780,246,0.0295548163863503
102576,246,0.0202456149735858
103561,246,0.0219245891556576
104260,246,0.0388866511740735
104261,246,0.745888171388629
105654,246,0.0269148205881489
179,10613,0.0204679857677605
259,10613,0.0366325842093333
261,10613,0.825791145347868
251,10613,0.0213073999722511
262,10613,0.123133719683824
142,10613,0.112691362702788
87,10613,0.0384819405384541
140,10613,0.190491808702416
143,10613,0.0865345394559432
246,10613,0.147474461557454
10613,10613,1
12023,10613,0.0294419075783365
100817,10613,0.0283515255450403
10329,10613,0.121227003695216
10502,10613,0.0384265878777731
10814,10613,0.0296142578477242
19689,10613,0.0261791080144487
10808,10613,0.0390312997210659
12480,10613,0.149302910692032
10614,10613,0.100850283486991
10616,10613,0.128425903421713
10542,10613,0.0268879768480405
100435,10613,0.038493893398359
10501,10613,0.0384186998374811
100427,10613,0.102135982447229
20122,10613,0.0794128962717031
11562,10613,0.0227969268394482
10057,10613,0.0336786465976428
10950,10613,0.0314561884472806
10809,10613,0.0288415828383466
20104,10613,0.132205840517783
100867,10613,0.0213402209815759
100431,10613,0.019389799124583
100433,10613,0.0281637628507776
12659,10613,0.0806894930827603
10014,10613,0.0223903645667098
100956,10613,0.0371876904262599
11631,10613,0.0334106000813374
10586,10613,0.0212602074448265
12507,10613,0.132178799874278
101397,10613,0.0176484656720647
101252,10613,0.178346590245988
100857,10613,0.0239796857675577
100859,10613,0.01945747751229
101505,10613,0.0217393249096418
20174,10613,0.0323540646009957
101132,10613,0.0195520143064487
101133,10613,0.025067422488702
103170,10613,0.0171577773824908
103101,10613,0.0202120039042368
10564,10613,0.175993068282961
10294,10613,0.032256807130077
101271,10613,0.0271849178833733
102414,10613,0.0318699021036338
103780,10613,0.0193526007796975
102576,10613,0.0305980870030845
103561,10613,0.0219122479210569
104260,10613,0.0193959225414811
104261,10613,0.148692687721188
105654,10613,0.0186985513608885
179,12023,0.0217191758889093
259,12023,0.12376592418243
261,12023,0.0373293955827716
251,12023,0.0209824201622153
262,12023,0.0178830331182596
142,12023,0.0264890070058852
87,12023,0.113365581698756
140,12023,0.0300593355006553
143,12023,0.0213399924191658
246,12023,0.0376112558076234
10613,12023,0.0294419075783365
12023,12023,1
100817,12023,0.0512095235179447
10329,12023,0.0226051213107826
10502,12023,0.120418612580692
10814,12023,0.232840194949197
19689,12023,0.217093928802261
10808,12023,0.238939612511227
12480,12023,0.0318383220349148
10614,12023,0.0315202547295494
10616,12023,0.0200771932026753
10542,12023,0.0303327504021022
100435,12023,0.244374074509464
10501,12023,0.120393893579594
100427,12023,0.0348848909369791
20122,12023,0.0200391838867288
11562,12023,0.346725787942984
10057,12023,0.116404058011004
10950,12023,0.365386537069526
10809,12023,0.294630827163828
20104,12023,0.0201509663444766
100867,12023,0.0263866336489413
100431,12023,0.0201306015425642
100433,12023,0.216049495936414
12659,12023,0.0206190607335459
10014,12023,0.0210233386970094
100956,12023,0.0405794784181014
11631,12023,0.394112511063021
10586,12023,0.0209359474137697
12507,12023,0.0241176673476368
101397,12023,0.0193406690348014
101252,12023,0.0400038033037144
100857,12023,0.0446434812164303
100859,12023,0.0202008656359268
101505,12023,0.0229635537159436
20174,12023,0.0509648938324272
101132,12023,0.0466467247392489
101133,12023,0.0559878961620023
103170,12023,0.0200245036878518
103101,12023,0.0321320857999459
10564,12023,0.0241304993077613
10294,12023,0.119732905477706
101271,12023,0.0591833468242379
102414,12023,0.0221487474523205
103780,12023,0.0233453584959715
102576,12023,0.0488177374942038
103561,12023,0.0426166349026441
104260,12023,0.020136958909387
104261,12023,0.0328809117893359
105654,12023,0.0225435809397645
179,100817,0.0966537865682044
259,100817,0.0374803316467024
261,100817,0.0323621677404156
251,100817,0.0648697614343075
262,100817,0.0262842788023512
142,100817,0.0226386663983565
87,100817,0.0347942895883524
140,100817,0.0262668666094154
143,100817,0.0251525888435208
246,100817,0.0204046882755098
10613,100817,0.0283515255450403
12023,100817,0.0512095235179447
100817,100817,1
10329,100817,0.0313816982336742
10502,100817,0.0347442412675487
10814,100817,0.0382731636751856
19689,100817,0.0372888410986452
10808,100817,0.0363041436202302
12480,100817,0.02474250317105
10614,100817,0.0230462061390061
10616,100817,0.0234481140740753
10542,100817,0.151036477802348
100435,100817,0.0357571755136928
10501,100817,0.0347371091231099
100427,100817,0.0226943581587676
20122,100817,0.0197918277336285
11562,100817,0.03074591987433
10057,100817,0.0344580343193514
10950,100817,0.040357895201504
10809,100817,0.0605443926992851
20104,100817,0.0222416153664905
100867,100817,0.0589520001954683
100431,100817,0.0782204338463296
100433,100817,0.0392938986939074
12659,100817,0.0177653875361699
10014,100817,0.0623324847729508
100956,100817,0.0437041100846764
11631,100817,0.0362246076656426
10586,100817,0.0679093352423355
12507,100817,0.0218460848072532
101397,100817,0.0949276220086088
101252,100817,0.02911263997401
100857,100817,0.03489368341451
100859,100817,0.0790622485429227
101505,100817,0.0905214527160805
20174,100817,0.786943812222317
101132,100817,0.0336439065560136
101133,100817,0.0414726019633645
103170,100817,0.076802428825875
103101,100817,0.10029677773876
10564,100817,0.0291436108763574
10294,100817,0.0356648465003227
101271,100817,0.0316316401564944
102414,100817,0.0914077193510132
103780,100817,0.0912752757560553
102576,100817,0.676617541077707
103561,100817,0.0366364805983776
104260,100817,0.081080105044564
104261,100817,0.0225781490158871
105654,100817,0.0951249322144457
179,10329,0.0430981538690035
259,10329,0.0264955366006817
261,10329,0.126705668067107
251,10329,0.0255021618273587
262,10329,0.10379642036067
142,10329,0.1298617862089
87,10329,0.0291276994844427
140,10329,0.226250416802647
143,10329,0.127037178788292
246,10329,0.214965182102712
10613,10329,0.121227003695216
12023,10329,0.0226051213107826
100817,10329,0.0313816982336742
10329,10329,1
10502,10329,0.0290858020218039
10814,10329,0.0301778507946914
19689,10329,0.0287877028747766
10808,10329,0.0218285586186197
12480,10329,0.185848455177955
10614,10329,0.135347157613685
10616,10329,0.102198024002253
10542,10329,0.0395989370596818
100435,10329,0.0218112732322859
10501,10329,0.0290798314167893
100427,10329,0.141546279631797
20122,10329,0.0968622055610435
11562,10329,0.030094417262642
10057,10329,0.0270845036073896
10950,10329,0.0250017189272664
10809,10329,0.0234057882129345
20104,10329,0.105297252456649
100867,10329,0.0256456950617085
100431,10329,0.0199729438905658
100433,10329,0.0287177448056918
12659,10329,0.104845085178511
10014,10329,0.0307665668046406
100956,10329,0.0216406478745163
11631,10329,0.0249697269513637
10586,10329,0.0254456785645959
12507,10329,0.792195488311811
101397,10329,0.0302987335727323
101252,10329,0.234581055030769
100857,10329,0.0277503607519033
100859,10329,0.0233831006427278
101505,10329,0.0308845834697462
20174,10329,0.0328922839790572
101132,10329,0.0275908344277382
101133,10329,0.0357866413735133
103170,10329,0.0279221406019097
103101,10329,0.0217596624174588
10564,10329,0.230246063895165
10294,10329,0.0260515764046677
101271,10329,0.034698086206988
102414,10329,0.041334463147131
103780,10329,0.0278895693542744
102576,10329,0.0296543324272513
103561,10329,0.0251556329869032
104260,10329,0.0233091267128299
104261,10329,0.191530911497272
105654,10329,0.0291291494346421
179,10502,0.0164004996553594
259,10502,0.316118140918249
261,10502,0.0375694925068067
251,10502,0.0205391619948479
262,10502,0.0297182154100241
142,10502,0.0402006527125553
87,10502,0.96895021213546
140,10502,0.0320906838201512
143,10502,0.0284698403247176
246,10502,0.0385894109537867
10613,10502,0.0384265878777731
12023,10502,0.120418612580692
100817,10502,0.0347442412675487
10329,10502,0.0290858020218039
10502,10502,1
10814,10502,0.11508287513055
19689,10502,0.128327943916561
10808,10502,0.133246553425629
12480,10502,0.0275418084291077
10614,10502,0.0352890383447984
10616,10502,0.0246408413619182
10542,10502,0.0266512941110503
100435,10502,0.132209983223177
10501,10502,0.998562944467423
100427,10502,0.0374548735184976
20122,10502,0.0280727753700685
11562,10502,0.0919070022955032
10057,10502,0.32924218134546
10950,10502,0.117023583235722
10809,10502,0.107862569901548
20104,10502,0.0252809698144925
100867,10502,0.0274596255702086
100431,10502,0.0178213653223945
100433,10502,0.133193210662388
12659,10502,0.0244079276247267
10014,10502,0.0215363889593771
100956,10502,0.032332046171442
11631,10502,0.134290334844212
10586,10502,0.0219234619928024
12507,10502,0.0350442994629644
101397,10502,0.0329052293338864
101252,10502,0.0284875560206305
100857,10502,0.0396719598661809
100859,10502,0.0189054874716337
101505,10502,0.036244312279682
20174,10502,0.0310886358991734
101132,10502,0.0428840498318855
101133,10502,0.0544129741580275
103170,10502,0.0261188819813165
103101,10502,0.024150180933226
10564,10502,0.0317904034739431
10294,10502,0.338556073152194
101271,10502,0.0509517202921211
102414,10502,0.0187276448365863
103780,10502,0.0238608457706268
102576,10502,0.0353805721256207
103561,10502,0.0368410502793965
104260,10502,0.020373706763801
104261,10502,0.0284919944373735
105654,10502,0.0233920995725385
179,10814,0.0201917188042844
259,10814,0.114730214335926
261,10814,0.029123039275879
251,10814,0.0255484597465737
262,10814,0.0160942746978237
142,10814,0.0269465323391416
87,10814,0.112379388515626
140,10814,0.0296316916046801
143,10814,0.0204928195234452
246,10814,0.0297266971285299
10613,10814,0.0296142578477242
12023,10814,0.232840194949197
100817,10814,0.0382731636751856
10329,10814,0.0301778507946914
10502,10814,0.11508287513055
10814,10814,1
19689,10814,0.464652596845756
10808,10814,0.515184863308132
12480,10814,0.0241589847372528
10614,10814,0.0273552816700243
10616,10814,0.0180227507527955
10542,10814,0.0349333253235093
100435,10814,0.516942106277153
10501,10814,0.115059251426076
100427,10814,0.0226025649886114
20122,10814,0.0206733245747316
11562,10814,0.248062966190286
10057,10814,0.123247870378295
10950,10814,0.253465846121303
10809,10814,0.226391952977099
20104,10814,0.0199133330495019
100867,10814,0.0250871823695673
100431,10814,0.0189459127643547
100433,10814,0.472279477836081
12659,10814,0.0196481963879044
10014,10814,0.0244853138594478
100956,10814,0.0290015718313154
11631,10814,0.27765627058787
10586,10814,0.0254918739412282
12507,10814,0.0380317917059683
101397,10814,0.0285611091682505
101252,10814,0.0266081122254804
100857,10814,0.0324613157535356
100859,10814,0.018417915499349
101505,10814,0.025394270724438
20174,10814,0.0298620802255761
101132,10814,0.0674353263628842
101133,10814,0.0775195103069241
103170,10814,0.0280780808228004
103101,10814,0.0253809298930868
10564,10814,0.0233748164416665
10294,10814,0.129552529944556
101271,10814,0.0774741905074897
102414,10814,0.0201008158381788
103780,10814,0.0312757303388798
102576,10814,0.0279536642590417
103561,10814,0.0359835423944563
104260,10814,0.0177674024992794
104261,10814,0.0269528505363283
105654,10814,0.0277546499726902
179,19689,0.0277076354019403
259,19689,0.117651680701533
261,19689,0.0303151241892103
251,19689,0.0274369332402664
262,19689,0.0257225401172261
142,19689,0.0260799475532782
87,19689,0.125677956395651
140,19689,0.0336134466131478
143,19689,0.0280342885605466
246,19689,0.0321408570662508
10613,19689,0.0261791080144487
12023,19689,0.217093928802261
100817,19689,0.0372888410986452
10329,19689,0.0287877028747766
10502,19689,0.128327943916561
10814,19689,0.464652596845756
19689,19689,1
10808,19689,0.501511434719194
12480,19689,0.0310854330602714
10614,19689,0.0254054981941
10616,19689,0.0241986428809889
10542,19689,0.0339575809783541
100435,19689,0.500044688423464
10501,19689,0.128301601322849
100427,19689,0.0250547672559965
20122,19689,0.020962834458141
11562,19689,0.241804767303285
10057,19689,0.117997762071548
10950,19689,0.262551105838436
10809,19689,0.202673684437263
20104,19689,0.0252957230616914
100867,19689,0.023659587687958
100431,19689,0.0210584657571331
100433,19689,0.919710751511395
12659,19689,0.0177947872731929
10014,19689,0.0263908213839809
100956,19689,0.0403273830222068
11631,19689,0.270639730853472
10586,19689,0.0273761647642404
12507,19689,0.0332812099225965
101397,19689,0.0271536394376081
101252,19689,0.0305809878646271
100857,19689,0.0455758685083399
100859,19689,0.0199579702300652
101505,19689,0.0261572834437312
20174,19689,0.0424441387672287
101132,19689,0.054427173307571
101133,19689,0.0664527244057369
103170,19689,0.0226459217472813
103101,19689,0.0256100000964377
10564,19689,0.0311506001526165
10294,19689,0.125801010882749
101271,19689,0.0681023628549349
102414,19689,0.027031237919155
103780,19689,0.0229262103778414
102576,19689,0.0302238329251029
103561,19689,0.0474025082999536
104260,19689,0.0245759688406604
104261,19689,0.0327321210345612
105654,19689,0.0252279669349024
179,10808,0.020794605024021
259,10808,0.12732183281263
261,10808,0.0365323370404305
251,10808,0.0281777638463687
262,10808,0.0198589937224364
142,10808,0.0257539787437467
87,10808,0.130172515094779
140,10808,0.0267688047465547
143,10808,0.0251205693713619
246,10808,0.0300974546400303
10613,10808,0.0390312997210659
12023,10808,0.238939612511227
100817,10808,0.0363041436202302
10329,10808,0.0218285586186197
10502,10808,0.133246553425629
10814,10808,0.515184863308132
19689,10808,0.501511434719194
10808,10808,1
12480,10808,0.0317932194546466
10614,10808,0.0266893183105325
10616,10808,0.0202892163768635
10542,10808,0.0340828747607517
100435,10808,0.976498854066549
10501,10808,0.133219201161474
100427,10808,0.0258173342607454
20122,10808,0.0254779367028778
11562,10808,0.253908983452709
10057,10808,0.118651200860794
10950,10808,0.28530060116365
10809,10808,0.207917981272105
20104,10808,0.0203537124104683
100867,10808,0.0261452837028149
100431,10808,0.0231058439897886
100433,10808,0.505098065819827
12659,10808,0.0191698617455387
10014,10808,0.0266039038283662
100956,10808,0.0361553989287202
11631,10808,0.309893389977295
10586,10808,0.023249235491198
12507,10808,0.0254440519469571
101397,10808,0.023133863380614
101252,10808,0.0275497471701308
100857,10808,0.0461174882911548
100859,10808,0.0243458175503731
101505,10808,0.0210859983886656
20174,10808,0.0332242242348332
101132,10808,0.0569902446203852
101133,10808,0.0750761807278837
103170,10808,0.0229219460956965
103101,10808,0.0326661273948625
10564,10808,0.0228057573666121
10294,10808,0.124228645536863
101271,10808,0.0811460314544954
102414,10808,0.0239695649005896
103780,10808,0.0251004921547392
102576,10808,0.0298460704001612
103561,10808,0.0495963439010521
104260,10808,0.024846626528059
104261,10808,0.0312273126638149
105654,10808,0.0270789640060717
179,12480,0.0209988953629136
259,12480,0.0352126946160264
261,12480,0.15944658942604
251,12480,0.0325955881117128
262,12480,0.0795105060002259
142,12480,0.10461370686845
87,12480,0.0275814818026938
140,12480,0.248750885783256
143,12480,0.133986667567835
246,12480,0.749149780514756
10613,12480,0.149302910692032
12023,12480,0.0318383220349148
100817,12480,0.02474250317105
10329,12480,0.185848455177955
10502,12480,0.0275418084291077
10814,12480,0.0241589847372528
19689,12480,0.0310854330602714
10808,12480,0.0317932194546466
12480,12480,1
10614,12480,0.10463016916166
10616,12480,0.0808958996908029
10542,12480,0.0399089420834442
100435,12480,0.0312203184644299
10501,12480,0.0275361547682806
100427,12480,0.104871059549748
20122,12480,0.0869776661567916
11562,12480,0.0308155940723931
10057,12480,0.0325571914178471
10950,12480,0.0372562265079158
10809,12480,0.0483969321600179
20104,12480,0.0825176878560528
100867,12480,0.032308081823157
100431,12480,0.0335488407918256
100433,12480,0.0310098911914734
12659,12480,0.0878094487164058
10014,12480,0.0281544430019782
100956,12480,0.0304326478318868
11631,12480,0.0291197377359608
10586,12480,0.0263551641273326
12507,12480,0.218254491179502
101397,12480,0.0354434911525141
101252,12480,0.240666715386392
100857,12480,0.0242027374986954
100859,12480,0.0270529875551225
101505,12480,0.0224153580636024
20174,12480,0.0286261471045752
101132,12480,0.0197018456652235
101133,12480,0.0248007322947505
103170,12480,0.0185543290717029
103101,12480,0.017485722691353
10564,12480,0.233772068832767
10294,12480,0.029256155639895
101271,12480,0.0236333851258778
102414,12480,0.023164289142017
103780,12480,0.0224591017981979
102576,12480,0.0229485509222688
103561,12480,0.0236957881877476
104260,12480,0.0227724742389065
104261,12480,0.930681968408129
105654,12480,0.023028918545826
179,10614,0.0210009666266395
259,10614,0.042326010988086
261,10614,0.101460911267883
251,10614,0.0229848186156091
262,10614,0.1385268125306
142,10614,0.859399086221994
87,10614,0.0353398714338947
140,10614,0.0843474938014093
143,10614,0.277515214204523
246,10614,0.116610630479498
10613,10614,0.100850283486991
12023,10614,0.0315202547295494
100817,10614,0.0230462061390061
10329,10614,0.135347157613685
10502,10614,0.0352890383447984
10814,10614,0.0273552816700243
19689,10614,0.0254054981941
10808,10614,0.0266893183105325
12480,10614,0.10463016916166
10614,10614,1
10616,10614,0.133416329825355
10542,10614,0.0327555691451448
100435,10614,0.0266681838331698
10501,10614,0.0352817943668211
100427,10614,0.894105157870443
20122,10614,0.339860650156048
11562,10614,0.0250972796304918
10057,10614,0.0408384712518397
10950,10614,0.0184025828523115
10809,10614,0.0261822093201157
20104,10614,0.131276166575244
100867,10614,0.0325845781915079
100431,10614,0.0239185204238354
100433,10614,0.0269614461133993
12659,10614,0.338801744975693
10014,10614,0.0230296420960746
100956,10614,0.034397432948201
11631,10614,0.0215297267985137
10586,10614,0.025118092858365
12507,10614,0.126341389288508
101397,10614,0.0292042991583814
101252,10614,0.0850746179261451
100857,10614,0.0235681478112674
100859,10614,0.024587420693157
101505,10614,0.0181009639638491
20174,10614,0.0221972185074453
101132,10614,0.0219928684578339
101133,10614,0.0292052114739583
103170,10614,0.020326319136003
103101,10614,0.0260729787706657
10564,10614,0.0824869743466765
10294,10614,0.0410899999043133
101271,10614,0.0314333787318731
102414,10614,0.0214565893916887
103780,10614,0.0268407365728633
102576,10614,0.0244256220346785
103561,10614,0.0264512453032616
104260,10614,0.0227589484757018
104261,10614,0.102357599788502
105654,10614,0.0240659675176488
179,10616,0.0382784922943045
259,10616,0.0226274459611189
261,10616,0.131580773457968
251,10616,0.0268105094842194
262,10616,0.849792355736027
142,10616,0.139597238413527
87,10616,0.0246763359557952
140,10616,0.0639382732530708
143,10616,0.162248690504073
246,10616,0.096163041617399
10613,10616,0.128425903421713
12023,10616,0.0200771932026753
100817,10616,0.0234481140740753
10329,10616,0.102198024002253
10502,10616,0.0246408413619182
10814,10616,0.0180227507527955
19689,10616,0.0241986428809889
10808,10616,0.0202892163768635
12480,10616,0.0808958996908029
10614,10616,0.133416329825355
10616,10616,1
10542,10616,0.037515298663515
100435,10616,0.020273149949867
10501,10616,0.0246357831988018
100427,10616,0.129846571787475
20122,10616,0.138553766233346
11562,10616,0.0216596761458452
10057,10616,0.0217862460623672
10950,10616,0.0226498951759007
10809,10616,0.0176921886106697
20104,10616,0.956132902731665
100867,10616,0.0370138274054947
100431,10616,0.0295656197994541
100433,10616,0.0245953054774889
12659,10616,0.140816020165179
10014,10616,0.0305680064821472
100956,10616,0.0308423207824695
11631,10616,0.0204031760459047
10586,10616,0.033669523723599
12507,10616,0.105811966472625
101397,10616,0.046196237639694
101252,10616,0.0623687805080241
100857,10616,0.0184852808330476
100859,10616,0.0232405725285089
101505,10616,0.0449684656781134
20174,10616,0.0218014504900324
101132,10616,0.0233196116326204
101133,10616,0.0294126384276442
103170,10616,0.0276611043983828
103101,10616,0.0377536669280725
10564,10616,0.0529341322051761
10294,10616,0.0249892901507316
101271,10616,0.0355590037266577
102414,10616,0.0408944186254274
103780,10616,0.0298087868510561
102576,10616,0.024143250865521
103561,10616,0.0209163656149396
104260,10616,0.023659965442099
104261,10616,0.0780459046822503
105654,10616,0.0480473314548624
179,10542,0.141151150130826
259,10542,0.0364167543693062
261,10542,0.0290250722901
251,10542,0.0727040414582863
262,10542,0.0403490886855942
142,10542,0.0390631082248663
87,10542,0.0266896847182083
140,10542,0.0317394570015129
143,10542,0.0373247665407163
246,10542,0.0404102083035831
10613,10542,0.0268879768480405
12023,10542,0.0303327504021022
100817,10542,0.151036477802348
10329,10542,0.0395989370596818
10502,10542,0.0266512941110503
10814,10542,0.0349333253235093
19689,10542,0.0339575809783541
10808,10542,0.0340828747607517
12480,10542,0.0399089420834442
10614,10542,0.0327555691451448
10616,10542,0.037515298663515
10542,10542,1
100435,10542,0.0302108662101072
10501,10542,0.0266458232510705
100427,10542,0.0374809529525301
20122,10542,0.0253949001705628
11562,10542,0.0241609677520008
10057,10542,0.0326501324902224
10950,10542,0.0319477149786116
10809,10542,0.0409851879289767
20104,10542,0.0380087607470158
100867,10542,0.0613291615493643
100431,10542,0.0564748856496254
100433,10542,0.0327644017108022
12659,10542,0.0204919772624447
10014,10542,0.0717164314731305
100956,10542,0.0806587419098789
11631,10542,0.0270396906510953
10586,10542,0.0697312687746158
12507,10542,0.0430036481809387
101397,10542,0.114289790703482
101252,10542,0.03140904927855
100857,10542,0.0213823256326975
100859,10542,0.0663183052080251
101505,10542,0.124458824886649
20174,10542,0.150982111219236
101132,10542,0.0433714139103589
101133,10542,0.052056692768597
103170,10542,0.0703588385595415
103101,10542,0.122749474505624
10564,10542,0.0281327302049249
10294,10542,0.0344176936079345
101271,10542,0.0595411632543904
102414,10542,0.136549520082069
103780,10542,0.07473612527445
102576,10542,0.142366059138076
103561,10542,0.0214450489285723
104260,10542,0.0667094894118353
104261,10542,0.0307694105895274
105654,10542,0.122232708663922
179,100435,0.0207781383947863
259,100435,0.125630747809596
261,100435,0.0359964163891627
251,100435,0.0276139997380014
262,100435,0.019843267975964
142,100435,0.0257335849339677
87,100435,0.1291370379657
140,100435,0.0262126551797226
143,100435,0.0251006771396256
246,100435,0.0300736213608749
10613,100435,0.038493893398359
12023,100435,0.244374074509464
100817,100435,0.0357571755136928
10329,100435,0.0218112732322859
10502,100435,0.132209983223177
10814,100435,0.516942106277153
19689,100435,0.500044688423464
10808,100435,0.976498854066549
12480,100435,0.0312203184644299
10614,100435,0.0266681838331698
10616,100435,0.020273149949867
10542,100435,0.0302108662101072
100435,100435,1
10501,100435,0.132182843741577
100427,100435,0.0257968902816168
20122,100435,0.0254577614825807
11562,100435,0.252628312308346
10057,100435,0.119088891340158
10950,100435,0.285074680103146
10809,100435,0.21034377782029
20104,100435,0.0203375949109811
100867,100435,0.0255687379019734
100431,100435,0.0202016037642641
