Var1,Var2,Freq
69,69,1
243,69,0.00600971537964102
236,69,0.00739210860467625
186,69,0.00589177099765315
12898,69,0.00732102454789873
11239,69,0.00701470448016225
12568,69,0.861889559837185
11726,69,0.00635296183743777
19607,69,0.00733679929514093
12243,69,0.855391504450565
12128,69,0.00776234399804598
10739,69,0.00686062099635912
10441,69,0.00794664788247108
237,69,0.00796094471180911
100473,69,0.00809519621266161
11766,69,0.00954403880626156
11848,69,0.23138298460029
11866,69,0.00817424022550262
11711,69,0.00776430740872568
11634,69,0.00569040294851619
10230,69,0.00767186726229318
10438,69,0.887084665036069
100639,69,0.00906183363829639
19624,69,0.00695121595373093
11192,69,0.00725018438094456
101110,69,0.00578654943256333
103081,69,0.00793153647102594
69,243,0.00600971537964102
243,243,1
236,243,0.0100439167532067
186,243,0.00659953699038361
12898,243,0.0103894360169612
11239,243,0.215728507599732
12568,243,0.00648255613226071
11726,243,0.262821430304783
19607,243,0.00994862713667544
12243,243,0.00682170966313793
12128,243,0.00914070607132312
10739,243,0.00697720056183361
10441,243,0.00935773685941458
237,243,0.0461327640884893
100473,243,0.00817085397197271
11766,243,0.0088147270861057
11848,243,0.0089895750875768
11866,243,0.0456605750694707
11711,243,0.00914301812550739
11634,243,0.789320682892294
10230,243,0.0354234299804547
10438,243,0.00699400491878003
100639,243,0.0102353976925698
19624,243,0.0392534125418026
11192,243,0.0116023823358561
101110,243,0.00664371726568275
103081,243,0.00851582957040925
69,236,0.00739210860467625
243,236,0.0100439167532067
236,236,1
186,236,0.00845383691007803
12898,236,0.337322811942482
11239,236,0.00763392968659374
12568,236,0.00773780648165483
11726,236,0.00961170189278427
19607,236,0.0118902744034679
12243,236,0.00774543047468895
12128,236,0.958866588417655
10739,236,0.00917281459234088
10441,236,0.952695650049332
237,236,0.0123246011888275
100473,236,0.00953496274681452
11766,236,0.330274572301816
11848,236,0.00850570363786116
11866,236,0.0109291549644824
11711,236,0.958096337724797
11634,236,0.00939837092463803
10230,236,0.00890780313809315
10438,236,0.006995692240495
100639,236,0.00939599525347911
19624,236,0.0101388460584069
11192,236,0.326105006678948
101110,236,0.00986436286243933
103081,236,0.0127879653970467
69,186,0.00589177099765315
243,186,0.00659953699038361
236,186,0.00845383691007803
186,186,1
12898,186,0.00818225798328445
11239,186,0.00578770550909044
12568,186,0.00615262906252837
11726,186,0.00779557112784782
19607,186,0.00811320886428401
12243,186,0.00615869119411894
12128,186,0.0088280405018519
10739,186,0.00742858447652665
10441,186,0.00843888002780313
237,186,0.007645061243177
100473,186,0.00781511795923036
11766,186,0.0081569524919152
11848,186,0.00718563377357529
11866,186,0.00764861405627708
11711,186,0.0084463485367805
11634,186,0.00780403830214388
10230,186,0.00695815113156106
10438,186,0.00559051539893021
100639,186,0.00768601660683578
19624,186,0.00816724789158162
11192,186,0.00810308429416408
101110,186,0.241078758487852
103081,186,0.00874938625331897
69,12898,0.00732102454789873
243,12898,0.0103894360169612
236,12898,0.337322811942482
186,12898,0.00818225798328445
12898,12898,1
11239,12898,0.0101526985917509
12568,12898,0.00654192522614248
11726,12898,0.00885513838549695
19607,12898,0.0138367236802255
12243,12898,0.00673546724006133
12128,12898,0.329417832290576
10739,12898,0.0084652018800899
10441,12898,0.335723845564805
237,12898,0.0119286742269494
100473,12898,0.00842237822745779
11766,12898,0.915132627058139
11848,12898,0.0117934754268568
11866,12898,0.0119342177208093
11711,12898,0.334014869838163
11634,12898,0.00930799423130854
10230,12898,0.00962415692381242
10438,12898,0.00655391100575542
100639,12898,0.0102851826056352
19624,12898,0.00732181683470715
11192,12898,0.941090639416813
101110,12898,0.00766235693610062
103081,12898,0.0129738959412309
69,11239,0.00701470448016225
243,11239,0.215728507599732
236,11239,0.00763392968659374
186,11239,0.00578770550909044
12898,11239,0.0101526985917509
11239,11239,1
12568,11239,0.00633484227704978
11726,11239,0.220279720037331
19607,11239,0.00997777451326488
12243,11239,0.00634108394172658
12128,11239,0.00740737488522113
10739,11239,0.00663878883548869
10441,11239,0.00805587618528531
237,11239,0.0532782147610137
100473,11239,0.00887185550562235
11766,11239,0.00990595227660319
11848,11239,0.0079480939305332
11866,11239,0.0523382145003518
11711,11239,0.00740924850985846
11634,11239,0.228415289994311
10230,11239,0.0374041455945225
10438,11239,0.00634644864991263
100639,11239,0.0087252974434152
19624,11239,0.0479941617264997
11192,11239,0.00984053375213855
101110,11239,0.00699174122223314
103081,11239,0.00966400817278597
69,12568,0.861889559837185
243,12568,0.00648255613226071
236,12568,0.00773780648165483
186,12568,0.00615262906252837
12898,12568,0.00654192522614248
11239,12568,0.00633484227704978
12568,12568,1
11726,12568,0.00582627486908792
19607,12568,0.00752665294875082
12243,12568,0.949353302230051
12128,12568,0.00829453378346239
10739,12568,0.00791792170838657
10441,12568,0.00828929568140322
237,12568,0.00813534347565906
100473,12568,0.00729276067071556
11766,12568,0.00652169283641747
11848,12568,0.225683466518973
11866,12568,0.00813912413273355
11711,12568,0.00848519162024191
11634,12568,0.00583260308853513
10230,12568,0.0076389093365334
10438,12568,0.869052427491394
100639,12568,0.00939118630836927
19624,12568,0.00755056789845399
11192,12568,0.00647862382998002
101110,12568,0.00633785980296774
103081,12568,0.00789746302042574
69,11726,0.00635296183743777
243,11726,0.262821430304783
236,11726,0.00961170189278427
186,11726,0.00779557112784782
12898,11726,0.00885513838549695
11239,11726,0.220279720037331
12568,11726,0.00582627486908792
11726,11726,1
19607,11726,0.0102255202025882
12243,11726,0.00683178952333188
12128,11726,0.0098240329432301
10739,11726,0.0073552738712677
10441,11726,0.0104872263712295
237,11726,0.0392831441578834
100473,11726,0.00795562381052571
11766,11726,0.00904844565510876
11848,11726,0.00814544314974121
11866,11726,0.0360880778238511
11711,11726,0.00960318788753868
11634,11726,0.257574414079934
10230,11726,0.0316662932794688
10438,11726,0.00650402941037554
100639,11726,0.00806955961195194
19624,11726,0.0458322646297864
11192,11726,0.00898869007109957
101110,11726,0.00784775819476542
103081,11726,0.00907863286089566
69,19607,0.00733679929514093
243,19607,0.00994862713667544
236,19607,0.0118902744034679
186,19607,0.00811320886428401
12898,19607,0.0138367236802255
11239,19607,0.00997777451326488
12568,19607,0.00752665294875082
11726,19607,0.0102255202025882
19607,19607,1
12243,19607,0.00709088837087641
12128,19607,0.011876737940964
10739,19607,0.0117376226444262
10441,19607,0.0118692376320751
237,19607,0.0128136770006356
100473,19607,0.0205548899624845
11766,19607,0.0137939304693069
11848,19607,0.00940686928220782
11866,19607,0.0128196317730121
11711,19607,0.0118797420482438
11634,19607,0.0099741490637188
10230,19607,0.0126650126817946
10438,19607,0.00709688743148485
100639,19607,0.0156618088397723
19624,19607,0.0104060413918208
11192,19607,0.0137028358877187
101110,19607,0.00884814920316366
103081,19607,0.0885364141921071
69,12243,0.855391504450565
243,12243,0.00682170966313793
236,12243,0.00774543047468895
186,12243,0.00615869119411894
12898,12243,0.00673546724006133
11239,12243,0.00634108394172658
12568,12243,0.949353302230051
11726,12243,0.00683178952333188
19607,12243,0.00709088837087641
12243,12243,1
12128,12243,0.00830270631503659
10739,12243,0.00777031683076263
10441,12243,0.00829746305192127
237,12243,0.00751694691546056
100473,12243,0.00787625770326912
11766,12243,0.00690115395207669
11848,12243,0.230253657193261
11866,12243,0.00814714354053844
11711,12243,0.00830480640519665
11634,12243,0.00650558989005699
10230,12243,0.00804887988113221
10438,12243,0.861733923356946
100639,12243,0.00976908404294844
19624,12243,0.00708563194401571
11192,12243,0.00667029308025917
101110,12243,0.0057673676734422
103081,12243,0.00744022994978898
69,12128,0.00776234399804598
243,12128,0.00914070607132312
236,12128,0.958866588417655
186,12128,0.0088280405018519
12898,12128,0.329417832290576
11239,12128,0.00740737488522113
12568,12128,0.00829453378346239
11726,12128,0.0098240329432301
19607,12128,0.011876737940964
12243,12128,0.00830270631503659
12128,12128,1
10739,12128,0.00916237181729875
10441,12128,0.95287447945112
237,12128,0.0109116418282238
100473,12128,0.00952410768482698
11766,12128,0.322150953807716
11848,12128,0.00922425064849608
11866,12128,0.0109167126867555
11711,12128,0.98836624304074
11634,12128,0.00849360742581657
10230,12128,0.00889766206488663
10438,12128,0.0071765855203543
100639,12128,0.00987926147241689
19624,12128,0.0103382889962176
11192,12128,0.31778902731057
101110,12128,0.0100463314777189
103081,12128,0.0127734069597706
69,10739,0.00686062099635912
243,10739,0.00697720056183361
236,10739,0.00917281459234088
186,10739,0.00742858447652665
12898,10739,0.0084652018800899
11239,10739,0.00663878883548869
12568,10739,0.00791792170838657
11726,10739,0.0073552738712677
19607,10739,0.0117376226444262
12243,10739,0.00777031683076263
12128,10739,0.00916237181729875
10739,10739,1
10441,10739,0.00915658566464255
237,10739,0.00944737326949175
100473,10739,0.00763179677320846
11766,10739,0.00699821280232489
11848,10739,0.00979592163129472
11866,10739,0.00852964036986448
11711,10739,0.00916468935162626
11634,10739,0.00754734438626407
10230,10739,0.00954843390087289
10438,10739,0.00668812600547931
100639,10739,0.00956013598463567
19624,10739,0.0074717574798556
11192,10739,0.00695199687652249
101110,10739,0.00811476709018282
103081,10739,0.00923691859581351
69,10441,0.00794664788247108
243,10441,0.00935773685941458
236,10441,0.952695650049332
186,10441,0.00843888002780313
12898,10441,0.335723845564805
11239,10441,0.00805587618528531
12568,10441,0.00828929568140322
11726,10441,0.0104872263712295
19607,10441,0.0118692376320751
12243,10441,0.00829746305192127
12128,10441,0.95287447945112
10739,10441,0.00915658566464255
10441,10441,1
237,10441,0.010904750989628
100473,10441,0.00926084733220795
11766,10441,0.330939063352052
11848,10441,0.00994619584636511
11866,10441,0.010909818645849
11711,10441,0.951851756236098
11634,10441,0.00938174293323118
10230,10441,0.00889204307975731
10438,10441,0.00717205341663716
100639,10441,0.00937937146520916
19624,10441,0.0101209079873851
11192,10441,0.326520511606244
101110,10441,0.00984691041858221
103081,10441,0.0127653403931563
69,237,0.00796094471180911
243,237,0.0461327640884893
236,237,0.0123246011888275
186,237,0.007645061243177
12898,237,0.0119286742269494
11239,237,0.0532782147610137
12568,237,0.00813534347565906
11726,237,0.0392831441578834
19607,237,0.0128136770006356
12243,237,0.00751694691546056
12128,237,0.0109116418282238
10739,237,0.00944737326949175
10441,237,0.010904750989628
237,237,1
100473,237,0.0128176104832797
11766,237,0.0118917820923683
11848,237,0.00886407498833519
11866,237,0.948428164933679
11711,237,0.0109144018236716
11634,237,0.0450144510356587
10230,237,0.275083708797052
10438,237,0.00773228716597036
100639,237,0.00819894033721901
19624,237,0.0259147813997817
11192,237,0.0115385224986949
101110,237,0.00897894751726648
103081,237,0.014479186610379
69,100473,0.00809519621266161
243,100473,0.00817085397197271
236,100473,0.00953496274681452
186,100473,0.00781511795923036
12898,100473,0.00842237822745779
11239,100473,0.00887185550562235
12568,100473,0.00729276067071556
11726,100473,0.00795562381052571
19607,100473,0.0205548899624845
12243,100473,0.00787625770326912
12128,100473,0.00952410768482698
10739,100473,0.00763179677320846
10441,100473,0.00926084733220795
237,100473,0.0128176104832797
100473,100473,1
11766,100473,0.00839633010969141
11848,100473,0.00840224762799174
11866,100473,0.0139634397132799
11711,100473,0.00901156986722693
11634,100473,0.00750916397912546
10230,100473,0.0101562352567427
10438,100473,0.00769065483420093
100639,100473,0.0123205367807706
19624,100473,0.0113840689827526
11192,100473,0.00935189695888818
101110,100473,0.00668732049923063
103081,100473,0.0114181160818967
69,11766,0.00954403880626156
243,11766,0.0088147270861057
236,11766,0.330274572301816
186,11766,0.0081569524919152
12898,11766,0.915132627058139
11239,11766,0.00990595227660319
12568,11766,0.00652169283641747
11726,11766,0.00904844565510876
19607,11766,0.0137939304693069
12243,11766,0.00690115395207669
12128,11766,0.322150953807716
10739,11766,0.00699821280232489
10441,11766,0.330939063352052
237,11766,0.0118917820923683
100473,11766,0.00839633010969141
11766,11766,1
11848,11766,0.0119969402298721
11866,11766,0.0118973084417142
11711,11766,0.325482261700093
11634,11766,0.00927920714488734
10230,11766,0.00959439203245
10438,11766,0.00653364154728445
100639,11766,0.0100092454054842
19624,11766,0.00729917245303446
11192,11766,0.911676453594161
101110,11766,0.00782962584073283
103081,11766,0.0129337712210819
69,11848,0.23138298460029
243,11848,0.0089895750875768
236,11848,0.00850570363786116
186,11848,0.00718563377357529
12898,11848,0.0117934754268568
11239,11848,0.0079480939305332
12568,11848,0.225683466518973
11726,11848,0.00814544314974121
19607,11848,0.00940686928220782
12243,11848,0.230253657193261
12128,11848,0.00922425064849608
10739,11848,0.00979592163129472
10441,11848,0.00994619584636511
237,11848,0.00886407498833519
100473,11848,0.00840224762799174
11766,11848,0.0119969402298721
11848,11848,1
11866,11848,0.00967439378349933
11711,11848,0.00922658383448217
11634,11848,0.00987098304097205
10230,11848,0.0119073134326735
10438,11848,0.220476258102449
100639,11848,0.00924747322026689
19624,11848,0.00729204056017448
11192,11848,0.0116793586440565
101110,11848,0.00649181583518397
103081,11848,0.0113658121925421
69,11866,0.00817424022550262
243,11866,0.0456605750694707
236,11866,0.0109291549644824
186,11866,0.00764861405627708
12898,11866,0.0119342177208093
11239,11866,0.0523382145003518
12568,11866,0.00813912413273355
11726,11866,0.0360880778238511
19607,11866,0.0128196317730121
12243,11866,0.00814714354053844
12128,11866,0.0109167126867555
10739,11866,0.00852964036986448
10441,11866,0.010909818645849
237,11866,0.948428164933679
100473,11866,0.0139634397132799
11766,11866,0.0118973084417142
11848,11866,0.00967439378349933
11866,11866,1
11711,11866,0.0109194739648285
11634,11866,0.043055793442741
10230,11866,0.274614557538248
10438,11866,0.00815403621820152
100639,11866,0.00874960058563093
19624,11866,0.0294304494526429
11192,11866,0.0115438846812315
101110,11866,0.00855535258479769
103081,11866,0.0144859153784335
69,11711,0.00776430740872568
243,11711,0.00914301812550739
236,11711,0.958096337724797
186,11711,0.0084463485367805
12898,11711,0.334014869838163
11239,11711,0.00740924850985846
12568,11711,0.00848519162024191
11726,11711,0.00960318788753868
19607,11711,0.0118797420482438
12243,11711,0.00830480640519665
12128,11711,0.98836624304074
10739,11711,0.00916468935162626
10441,11711,0.951851756236098
237,11711,0.0109144018236716
100473,11711,0.00901156986722693
11766,11711,0.325482261700093
11848,11711,0.00922658383448217
11866,11711,0.0109194739648285
11711,11711,1
11634,11711,0.00939004588706977
10230,11711,0.00889991264341381
10438,11711,0.00717840076902893
100639,11711,0.00914062831184224
19624,11711,0.0101298651110691
11192,11711,0.321097770191092
101110,11711,0.0102421201512117
103081,11711,0.0127766378709035
69,11634,0.00569040294851619
243,11634,0.789320682892294
236,11634,0.00939837092463803
186,11634,0.00780403830214388
12898,11634,0.00930799423130854
11239,11634,0.228415289994311
12568,11634,0.00583260308853513
11726,11634,0.257574414079934
19607,11634,0.0099741490637188
12243,11634,0.00650558989005699
12128,11634,0.00849360742581657
10739,11634,0.00754734438626407
10441,11634,0.00938174293323118
237,11634,0.0450144510356587
100473,11634,0.00750916397912546
11766,11634,0.00927920714488734
11848,11634,0.00987098304097205
11866,11634,0.043055793442741
11711,11634,0.00939004588706977
11634,11634,1
10230,11634,0.0395662718458088
10438,11634,0.00701194714144308
100639,11634,0.00960665601869506
19624,11634,0.0389810873779712
11192,11634,0.0100958254896159
101110,11634,0.00751470457161478
103081,11634,0.010465538125284
69,10230,0.00767186726229318
243,10230,0.0354234299804547
236,10230,0.00890780313809315
186,10230,0.00695815113156106
12898,10230,0.00962415692381242
11239,10230,0.0374041455945225
12568,10230,0.0076389093365334
11726,10230,0.0316662932794688
19607,10230,0.0126650126817946
12243,10230,0.00804887988113221
12128,10230,0.00889766206488663
10739,10230,0.00954843390087289
10441,10230,0.00889204307975731
237,10230,0.275083708797052
100473,10230,0.0101562352567427
11766,10230,0.00959439203245
11848,10230,0.0119073134326735
11866,10230,0.274614557538248
11711,10230,0.00889991264341381
11634,10230,0.0395662718458088
10230,10230,1
10438,10230,0.00765290495412699
100639,10230,0.00895471690866106
19624,10230,0.0188990654643186
11192,10230,0.00953103103974861
101110,10230,0.00782881826468865
103081,10230,0.0122922977503532
69,10438,0.887084665036069
243,10438,0.00699400491878003
236,10438,0.006995692240495
186,10438,0.00559051539893021
12898,10438,0.00655391100575542
11239,10438,0.00634644864991263
12568,10438,0.869052427491394
11726,10438,0.00650402941037554
19607,10438,0.00709688743148485
12243,10438,0.861733923356946
12128,10438,0.0071765855203543
10739,10438,0.00668812600547931
10441,10438,0.00717205341663716
237,10438,0.00773228716597036
100473,10438,0.00769065483420093
11766,10438,0.00653364154728445
11848,10438,0.220476258102449
11866,10438,0.00815403621820152
11711,10438,0.00717840076902893
11634,10438,0.00701194714144308
10230,10438,0.00765290495412699
10438,10438,1
100639,10438,0.00922391407636189
19624,10438,0.00756440166139916
11192,10438,0.00649049363202408
101110,10438,0.0056279408288882
103081,10438,0.00744652456170148
69,100639,0.00906183363829639
243,100639,0.0102353976925698
236,100639,0.00939599525347911
186,100639,0.00768601660683578
12898,100639,0.0102851826056352
11239,100639,0.0087252974434152
12568,100639,0.00939118630836927
11726,100639,0.00806955961195194
19607,100639,0.0156618088397723
12243,100639,0.00976908404294844
12128,100639,0.00987926147241689
10739,100639,0.00956013598463567
10441,100639,0.00937937146520916
237,100639,0.00819894033721901
100473,100639,0.0123205367807706
11766,100639,0.0100092454054842
11848,100639,0.00924747322026689
11866,100639,0.00874960058563093
11711,100639,0.00914062831184224
11634,100639,0.00960665601869506
10230,100639,0.00895471690866106
10438,100639,0.00922391407636189
100639,100639,1
19624,100639,0.00989247137085252
11192,100639,0.00994314473720442
101110,100639,0.00830362662736571
103081,100639,0.0112599274637233
69,19624,0.00695121595373093
243,19624,0.0392534125418026
236,19624,0.0101388460584069
186,19624,0.00816724789158162
12898,19624,0.00732181683470715
11239,19624,0.0479941617264997
12568,19624,0.00755056789845399
11726,19624,0.0458322646297864
19607,19624,0.0104060413918208
12243,19624,0.00708563194401571
12128,19624,0.0103382889962176
10739,19624,0.0074717574798556
10441,19624,0.0101209079873851
237,19624,0.0259147813997817
100473,19624,0.0113840689827526
11766,19624,0.00729917245303446
11848,19624,0.00729204056017448
11866,19624,0.0294304494526429
11711,19624,0.0101298651110691
11634,19624,0.0389810873779712
10230,19624,0.0188990654643186
10438,19624,0.00756440166139916
100639,19624,0.00989247137085252
19624,19624,1
11192,19624,0.00725096900137659
101110,19624,0.00854435148833624
103081,19624,0.00961886196357472
69,11192,0.00725018438094456
243,11192,0.0116023823358561
236,11192,0.326105006678948
186,11192,0.00810308429416408
12898,11192,0.941090639416813
11239,11192,0.00984053375213855
12568,11192,0.00647862382998002
11726,11192,0.00898869007109957
19607,11192,0.0137028358877187
12243,11192,0.00667029308025917
12128,11192,0.31778902731057
10739,11192,0.00695199687652249
10441,11192,0.326520511606244
237,11192,0.0115385224986949
100473,11192,0.00935189695888818
11766,11192,0.911676453594161
11848,11192,0.0116793586440565
11866,11192,0.0115438846812315
11711,11192,0.321097770191092
11634,11192,0.0100958254896159
10230,11192,0.00953103103974861
10438,11192,0.00649049363202408
100639,11192,0.00994314473720442
19624,11192,0.00725096900137659
11192,11192,1
101110,11192,0.0072088032494741
103081,11192,0.0128483570977932
69,101110,0.00578654943256333
243,101110,0.00664371726568275
236,101110,0.00986436286243933
186,101110,0.241078758487852
12898,101110,0.00766235693610062
11239,101110,0.00699174122223314
12568,101110,0.00633785980296774
11726,101110,0.00784775819476542
19607,101110,0.00884814920316366
12243,101110,0.0057673676734422
12128,101110,0.0100463314777189
10739,101110,0.00811476709018282
10441,101110,0.00984691041858221
237,101110,0.00897894751726648
100473,101110,0.00668732049923063
11766,101110,0.00782962584073283
11848,101110,0.00649181583518397
11866,101110,0.00855535258479769
11711,101110,0.0102421201512117
11634,101110,0.00751470457161478
10230,101110,0.00782881826468865
10438,101110,0.0056279408288882
100639,101110,0.00830362662736571
19624,101110,0.00854435148833624
11192,101110,0.0072088032494741
101110,101110,1
103081,101110,0.0092840644582652
69,103081,0.00793153647102594
243,103081,0.00851582957040925
236,103081,0.0127879653970467
186,103081,0.00874938625331897
12898,103081,0.0129738959412309
11239,103081,0.00966400817278597
12568,103081,0.00789746302042574
11726,103081,0.00907863286089566
19607,103081,0.0885364141921071
12243,103081,0.00744022994978898
12128,103081,0.0127734069597706
10739,103081,0.00923691859581351
10441,103081,0.0127653403931563
237,103081,0.014479186610379
100473,103081,0.0114181160818967
11766,103081,0.0129337712210819
11848,103081,0.0113658121925421
11866,103081,0.0144859153784335
11711,103081,0.0127766378709035
11634,103081,0.010465538125284
10230,103081,0.0122922977503532
10438,103081,0.00744652456170148
100639,103081,0.0112599274637233
19624,103081,0.00961886196357472
11192,103081,0.0128483570977932
101110,103081,0.0092840644582652
103081,103081,1
