Var1,Var2,Freq
10505,10505,1
10926,10505,0.429928741092637
10506,10505,0.218181818181818
10004,10505,0.333333333333333
12938,10505,0.818615751789976
10323,10505,0.404558404558405
11606,10505,0.439140811455847
102406,10505,0.3
10505,10926,0.429928741092637
10926,10926,1
10506,10926,0.218181818181818
10004,10926,0.198198198198198
12938,10926,0.413301662707838
10323,10926,0.414691943127962
11606,10926,0.834134615384615
102406,10926,0.374172185430464
10505,10506,0.218181818181818
10926,10506,0.218181818181818
10506,10506,1
10004,10506,0.43859649122807
12938,10506,0.218181818181818
10323,10506,0.234042553191489
11606,10506,0.227272727272727
102406,10506,0.207207207207207
10505,10004,0.333333333333333
10926,10004,0.198198198198198
10506,10004,0.43859649122807
10004,10004,1
12938,10004,0.380952380952381
10323,10004,0.21830985915493
11606,10004,0.215686274509804
102406,10004,0.214285714285714
10505,12938,0.818615751789976
10926,12938,0.413301662707838
10506,12938,0.218181818181818
10004,12938,0.380952380952381
12938,12938,1
10323,12938,0.419540229885057
11606,12938,0.416666666666667
102406,12938,0.308962264150943
10505,10323,0.404558404558405
10926,10323,0.414691943127962
10506,10323,0.234042553191489
10004,10323,0.21830985915493
12938,10323,0.419540229885057
10323,10323,1
11606,10323,0.412887828162291
102406,10323,0.324074074074074
10505,11606,0.439140811455847
10926,11606,0.834134615384615
10506,11606,0.227272727272727
10004,11606,0.215686274509804
12938,11606,0.416666666666667
10323,11606,0.412887828162291
11606,11606,1
102406,11606,0.368589743589744
10505,102406,0.3
10926,102406,0.374172185430464
10506,102406,0.207207207207207
10004,102406,0.214285714285714
12938,102406,0.308962264150943
10323,102406,0.324074074074074
11606,102406,0.368589743589744
102406,102406,1
