Var1,Var2,Freq
69,69,1
243,69,0.291666666666667
236,69,0.692307692307692
186,69,0.375
12898,69,0.538461538461538
11239,69,0.36
12568,69,0.841584158415842
11726,69,0.214285714285714
19607,69,0.428571428571429
12243,69,0.830792682926829
12128,69,0.25
10739,69,0.242857142857143
10441,69,0.285714285714286
237,69,0.333333333333333
100473,69,0.324324324324324
11766,69,0.642857142857143
11848,69,0.417910447761194
11866,69,0.727272727272727
11711,69,0.25
11634,69,0.333333333333333
10230,69,0.346153846153846
10438,69,0.875667429443173
100639,69,0.297872340425532
19624,69,0.37037037037037
11192,69,0.538461538461538
101110,69,0.4
103081,69,0.235294117647059
69,243,0.291666666666667
243,243,1
236,243,0.339622641509434
186,243,0.363636363636364
12898,243,0.264150943396226
11239,243,0.338907469342252
12568,243,0.538461538461538
11726,243,0.35059331175836
19607,243,0.6
12243,243,0.346153846153846
12128,243,0.333333333333333
10739,243,0.178571428571429
10441,243,0.244897959183673
237,243,0.281045751633987
100473,243,0.291666666666667
11766,243,0.245283018867925
11848,243,0.294117647058824
11866,243,0.281045751633987
11711,243,0.333333333333333
11634,243,0.788223140495868
10230,243,0.252777777777778
10438,243,0.346153846153846
100639,243,0.230769230769231
19624,243,0.305263157894737
11192,243,0.264150943396226
101110,243,0.333333333333333
103081,243,0.555555555555556
69,236,0.692307692307692
243,236,0.339622641509434
236,236,1
186,236,0.302325581395349
12898,236,0.393980848153215
11239,236,0.333333333333333
12568,236,0.25
11726,236,0.222222222222222
19607,236,0.529411764705882
12243,236,0.25
12128,236,0.942666666666667
10739,236,0.411764705882353
10441,236,0.936
237,236,0.235294117647059
100473,236,0.375
11766,236,0.389876880984952
11848,236,0.146341463414634
11866,236,0.236842105263158
11711,236,0.941333333333333
11634,236,0.333333333333333
10230,236,0.538461538461538
10438,236,0.45
100639,236,0.235294117647059
19624,236,0.357142857142857
11192,236,0.392612859097127
101110,236,0.303030303030303
103081,236,0.5
69,186,0.375
243,186,0.363636363636364
236,186,0.302325581395349
186,186,1
12898,186,0.3125
11239,186,0.230769230769231
12568,186,0.407407407407407
11726,186,0.25531914893617
19607,186,0.236842105263158
12243,186,0.219512195121951
12128,186,0.302325581395349
10739,186,0.45
10441,186,0.302325581395349
237,186,0.428571428571429
100473,186,0.583333333333333
11766,186,0.3125
11848,186,0.333333333333333
11866,186,0.344827586206897
11711,186,0.302325581395349
11634,186,0.375
10230,186,0.545454545454545
10438,186,0.18
100639,186,0.4375
19624,186,0.333333333333333
11192,186,0.3125
101110,186,0.33710407239819
103081,186,0.225806451612903
69,12898,0.538461538461538
243,12898,0.264150943396226
236,12898,0.393980848153215
186,12898,0.3125
12898,12898,1
11239,12898,0.234375
12568,12898,0.333333333333333
11726,12898,0.375
19607,12898,0.705882352941177
12243,12898,0.3125
12128,12898,0.385772913816689
10739,12898,0.4
10441,12898,0.395348837209302
237,12898,0.297297297297297
100473,12898,0.461538461538462
11766,12898,0.945054945054945
11848,12898,0.242424242424242
11866,12898,0.297297297297297
11711,12898,0.388508891928865
11634,12898,0.37037037037037
10230,12898,0.297297297297297
10438,12898,0.4
100639,12898,0.285714285714286
19624,12898,0.347826086956522
11192,12898,0.944223107569721
101110,12898,0.321428571428571
103081,12898,0.295454545454545
69,11239,0.36
243,11239,0.338907469342252
236,11239,0.333333333333333
186,11239,0.230769230769231
12898,11239,0.234375
11239,11239,1
12568,11239,0.533333333333333
11726,11239,0.325315005727377
19607,11239,0.421052631578947
12243,11239,0.533333333333333
12128,11239,0.392857142857143
10739,11239,0.375
10441,11239,0.346153846153846
237,11239,0.256064690026954
100473,11239,0.282051282051282
11766,11239,0.234375
11848,11239,0.275862068965517
11866,11239,0.27536231884058
11711,11239,0.392857142857143
11634,11239,0.340022296544036
10230,11239,0.284615384615385
10438,11239,0.32
100639,11239,0.290322580645161
19624,11239,0.277955271565495
11192,11239,0.203703703703704
101110,11239,0.333333333333333
103081,11239,0.222222222222222
69,12568,0.841584158415842
243,12568,0.538461538461538
236,12568,0.25
186,12568,0.407407407407407
12898,12568,0.333333333333333
11239,12568,0.533333333333333
12568,12568,1
11726,12568,0.411764705882353
19607,12568,0.3125
12243,12568,0.936785986290937
12128,12568,0.25
10739,12568,0.17741935483871
10441,12568,0.25
237,12568,0.368421052631579
100473,12568,0.291666666666667
11766,12568,0.333333333333333
11848,12568,0.422945205479452
11866,12568,0.727272727272727
11711,12568,0.310344827586207
11634,12568,0.242424242424242
10230,12568,0.346153846153846
10438,12568,0.852246763137852
100639,12568,0.274193548387097
19624,12568,0.444444444444444
11192,12568,0.333333333333333
101110,12568,0.153846153846154
103081,12568,0.183333333333333
69,11726,0.214285714285714
243,11726,0.35059331175836
236,11726,0.222222222222222
186,11726,0.25531914893617
12898,11726,0.375
11239,11726,0.325315005727377
12568,11726,0.411764705882353
11726,11726,1
19607,11726,0.375
12243,11726,0.242424242424242
12128,11726,0.266666666666667
10739,11726,0.357142857142857
10441,11726,0.25
237,11726,0.27
100473,11726,0.857142857142857
11766,11726,0.375
11848,11726,0.384615384615385
11866,11726,0.266666666666667
11711,11726,0.266666666666667
11634,11726,0.348066298342541
10230,11726,0.274881516587678
10438,11726,0.290322580645161
100639,11726,0.375
19624,11726,0.287925696594427
11192,11726,0.375
101110,11726,0.27027027027027
103081,11726,0.428571428571429
69,19607,0.428571428571429
243,19607,0.6
236,19607,0.529411764705882
186,19607,0.236842105263158
12898,19607,0.705882352941177
11239,19607,0.421052631578947
12568,19607,0.3125
11726,19607,0.375
19607,19607,1
12243,19607,0.318181818181818
12128,19607,0.529411764705882
10739,19607,0.277777777777778
10441,19607,0.529411764705882
237,19607,0.5
100473,19607,0.441176470588235
11766,19607,0.705882352941177
11848,19607,0.257142857142857
11866,19607,0.5
11711,19607,0.529411764705882
11634,19607,0.2
10230,19607,0.409090909090909
10438,19607,0.28
100639,19607,0.384615384615385
19624,19607,0.5
11192,19607,0.705882352941177
101110,19607,0.314285714285714
103081,19607,0.32258064516129
69,12243,0.830792682926829
243,12243,0.346153846153846
236,12243,0.25
186,12243,0.219512195121951
12898,12243,0.3125
11239,12243,0.533333333333333
12568,12243,0.936785986290937
11726,12243,0.242424242424242
19607,12243,0.318181818181818
12243,12243,1
12128,12243,0.25
10739,12243,0.17741935483871
10441,12243,0.25
237,12243,0.636363636363636
100473,12243,0.238805970149254
11766,12243,0.205128205128205
11848,12243,0.425709515859766
11866,12243,0.727272727272727
11711,12243,0.25
11634,12243,0.526315789473684
10230,12243,0.275862068965517
10438,12243,0.841463414634146
100639,12243,0.347826086956522
19624,12243,0.407407407407407
11192,12243,0.3125
101110,12243,0.153846153846154
103081,12243,0.375
69,12128,0.25
243,12128,0.333333333333333
236,12128,0.942666666666667
186,12128,0.302325581395349
12898,12128,0.385772913816689
11239,12128,0.392857142857143
12568,12128,0.25
11726,12128,0.266666666666667
19607,12128,0.529411764705882
12243,12128,0.25
12128,12128,1
10739,12128,0.411764705882353
10441,12128,0.937333333333333
237,12128,0.411764705882353
100473,12128,0.375
11766,12128,0.380300957592339
11848,12128,0.170731707317073
11866,12128,0.411764705882353
11711,12128,0.985333333333333
11634,12128,0.342105263157895
10230,12128,0.538461538461538
10438,12128,0.25
100639,12128,0.235294117647059
19624,12128,0.357142857142857
11192,12128,0.383036935704514
101110,12128,0.27906976744186
103081,12128,0.5
69,10739,0.242857142857143
243,10739,0.178571428571429
236,10739,0.411764705882353
186,10739,0.45
12898,10739,0.4
11239,10739,0.375
12568,10739,0.17741935483871
11726,10739,0.357142857142857
19607,10739,0.277777777777778
12243,10739,0.17741935483871
12128,10739,0.411764705882353
10739,10739,1
10441,10739,0.411764705882353
237,10739,0.346153846153846
100473,10739,0.291666666666667
11766,10739,0.208333333333333
11848,10739,0.261904761904762
11866,10739,0.291666666666667
11711,10739,0.411764705882353
11634,10739,0.225352112676056
10230,10739,0.307692307692308
10438,10739,0.25531914893617
100639,10739,0.209302325581395
19624,10739,0.1875
11192,10739,0.333333333333333
101110,10739,0.391304347826087
103081,10739,0.363636363636364
69,10441,0.285714285714286
243,10441,0.244897959183673
236,10441,0.936
186,10441,0.302325581395349
12898,10441,0.395348837209302
11239,10441,0.346153846153846
12568,10441,0.25
11726,10441,0.25
19607,10441,0.529411764705882
12243,10441,0.25
12128,10441,0.937333333333333
10739,10441,0.411764705882353
10441,10441,1
237,10441,0.411764705882353
100473,10441,0.243243243243243
11766,10441,0.39124487004104
11848,10441,0.205479452054795
11866,10441,0.411764705882353
11711,10441,0.934666666666667
11634,10441,0.333333333333333
10230,10441,0.538461538461538
10438,10441,0.25
100639,10441,0.235294117647059
19624,10441,0.357142857142857
11192,10441,0.393980848153215
101110,10441,0.303030303030303
103081,10441,0.5
69,237,0.333333333333333
243,237,0.281045751633987
236,237,0.235294117647059
186,237,0.428571428571429
12898,237,0.297297297297297
11239,237,0.256064690026954
12568,237,0.368421052631579
11726,237,0.27
19607,237,0.5
12243,237,0.636363636363636
12128,237,0.411764705882353
10739,237,0.346153846153846
10441,237,0.411764705882353
237,237,1
100473,237,0.3
11766,237,0.297297297297297
11848,237,0.285714285714286
11866,237,0.927986906710311
11711,237,0.411764705882353
11634,237,0.285714285714286
10230,237,0.407185628742515
10438,237,0.35
100639,237,0.263157894736842
19624,237,0.241573033707865
11192,237,0.297297297297297
101110,237,0.409090909090909
103081,237,0.583333333333333
69,100473,0.324324324324324
243,100473,0.291666666666667
236,100473,0.375
186,100473,0.583333333333333
12898,100473,0.461538461538462
11239,100473,0.282051282051282
12568,100473,0.291666666666667
11726,100473,0.857142857142857
19607,100473,0.441176470588235
12243,100473,0.238805970149254
12128,100473,0.375
10739,100473,0.291666666666667
10441,100473,0.243243243243243
237,100473,0.3
100473,100473,1
11766,100473,0.206896551724138
11848,100473,0.294117647058824
11866,100473,0.32
11711,100473,0.277777777777778
11634,100473,0.259259259259259
10230,100473,0.3125
10438,100473,0.324324324324324
100639,100473,0.5
19624,100473,0.384615384615385
11192,100473,0.444444444444444
101110,100473,0.27027027027027
103081,100473,0.461538461538462
69,11766,0.642857142857143
243,11766,0.245283018867925
236,11766,0.389876880984952
186,11766,0.3125
12898,11766,0.945054945054945
11239,11766,0.234375
12568,11766,0.333333333333333
11726,11766,0.375
19607,11766,0.705882352941177
12243,11766,0.205128205128205
12128,11766,0.380300957592339
10739,11766,0.208333333333333
10441,11766,0.39124487004104
237,11766,0.297297297297297
100473,11766,0.206896551724138
11766,11766,1
11848,11766,0.242424242424242
11866,11766,0.297297297297297
11711,11766,0.381668946648427
11634,11766,0.37037037037037
10230,11766,0.297297297297297
10438,11766,0.461538461538462
100639,11766,0.25
19624,11766,0.347826086956522
11192,11766,0.950549450549451
101110,11766,0.321428571428571
103081,11766,0.282608695652174
69,11848,0.417910447761194
243,11848,0.294117647058824
236,11848,0.146341463414634
186,11848,0.333333333333333
12898,11848,0.242424242424242
11239,11848,0.275862068965517
12568,11848,0.422945205479452
11726,11848,0.384615384615385
19607,11848,0.257142857142857
12243,11848,0.425709515859766
12128,11848,0.170731707317073
10739,11848,0.261904761904762
10441,11848,0.205479452054795
237,11848,0.285714285714286
100473,11848,0.294117647058824
11766,11848,0.242424242424242
11848,11848,1
11866,11848,0.272727272727273
11711,11848,0.258064516129032
11634,11848,0.261904761904762
10230,11848,0.261904761904762
10438,11848,0.414089347079038
100639,11848,0.363636363636364
19624,11848,0.5
11192,11848,0.242424242424242
101110,11848,0.326530612244898
103081,11848,0.36
69,11866,0.727272727272727
243,11866,0.281045751633987
236,11866,0.236842105263158
186,11866,0.344827586206897
12898,11866,0.297297297297297
11239,11866,0.27536231884058
12568,11866,0.727272727272727
11726,11866,0.266666666666667
19607,11866,0.5
12243,11866,0.727272727272727
12128,11866,0.411764705882353
10739,11866,0.291666666666667
10441,11866,0.411764705882353
237,11866,0.927986906710311
100473,11866,0.32
11766,11866,0.297297297297297
11848,11866,0.272727272727273
11866,11866,1
11711,11866,0.411764705882353
11634,11866,0.282467532467532
10230,11866,0.431034482758621
10438,11866,0.727272727272727
100639,11866,0.209302325581395
19624,11866,0.256756756756757
11192,11866,0.297297297297297
101110,11866,0.28
103081,11866,0.583333333333333
69,11711,0.25
243,11711,0.333333333333333
236,11711,0.941333333333333
186,11711,0.302325581395349
12898,11711,0.388508891928865
11239,11711,0.392857142857143
12568,11711,0.310344827586207
11726,11711,0.266666666666667
19607,11711,0.529411764705882
12243,11711,0.25
12128,11711,0.985333333333333
10739,11711,0.411764705882353
10441,11711,0.934666666666667
237,11711,0.411764705882353
100473,11711,0.277777777777778
11766,11711,0.381668946648427
11848,11711,0.258064516129032
11866,11711,0.411764705882353
11711,11711,1
11634,11711,0.333333333333333
10230,11711,0.538461538461538
10438,11711,0.25
100639,11711,0.235294117647059
19624,11711,0.357142857142857
11192,11711,0.384404924760602
101110,11711,0.27906976744186
103081,11711,0.5
69,11634,0.333333333333333
243,11634,0.788223140495868
236,11634,0.333333333333333
186,11634,0.375
12898,11634,0.37037037037037
11239,11634,0.340022296544036
12568,11634,0.242424242424242
11726,11634,0.348066298342541
19607,11634,0.2
12243,11634,0.526315789473684
12128,11634,0.342105263157895
10739,11634,0.225352112676056
10441,11634,0.333333333333333
237,11634,0.285714285714286
100473,11634,0.259259259259259
11766,11634,0.37037037037037
11848,11634,0.261904761904762
11866,11634,0.282467532467532
11711,11634,0.333333333333333
11634,11634,1
10230,11634,0.252747252747253
10438,11634,0.288888888888889
100639,11634,0.283582089552239
19624,11634,0.310526315789474
11192,11634,0.37037037037037
101110,11634,0.444444444444444
103081,11634,0.260869565217391
69,10230,0.346153846153846
243,10230,0.252777777777778
236,10230,0.538461538461538
186,10230,0.545454545454545
12898,10230,0.297297297297297
11239,10230,0.284615384615385
12568,10230,0.346153846153846
11726,10230,0.274881516587678
19607,10230,0.409090909090909
12243,10230,0.275862068965517
12128,10230,0.538461538461538
10739,10230,0.307692307692308
10441,10230,0.538461538461538
237,10230,0.407185628742515
100473,10230,0.3125
11766,10230,0.297297297297297
11848,10230,0.261904761904762
11866,10230,0.431034482758621
11711,10230,0.538461538461538
11634,10230,0.252747252747253
10230,10230,1
10438,10230,0.346153846153846
100639,10230,0.538461538461538
19624,10230,0.253333333333333
11192,10230,0.297297297297297
101110,10230,0.303571428571429
103081,10230,0.545454545454545
69,10438,0.875667429443173
243,10438,0.346153846153846
236,10438,0.45
186,10438,0.18
12898,10438,0.4
11239,10438,0.32
12568,10438,0.852246763137852
11726,10438,0.290322580645161
19607,10438,0.28
12243,10438,0.841463414634146
12128,10438,0.25
10739,10438,0.25531914893617
10441,10438,0.25
237,10438,0.35
100473,10438,0.324324324324324
11766,10438,0.461538461538462
11848,10438,0.414089347079038
11866,10438,0.727272727272727
11711,10438,0.25
11634,10438,0.288888888888889
10230,10438,0.346153846153846
10438,10438,1
100639,10438,0.341463414634146
19624,10438,0.444444444444444
11192,10438,0.461538461538462
101110,10438,0.27906976744186
103081,10438,0.555555555555556
69,100639,0.297872340425532
243,100639,0.230769230769231
236,100639,0.235294117647059
186,100639,0.4375
12898,100639,0.285714285714286
11239,100639,0.290322580645161
12568,100639,0.274193548387097
11726,100639,0.375
19607,100639,0.384615384615385
12243,100639,0.347826086956522
12128,100639,0.235294117647059
10739,100639,0.209302325581395
10441,100639,0.235294117647059
237,100639,0.263157894736842
100473,100639,0.5
11766,100639,0.25
11848,100639,0.363636363636364
11866,100639,0.209302325581395
11711,100639,0.235294117647059
11634,100639,0.283582089552239
10230,100639,0.538461538461538
10438,100639,0.341463414634146
100639,100639,1
19624,100639,0.363636363636364
11192,100639,0.25
101110,100639,0.298245614035088
103081,100639,0.32
69,19624,0.37037037037037
243,19624,0.305263157894737
236,19624,0.357142857142857
186,19624,0.333333333333333
12898,19624,0.347826086956522
11239,19624,0.277955271565495
12568,19624,0.444444444444444
11726,19624,0.287925696594427
19607,19624,0.5
12243,19624,0.407407407407407
12128,19624,0.357142857142857
10739,19624,0.1875
10441,19624,0.357142857142857
237,19624,0.241573033707865
100473,19624,0.384615384615385
11766,19624,0.347826086956522
11848,19624,0.5
11866,19624,0.256756756756757
11711,19624,0.357142857142857
11634,19624,0.310526315789474
10230,19624,0.253333333333333
10438,19624,0.444444444444444
100639,19624,0.363636363636364
19624,19624,1
11192,19624,0.375
101110,19624,0.340909090909091
103081,19624,0.27906976744186
69,11192,0.538461538461538
243,11192,0.264150943396226
236,11192,0.392612859097127
186,11192,0.3125
12898,11192,0.944223107569721
11239,11192,0.203703703703704
12568,11192,0.333333333333333
11726,11192,0.375
19607,11192,0.705882352941177
12243,11192,0.3125
12128,11192,0.383036935704514
10739,11192,0.333333333333333
10441,11192,0.393980848153215
237,11192,0.297297297297297
100473,11192,0.444444444444444
11766,11192,0.950549450549451
11848,11192,0.242424242424242
11866,11192,0.297297297297297
11711,11192,0.384404924760602
11634,11192,0.37037037037037
10230,11192,0.297297297297297
10438,11192,0.461538461538462
100639,11192,0.25
19624,11192,0.375
11192,11192,1
101110,11192,0.285714285714286
103081,11192,0.282608695652174
69,101110,0.4
243,101110,0.333333333333333
236,101110,0.303030303030303
186,101110,0.33710407239819
12898,101110,0.321428571428571
11239,101110,0.333333333333333
12568,101110,0.153846153846154
11726,101110,0.27027027027027
19607,101110,0.314285714285714
12243,101110,0.153846153846154
12128,101110,0.27906976744186
10739,101110,0.391304347826087
10441,101110,0.303030303030303
237,101110,0.409090909090909
100473,101110,0.27027027027027
11766,101110,0.321428571428571
11848,101110,0.326530612244898
11866,101110,0.28
11711,101110,0.27906976744186
11634,101110,0.444444444444444
10230,101110,0.303571428571429
10438,101110,0.27906976744186
100639,101110,0.298245614035088
19624,101110,0.340909090909091
11192,101110,0.285714285714286
101110,101110,1
103081,101110,0.307692307692308
69,103081,0.235294117647059
243,103081,0.555555555555556
236,103081,0.5
186,103081,0.225806451612903
12898,103081,0.295454545454545
11239,103081,0.222222222222222
12568,103081,0.183333333333333
11726,103081,0.428571428571429
19607,103081,0.32258064516129
12243,103081,0.375
12128,103081,0.5
10739,103081,0.363636363636364
10441,103081,0.5
237,103081,0.583333333333333
100473,103081,0.461538461538462
11766,103081,0.282608695652174
11848,103081,0.36
11866,103081,0.583333333333333
11711,103081,0.5
11634,103081,0.260869565217391
10230,103081,0.545454545454545
10438,103081,0.555555555555556
100639,103081,0.32
19624,103081,0.27906976744186
11192,103081,0.282608695652174
101110,103081,0.307692307692308
103081,103081,1
