Var1,Var2,Freq
10222,10222,1
10701,10222,0.0151616014413216
11774,10222,0.358325236285744
11499,10222,0.353036284564388
10320,10222,0.0125172397793066
10062,10222,0.0182616212810763
10702,10222,0.0189418210026754
11453,10222,0.0295992515163866
10222,10701,0.0151616014413216
10701,10701,1
11774,10701,0.0127627404073911
11499,10701,0.0134901511436369
10320,10701,0.445236511289888
10062,10701,0.317929304445086
10702,10701,0.0362405577825694
11453,10701,0.0213102247121666
10222,11774,0.358325236285744
10701,11774,0.0127627404073911
11774,11774,1
11499,11774,0.831583376481824
10320,11774,0.0120420209501815
10062,11774,0.0153159679453364
10702,11774,0.0145781536102485
11453,11774,0.0245478548506161
10222,11499,0.353036284564388
10701,11499,0.0134901511436369
11774,11499,0.831583376481824
11499,11499,1
10320,11499,0.01094575928996
10062,11499,0.0171154502442806
10702,11499,0.0142448375603013
11453,11499,0.026507971937011
10222,10320,0.0125172397793066
10701,10320,0.445236511289888
11774,10320,0.0120420209501815
11499,10320,0.01094575928996
10320,10320,1
10062,10320,0.352789208880126
10702,10320,0.0246093413342595
11453,10320,0.0191928772531978
10222,10062,0.0182616212810763
10701,10062,0.317929304445086
11774,10062,0.0153159679453364
11499,10062,0.0171154502442806
10320,10062,0.352789208880126
10062,10062,1
10702,10062,0.0239837860455828
11453,10062,0.0263255631036307
10222,10702,0.0189418210026754
10701,10702,0.0362405577825694
11774,10702,0.0145781536102485
11499,10702,0.0142448375603013
10320,10702,0.0246093413342595
10062,10702,0.0239837860455828
10702,10702,1
11453,10702,0.0174262721749923
10222,11453,0.0295992515163866
10701,11453,0.0213102247121666
11774,11453,0.0245478548506161
11499,11453,0.026507971937011
10320,11453,0.0191928772531978
10062,11453,0.0263255631036307
10702,11453,0.0174262721749923
11453,11453,1
