Var1,Var2,Freq
11044,11044,1
12295,11044,0.375661375661376
12862,11044,0.434782608695652
12591,11044,0.391949152542373
12861,11044,0.392857142857143
11473,11044,0.56
17024,11044,0.56
11154,11044,0.551194539249147
11615,11044,0.39766081871345
11109,11044,0.380753138075314
17147,11044,0.394366197183099
20036,11044,0.371134020618557
11043,11044,0.53448275862069
10226,11044,0.421686746987952
11871,11044,0.375796178343949
10144,11044,0.5
12868,11044,0.355813953488372
12867,11044,0.375854214123007
11110,11044,0.375796178343949
11024,11044,0.388286334056399
12738,11044,0.402439024390244
12592,11044,0.323899371069182
12593,11044,0.375
100479,11044,0.347826086956522
13001,11044,0.393650793650794
10351,11044,0.369294605809129
13000,11044,0.372384937238494
11989,11044,0.5
100155,11044,0.387096774193548
11044,12295,0.375661375661376
12295,12295,1
12862,12295,0.5
12591,12295,0.398843930635838
12861,12295,0.5625
11473,12295,0.533333333333333
17024,12295,0.533333333333333
11154,12295,0.398936170212766
11615,12295,0.818057455540356
11109,12295,0.594202898550725
17147,12295,0.380434782608696
20036,12295,0.5
11043,12295,0.322289156626506
10226,12295,0.39568345323741
11871,12295,0.463087248322148
10144,12295,0.4375
12868,12295,0.426966292134832
12867,12295,0.383084577114428
11110,12295,0.460992907801418
11024,12295,0.5
12738,12295,0.378787878787879
12592,12295,0.722298221614227
12593,12295,0.579710144927536
100479,12295,0.243243243243243
13001,12295,0.558241758241758
10351,12295,0.482758620689655
13000,12295,0.43010752688172
11989,12295,0.571428571428572
100155,12295,0.45
11044,12862,0.434782608695652
12295,12862,0.5
12862,12862,1
12591,12862,0.666666666666667
12861,12862,0.461663947797716
11473,12862,0.253164556962025
17024,12862,0.36
11154,12862,0.541666666666667
11615,12862,0.5
11109,12862,0.478260869565217
17147,12862,0.45
20036,12862,0.5
11043,12862,0.391304347826087
10226,12862,0.407407407407407
11871,12862,0.55
10144,12862,0.272727272727273
12868,12862,0.375
12867,12862,0.333333333333333
11110,12862,0.6
11024,12862,0.5
12738,12862,0.4
12592,12862,0.5
12593,12862,0.434782608695652
100479,12862,0.445532435740514
13001,12862,0.366666666666667
10351,12862,0.5
13000,12862,0.714285714285714
11989,12862,0.272357723577236
100155,12862,0.289473684210526
11044,12591,0.391949152542373
12295,12591,0.398843930635838
12862,12591,0.666666666666667
12591,12591,1
12861,12591,0.466666666666667
11473,12591,0.461538461538462
17024,12591,0.461538461538462
11154,12591,0.375
11615,12591,0.386473429951691
11109,12591,0.490566037735849
17147,12591,0.330543933054393
20036,12591,0.489406779661017
11043,12591,0.354508196721311
10226,12591,0.48314606741573
11871,12591,0.47085201793722
10144,12591,0.409090909090909
12868,12591,0.450800915331808
12867,12591,0.384196185286104
11110,12591,0.725910064239829
11024,12591,0.494692144373673
12738,12591,0.470355731225296
12592,12591,0.421965317919075
12593,12591,0.485232067510548
100479,12591,0.4
13001,12591,0.390845070422535
10351,12591,0.505643340857788
13000,12591,0.570135746606335
11989,12591,0.571428571428572
100155,12591,0.411764705882353
11044,12861,0.392857142857143
12295,12861,0.5625
12862,12861,0.461663947797716
12591,12861,0.466666666666667
12861,12861,1
11473,12861,0.236842105263158
17024,12861,0.421052631578947
11154,12861,0.321428571428571
11615,12861,0.294117647058824
11109,12861,0.347826086956522
17147,12861,0.35
20036,12861,0.4
11043,12861,0.363636363636364
10226,12861,0.290322580645161
11871,12861,0.296296296296296
10144,12861,0.444444444444444
12868,12861,0.357142857142857
12867,12861,0.431818181818182
11110,12861,0.5
11024,12861,0.4
12738,12861,0.409090909090909
12592,12861,0.294117647058824
12593,12861,0.391304347826087
100479,12861,0.573089700996678
13001,12861,0.34375
10351,12861,0.45
13000,12861,0.571428571428572
11989,12861,0.423076923076923
100155,12861,0.478260869565217
11044,11473,0.56
12295,11473,0.533333333333333
12862,11473,0.253164556962025
12591,11473,0.461538461538462
12861,11473,0.236842105263158
11473,11473,1
17024,11473,0.982142857142857
11154,11473,0.56
11615,11473,0.533333333333333
11109,11473,0.533333333333333
17147,11473,0.5
20036,11473,0.40625
11043,11473,0.52
10226,11473,0.6
11871,11473,0.4
10144,11473,0.466666666666667
12868,11473,0.6
12867,11473,0.375
11110,11473,0.461538461538462
11024,11473,0.40625
12738,11473,0.413793103448276
12592,11473,0.533333333333333
12593,11473,0.6
100479,11473,0.276315789473684
13001,11473,0.52
10351,11473,0.40625
13000,11473,0.529411764705882
11989,11473,0.310160427807487
100155,11473,0.302207130730051
11044,17024,0.56
12295,17024,0.533333333333333
12862,17024,0.36
12591,17024,0.461538461538462
12861,17024,0.421052631578947
11473,17024,0.982142857142857
17024,17024,1
11154,17024,0.56
11615,17024,0.533333333333333
11109,17024,0.533333333333333
17147,17024,0.5
20036,17024,0.5
11043,17024,0.52
10226,17024,0.6
11871,17024,0.4
10144,17024,0.466666666666667
12868,17024,0.6
12867,17024,0.375
11110,17024,0.461538461538462
11024,17024,0.5
12738,17024,0.458333333333333
12592,17024,0.533333333333333
12593,17024,0.6
100479,17024,0.526315789473684
13001,17024,0.52
10351,17024,0.5
13000,17024,0.529411764705882
11989,17024,0.454545454545455
100155,17024,0.463157894736842
11044,11154,0.551194539249147
12295,11154,0.398936170212766
12862,11154,0.541666666666667
12591,11154,0.375
12861,11154,0.321428571428571
11473,11154,0.56
17024,11154,0.56
11154,11154,1
11615,11154,0.418181818181818
11109,11154,0.407407407407407
17147,11154,0.389105058365759
20036,11154,0.378076062639821
11043,11154,0.585185185185185
10226,11154,0.395209580838323
11871,11154,0.388127853881279
10144,11154,0.555555555555556
12868,11154,0.362612612612613
12867,11154,0.377358490566038
11110,11154,0.36989247311828
11024,11154,0.397619047619048
12738,11154,0.386281588447653
12592,11154,0.398936170212766
12593,11154,0.369294605809129
100479,11154,0.333333333333333
13001,11154,0.402826855123675
10351,11154,0.398976982097187
13000,11154,0.371308016877637
11989,11154,0.571428571428572
100155,11154,0.411764705882353
11044,11615,0.39766081871345
12295,11615,0.818057455540356
12862,11615,0.5
12591,11615,0.386473429951691
12861,11615,0.294117647058824
11473,11615,0.533333333333333
17024,11615,0.533333333333333
11154,11615,0.418181818181818
11615,11615,1
11109,11615,0.601449275362319
17147,11615,0.364130434782609
20036,11615,0.511494252873563
11043,11615,0.316993464052288
10226,11615,0.402877697841727
11871,11615,0.476510067114094
10144,11615,0.4375
12868,11615,0.449438202247191
12867,11615,0.474747474747475
11110,11615,0.475177304964539
11024,11615,0.511494252873563
12738,11615,0.43859649122807
12592,11615,0.738700564971751
12593,11615,0.579710144927536
100479,11615,0.243243243243243
13001,11615,0.616402116402116
10351,11615,0.494252873563218
13000,11615,0.451612903225806
11989,11615,0.571428571428572
100155,11615,0.45
11044,11109,0.380753138075314
12295,11109,0.594202898550725
12862,11109,0.478260869565217
12591,11109,0.490566037735849
12861,11109,0.347826086956522
11473,11109,0.533333333333333
17024,11109,0.533333333333333
11154,11109,0.407407407407407
11615,11109,0.601449275362319
11109,11109,1
17147,11109,0.370833333333333
20036,11109,0.489451476793249
11043,11109,0.380368098159509
10226,11109,0.486772486772487
11871,11109,0.51356993736952
10144,11109,0.4375
12868,11109,0.509049773755656
12867,11109,0.424324324324324
11110,11109,0.505241090146751
11024,11109,0.494758909853249
12738,11109,0.546296296296296
12592,11109,0.58695652173913
12593,11109,0.781970649895178
100479,11109,0.304347826086957
13001,11109,0.409722222222222
10351,11109,0.505543237250554
13000,11109,0.53347280334728
11989,11109,0.571428571428572
100155,11109,0.45
11044,17147,0.394366197183099
12295,17147,0.380434782608696
12862,17147,0.45
12591,17147,0.330543933054393
12861,17147,0.35
11473,17147,0.5
17024,17147,0.5
11154,17147,0.389105058365759
11615,17147,0.364130434782609
11109,17147,0.370833333333333
17147,17147,1
20036,17147,0.359712230215827
11043,17147,0.386064030131827
10226,17147,0.383886255924171
11871,17147,0.336384439359268
10144,17147,0.5
12868,17147,0.366028708133971
12867,17147,0.395238095238095
11110,17147,0.324384787472036
11024,17147,0.35781990521327
12738,17147,0.348837209302326
12592,17147,0.385869565217391
12593,17147,0.375586854460094
100479,17147,0.3
13001,17147,0.35031847133758
10351,17147,0.343680709534368
13000,17147,0.335416666666667
11989,17147,0.4
100155,17147,0.32
11044,20036,0.371134020618557
12295,20036,0.5
12862,20036,0.5
12591,20036,0.489406779661017
12861,20036,0.4
11473,20036,0.40625
17024,20036,0.5
11154,20036,0.378076062639821
11615,20036,0.511494252873563
11109,20036,0.489451476793249
17147,20036,0.359712230215827
20036,20036,1
11043,20036,0.346938775510204
10226,20036,0.478723404255319
11871,20036,0.465811965811966
10144,20036,0.375
12868,20036,0.452488687782805
12867,20036,0.3601108033241
11110,20036,0.512471655328798
11024,20036,0.898089171974522
12738,20036,0.492
12592,20036,0.505747126436782
12593,20036,0.48109243697479
100479,20036,0.35
13001,20036,0.657342657342657
10351,20036,0.860515021459227
13000,20036,0.480263157894737
11989,20036,0.571428571428572
100155,20036,0.466666666666667
11044,11043,0.53448275862069
12295,11043,0.322289156626506
12862,11043,0.391304347826087
12591,11043,0.354508196721311
12861,11043,0.363636363636364
11473,11043,0.52
17024,11043,0.52
11154,11043,0.585185185185185
11615,11043,0.316993464052288
11109,11043,0.380368098159509
17147,11043,0.386064030131827
20036,11043,0.346938775510204
11043,11043,1
10226,11043,0.449101796407186
11871,11043,0.379828326180258
10144,11043,0.5625
12868,11043,0.428070175438596
12867,11043,0.36644591611479
11110,11043,0.360655737704918
11024,11043,0.350409836065574
12738,11043,0.408602150537634
12592,11043,0.307017543859649
12593,11043,0.36830835117773
100479,11043,0.366666666666667
13001,11043,0.358662613981763
10351,11043,0.354401805869075
13000,11043,0.347474747474747
11989,11043,0.311111111111111
100155,11043,0.358974358974359
11044,10226,0.421686746987952
12295,10226,0.39568345323741
12862,10226,0.407407407407407
12591,10226,0.48314606741573
12861,10226,0.290322580645161
11473,10226,0.6
17024,10226,0.6
11154,10226,0.395209580838323
11615,10226,0.402877697841727
11109,10226,0.486772486772487
17147,10226,0.383886255924171
20036,10226,0.478723404255319
11043,10226,0.449101796407186
10226,10226,1
11871,10226,0.518518518518519
10144,10226,0.4375
12868,10226,0.5
12867,10226,0.464968152866242
11110,10226,0.410138248847926
11024,10226,0.436619718309859
12738,10226,0.382575757575758
12592,10226,0.41304347826087
12593,10226,0.470899470899471
100479,10226,0.304347826086957
13001,10226,0.387878787878788
10351,10226,0.415929203539823
13000,10226,0.440594059405941
11989,10226,0.5
100155,10226,0.4
11044,11871,0.375796178343949
12295,11871,0.463087248322148
12862,11871,0.55
12591,11871,0.47085201793722
12861,11871,0.296296296296296
11473,11871,0.4
17024,11871,0.4
11154,11871,0.388127853881279
11615,11871,0.476510067114094
11109,11871,0.51356993736952
17147,11871,0.336384439359268
20036,11871,0.465811965811966
11043,11871,0.379828326180258
10226,11871,0.518518518518519
11871,11871,1
10144,11871,0.5
12868,11871,0.619957537154989
12867,11871,0.384823848238482
11110,11871,0.474248927038627
11024,11871,0.467948717948718
12738,11871,0.518518518518519
12592,11871,0.434285714285714
12593,11871,0.49163179916318
100479,11871,0.35
13001,11871,0.553333333333333
10351,11871,0.454545454545455
13000,11871,0.493589743589744
11989,11871,0.538461538461538
100155,11871,0.470588235294118
11044,10144,0.5
12295,10144,0.4375
12862,10144,0.272727272727273
12591,10144,0.409090909090909
12861,10144,0.444444444444444
11473,10144,0.466666666666667
17024,10144,0.466666666666667
11154,10144,0.555555555555556
11615,10144,0.4375
11109,10144,0.4375
17147,10144,0.5
20036,10144,0.375
11043,10144,0.5625
10226,10144,0.4375
11871,10144,0.5
10144,10144,1
12868,10144,0.5
12867,10144,0.346153846153846
11110,10144,0.4
11024,10144,0.375
12738,10144,0.538461538461538
12592,10144,0.4375
12593,10144,0.5
100479,10144,0.411764705882353
13001,10144,0.4375
10351,10144,0.416666666666667
13000,10144,0.5
11989,10144,0.526315789473684
100155,10144,0.297872340425532
11044,12868,0.355813953488372
12295,12868,0.426966292134832
12862,12868,0.375
12591,12868,0.450800915331808
12861,12868,0.357142857142857
11473,12868,0.6
17024,12868,0.6
11154,12868,0.362612612612613
11615,12868,0.449438202247191
11109,12868,0.509049773755656
17147,12868,0.366028708133971
20036,12868,0.452488687782805
11043,12868,0.428070175438596
10226,12868,0.5
11871,12868,0.619957537154989
10144,12868,0.5
12868,12868,1
12867,12868,0.38544474393531
11110,12868,0.434689507494647
11024,12868,0.452488687782805
12738,12868,0.463035019455253
12592,12868,0.438202247191011
12593,12868,0.477024070021882
100479,12868,0.304347826086957
13001,12868,0.513812154696133
10351,12868,0.452488687782805
13000,12868,0.455981941309255
11989,12868,0.5
100155,12868,0.352941176470588
11044,12867,0.375854214123007
12295,12867,0.383084577114428
12862,12867,0.333333333333333
12591,12867,0.384196185286104
12861,12867,0.431818181818182
11473,12867,0.375
17024,12867,0.375
11154,12867,0.377358490566038
11615,12867,0.474747474747475
11109,12867,0.424324324324324
17147,12867,0.395238095238095
20036,12867,0.3601108033241
11043,12867,0.36644591611479
10226,12867,0.464968152866242
11871,12867,0.384823848238482
10144,12867,0.346153846153846
12868,12867,0.38544474393531
12867,12867,1
11110,12867,0.396739130434783
11024,12867,0.359249329758713
12738,12867,0.474683544303797
12592,12867,0.339869281045752
12593,12867,0.421917808219178
100479,12867,0.285714285714286
13001,12867,0.364285714285714
10351,12867,0.361930294906166
13000,12867,0.402116402116402
11989,12867,0.533333333333333
100155,12867,0.411764705882353
11044,11110,0.375796178343949
12295,11110,0.460992907801418
12862,11110,0.6
12591,11110,0.725910064239829
12861,11110,0.5
11473,11110,0.461538461538462
17024,11110,0.461538461538462
11154,11110,0.36989247311828
11615,11110,0.475177304964539
11109,11110,0.505241090146751
17147,11110,0.324384787472036
20036,11110,0.512471655328798
11043,11110,0.360655737704918
10226,11110,0.410138248847926
11871,11110,0.474248927038627
10144,11110,0.4
12868,11110,0.434689507494647
12867,11110,0.396739130434783
11110,11110,1
11024,11110,0.514739229024943
12738,11110,0.487603305785124
12592,11110,0.492753623188406
12593,11110,0.5
100479,11110,0.4
13001,11110,0.408450704225352
10351,11110,0.501133786848073
13000,11110,0.577922077922078
11989,11110,0.571428571428572
100155,11110,0.470588235294118
11044,11024,0.388286334056399
12295,11024,0.5
12862,11024,0.5
12591,11024,0.494692144373673
12861,11024,0.4
11473,11024,0.40625
17024,11024,0.5
11154,11024,0.397619047619048
11615,11024,0.511494252873563
11109,11024,0.494758909853249
17147,11024,0.35781990521327
20036,11024,0.898089171974522
11043,11024,0.350409836065574
10226,11024,0.436619718309859
11871,11024,0.467948717948718
10144,11024,0.375
12868,11024,0.452488687782805
12867,11024,0.359249329758713
11110,11024,0.514739229024943
11024,11024,1
12738,11024,0.472
12592,11024,0.511494252873563
12593,11024,0.497899159663865
100479,11024,0.35
13001,11024,0.434108527131783
10351,11024,0.869098712446352
13000,11024,0.497747747747748
11989,11024,0.571428571428572
100155,11024,0.466666666666667
11044,12738,0.402439024390244
12295,12738,0.378787878787879
12862,12738,0.4
12591,12738,0.470355731225296
12861,12738,0.409090909090909
11473,12738,0.413793103448276
17024,12738,0.458333333333333
11154,12738,0.386281588447653
11615,12738,0.43859649122807
11109,12738,0.546296296296296
17147,12738,0.348837209302326
20036,12738,0.492
11043,12738,0.408602150537634
10226,12738,0.382575757575758
11871,12738,0.518518518518519
10144,12738,0.538461538461538
12868,12738,0.463035019455253
12867,12738,0.474683544303797
11110,12738,0.487603305785124
11024,12738,0.472
12738,12738,1
12592,12738,0.419540229885057
12593,12738,0.483018867924528
100479,12738,0.4
13001,12738,0.490566037735849
10351,12738,0.544554455445545
13000,12738,0.522935779816514
11989,12738,0.555555555555556
100155,12738,0.306122448979592
11044,12592,0.323899371069182
12295,12592,0.722298221614227
12862,12592,0.5
12591,12592,0.421965317919075
12861,12592,0.294117647058824
11473,12592,0.533333333333333
17024,12592,0.533333333333333
11154,12592,0.398936170212766
11615,12592,0.738700564971751
11109,12592,0.58695652173913
17147,12592,0.385869565217391
20036,12592,0.505747126436782
11043,12592,0.307017543859649
10226,12592,0.41304347826087
11871,12592,0.434285714285714
10144,12592,0.4375
12868,12592,0.438202247191011
12867,12592,0.339869281045752
11110,12592,0.492753623188406
11024,12592,0.511494252873563
12738,12592,0.419540229885057
12592,12592,1
12593,12592,0.478021978021978
100479,12592,0.243243243243243
13001,12592,0.462664714494876
10351,12592,0.565217391304348
13000,12592,0.486486486486486
11989,12592,0.571428571428572
100155,12592,0.45
11044,12593,0.375
12295,12593,0.579710144927536
12862,12593,0.434782608695652
12591,12593,0.485232067510548
12861,12593,0.391304347826087
11473,12593,0.6
17024,12593,0.6
11154,12593,0.369294605809129
11615,12593,0.579710144927536
11109,12593,0.781970649895178
17147,12593,0.375586854460094
20036,12593,0.48109243697479
11043,12593,0.36830835117773
10226,12593,0.470899470899471
11871,12593,0.49163179916318
10144,12593,0.5
12868,12593,0.477024070021882
12867,12593,0.421917808219178
11110,12593,0.5
11024,12593,0.497899159663865
12738,12593,0.483018867924528
12592,12593,0.478021978021978
12593,12593,1
100479,12593,0.347826086956522
13001,12593,0.411149825783972
10351,12593,0.508888888888889
13000,12593,0.514830508474576
11989,12593,0.642857142857143
100155,12593,0.45
11044,100479,0.347826086956522
12295,100479,0.243243243243243
12862,100479,0.445532435740514
12591,100479,0.4
12861,100479,0.573089700996678
11473,100479,0.276315789473684
17024,100479,0.526315789473684
11154,100479,0.333333333333333
11615,100479,0.243243243243243
11109,100479,0.304347826086957
17147,100479,0.3
20036,100479,0.35
11043,100479,0.366666666666667
10226,100479,0.304347826086957
11871,100479,0.35
10144,100479,0.411764705882353
12868,100479,0.304347826086957
12867,100479,0.285714285714286
11110,100479,0.4
11024,100479,0.35
12738,100479,0.4
12592,100479,0.243243243243243
12593,100479,0.347826086956522
100479,100479,1
13001,100479,0.3125
10351,100479,0.4
13000,100479,0.5
11989,100479,0.454545454545455
100155,100479,0.523809523809524
11044,13001,0.393650793650794
12295,13001,0.558241758241758
12862,13001,0.366666666666667
12591,13001,0.390845070422535
12861,13001,0.34375
11473,13001,0.52
17024,13001,0.52
11154,13001,0.402826855123675
11615,13001,0.616402116402116
11109,13001,0.409722222222222
17147,13001,0.35031847133758
20036,13001,0.657342657342657
11043,13001,0.358662613981763
10226,13001,0.387878787878788
11871,13001,0.553333333333333
10144,13001,0.4375
12868,13001,0.513812154696133
12867,13001,0.364285714285714
11110,13001,0.408450704225352
11024,13001,0.434108527131783
12738,13001,0.490566037735849
12592,13001,0.462664714494876
12593,13001,0.411149825783972
100479,13001,0.3125
13001,13001,1
10351,13001,0.65034965034965
13000,13001,0.402826855123675
11989,13001,0.5
100155,13001,0.363636363636364
11044,10351,0.369294605809129
12295,10351,0.482758620689655
12862,10351,0.5
12591,10351,0.505643340857788
12861,10351,0.45
11473,10351,0.40625
17024,10351,0.5
11154,10351,0.398976982097187
11615,10351,0.494252873563218
11109,10351,0.505543237250554
17147,10351,0.343680709534368
20036,10351,0.860515021459227
11043,10351,0.354401805869075
10226,10351,0.415929203539823
11871,10351,0.454545454545455
10144,10351,0.416666666666667
12868,10351,0.452488687782805
12867,10351,0.361930294906166
11110,10351,0.501133786848073
11024,10351,0.869098712446352
12738,10351,0.544554455445545
12592,10351,0.565217391304348
12593,10351,0.508888888888889
100479,10351,0.4
13001,10351,0.65034965034965
10351,10351,1
13000,10351,0.493243243243243
11989,10351,0.642857142857143
100155,10351,0.533333333333333
11044,13000,0.372384937238494
12295,13000,0.43010752688172
12862,13000,0.714285714285714
12591,13000,0.570135746606335
12861,13000,0.571428571428572
11473,13000,0.529411764705882
17024,13000,0.529411764705882
11154,13000,0.371308016877637
11615,13000,0.451612903225806
11109,13000,0.53347280334728
17147,13000,0.335416666666667
20036,13000,0.480263157894737
11043,13000,0.347474747474747
10226,13000,0.440594059405941
11871,13000,0.493589743589744
10144,13000,0.5
12868,13000,0.455981941309255
12867,13000,0.402116402116402
11110,13000,0.577922077922078
11024,13000,0.497747747747748
12738,13000,0.522935779816514
12592,13000,0.486486486486486
12593,13000,0.514830508474576
100479,13000,0.5
13001,13000,0.402826855123675
10351,13000,0.493243243243243
13000,13000,1
11989,13000,0.642857142857143
100155,13000,0.444444444444444
11044,11989,0.5
12295,11989,0.571428571428572
12862,11989,0.272357723577236
12591,11989,0.571428571428572
12861,11989,0.423076923076923
11473,11989,0.310160427807487
17024,11989,0.454545454545455
11154,11989,0.571428571428572
11615,11989,0.571428571428572
11109,11989,0.571428571428572
17147,11989,0.4
20036,11989,0.571428571428572
11043,11989,0.311111111111111
10226,11989,0.5
11871,11989,0.538461538461538
10144,11989,0.526315789473684
12868,11989,0.5
12867,11989,0.533333333333333
11110,11989,0.571428571428572
11024,11989,0.571428571428572
12738,11989,0.555555555555556
12592,11989,0.571428571428572
12593,11989,0.642857142857143
100479,11989,0.454545454545455
13001,11989,0.5
10351,11989,0.642857142857143
13000,11989,0.642857142857143
11989,11989,1
100155,11989,0.345549738219895
11044,100155,0.387096774193548
12295,100155,0.45
12862,100155,0.289473684210526
12591,100155,0.411764705882353
12861,100155,0.478260869565217
11473,100155,0.302207130730051
17024,100155,0.463157894736842
11154,100155,0.411764705882353
11615,100155,0.45
11109,100155,0.45
17147,100155,0.32
20036,100155,0.466666666666667
11043,100155,0.358974358974359
10226,100155,0.4
11871,100155,0.470588235294118
10144,100155,0.297872340425532
12868,100155,0.352941176470588
12867,100155,0.411764705882353
11110,100155,0.470588235294118
11024,100155,0.466666666666667
12738,100155,0.306122448979592
12592,100155,0.45
12593,100155,0.45
100479,100155,0.523809523809524
13001,100155,0.363636363636364
10351,100155,0.533333333333333
13000,100155,0.444444444444444
11989,100155,0.345549738219895
100155,100155,1
