Var1,Var2,Freq
10222,10222,1
10701,10222,0.205479452054795
11774,10222,0.423895253682488
11499,10222,0.422628951747088
10320,10222,0.363636363636364
10062,10222,0.357142857142857
10702,10222,0.268292682926829
11453,10222,0.275229357798165
10222,10701,0.205479452054795
10701,10701,1
11774,10701,0.419354838709677
11499,10701,0.361111111111111
10320,10701,0.523415977961432
10062,10701,0.450199203187251
10702,10701,0.239024390243902
11453,10701,0.458333333333333
10222,11774,0.423895253682488
10701,11774,0.419354838709677
11774,11774,1
11499,11774,0.815750371471025
10320,11774,0.266666666666667
10062,11774,0.275862068965517
10702,11774,0.28
11453,11774,0.366197183098592
10222,11499,0.422628951747088
10701,11499,0.361111111111111
11774,11499,0.815750371471025
11499,11499,1
10320,11499,0.242424242424242
10062,11499,0.333333333333333
10702,11499,0.3
11453,11499,0.366197183098592
10222,10320,0.363636363636364
10701,10320,0.523415977961432
11774,10320,0.266666666666667
11499,10320,0.242424242424242
10320,10320,1
10062,10320,0.467181467181467
10702,10320,0.478260869565217
11453,10320,0.409090909090909
10222,10062,0.357142857142857
10701,10062,0.450199203187251
11774,10062,0.275862068965517
11499,10062,0.333333333333333
10320,10062,0.467181467181467
10062,10062,1
10702,10062,0.423076923076923
11453,10062,0.25
10222,10702,0.268292682926829
10701,10702,0.239024390243902
11774,10702,0.28
11499,10702,0.3
10320,10702,0.478260869565217
10062,10702,0.423076923076923
10702,10702,1
11453,10702,0.26984126984127
10222,11453,0.275229357798165
10701,11453,0.458333333333333
11774,11453,0.366197183098592
11499,11453,0.366197183098592
10320,11453,0.409090909090909
10062,11453,0.25
10702,11453,0.26984126984127
11453,11453,1
