Var1,Var2,Freq
11044,11044,1
12295,11044,0.0680468724328699
12862,11044,0.0135705845427134
12591,11044,0.209707221565144
12861,11044,0.0140107313741629
11473,11044,0.0173293452453214
17024,11044,0.047064536249446
11154,11044,0.516949032094617
11615,11044,0.0683396667563127
11109,11044,0.217659276169997
17147,11044,0.241657401374983
20036,11044,0.194230202830273
11043,11044,0.471625969200978
10226,11044,0.138362424861646
11871,11044,0.208434302691736
10144,11044,0.0133380316877864
12868,11044,0.181128135398937
12867,11044,0.219421782327237
11110,11044,0.216721969909349
11024,11044,0.204897163544888
12738,11044,0.183915259918375
12592,11044,0.0741117568774907
12593,11044,0.19959544848718
100479,11044,0.0111451010949355
13001,11044,0.124660958870567
10351,11044,0.20269520093331
13000,11044,0.191430929398328
11989,11044,0.0136422827882893
100155,11044,0.0110240771962504
11044,12295,0.0680468724328699
12295,12295,1
12862,12295,0.0130702698167935
12591,12295,0.103514912408331
12861,12295,0.0123422972031252
11473,12295,0.011349339883199
17024,12295,0.0308235199182909
11154,12295,0.0739096634216422
11615,12295,0.810899206006614
11109,12295,0.138039122594632
17147,12295,0.0731809990473737
20036,12295,0.131926389914247
11043,12295,0.0680205082720802
10226,12295,0.108357144344173
11871,12295,0.11307587125592
10144,12295,0.00919829551726229
12868,12295,0.107176560562155
12867,12295,0.0830957829721872
11110,12295,0.103297899797522
11024,12295,0.132108457054446
12738,12295,0.145655355638753
12592,12295,0.71364989502675
12593,12295,0.132727960409267
100479,12295,0.0110554988525248
13001,12295,0.348904960402017
10351,12295,0.128401255926989
13000,12295,0.116146636496718
11989,12295,0.0124712234639612
100155,12295,0.010815163240973
11044,12862,0.0135705845427134
12295,12862,0.0130702698167935
12862,12862,1
12591,12862,0.01537494940014
12861,12862,0.302455735994647
11473,12862,0.010778929251185
17024,12862,0.0281263356363784
11154,12862,0.0125124796015077
11615,12862,0.0132319428114189
11109,12862,0.0155626420137109
17147,12862,0.012739914013833
20036,12862,0.01498347641711
11043,12862,0.0120216352934785
10226,12862,0.0220967872072544
11871,12862,0.0164736359488494
10144,12862,0.00994302031491076
12868,12862,0.0149951412506534
12867,12862,0.0152363326100991
11110,12862,0.0145940227157295
11024,12862,0.014968933584976
12738,12862,0.0208315948794147
12592,12862,0.0133322184253629
12593,12862,0.0150039077765415
100479,12862,0.350721849818279
13001,12862,0.0137216538109908
10351,12862,0.0155626420137109
13000,12862,0.0158653165558867
11989,12862,0.0246090661550009
100155,12862,0.0127433753868803
11044,12591,0.209707221565144
12295,12591,0.103514912408331
12862,12591,0.01537494940014
12591,12591,1
12861,12591,0.0120482078568316
11473,12591,0.0176035330799134
17024,12591,0.0478091993107234
11154,12591,0.213379503642078
11615,12591,0.111443989533843
11109,12591,0.462934653502131
17147,12591,0.176044847774398
20036,12591,0.469264856254522
11043,12591,0.167098499300799
10226,12591,0.238634346934607
11871,12591,0.414269111079811
10144,12591,0.0134966930566941
12868,12591,0.374371307837496
12867,12591,0.18052304875976
11110,12591,0.73257310309129
11024,12591,0.47546194583351
12738,12591,0.314035005668129
12592,12591,0.116116563957923
12593,12591,0.436956496687678
100479,12591,0.0103946585662544
13001,12591,0.158906693828187
10351,12591,0.47823503611788
13000,12591,0.524169925610695
11989,12591,0.0166279872491631
100155,12591,0.0133372816441203
11044,12861,0.0140107313741629
12295,12861,0.0123422972031252
12862,12861,0.302455735994647
12591,12861,0.0120482078568316
12861,12861,1
11473,12861,0.0117752165832774
17024,12861,0.0271529598686447
11154,12861,0.0118378676714926
11615,12861,0.0117877033247503
11109,12861,0.013438188267818
17147,12861,0.0105592871168788
20036,12861,0.0116671937278438
11043,12861,0.0109360454776867
10226,12861,0.0189697475840238
11871,12861,0.0132080150595617
10144,12861,0.010653159803283
12868,12861,0.0145953459895974
12867,12861,0.0160165153316629
11110,12861,0.0132761385805965
11024,12861,0.0116558696508983
12738,12861,0.0199430812761276
12592,12861,0.0118770340605859
12593,12861,0.014019723633993
100479,12861,0.401474958160912
13001,12861,0.0129574011728544
10351,12861,0.0128539192126955
13000,12861,0.0131666105217583
11989,12861,0.0159194975874049
100155,12861,0.0133959052013486
11044,11473,0.0173293452453214
12295,11473,0.011349339883199
12862,11473,0.010778929251185
12591,11473,0.0176035330799134
12861,11473,0.0117752165832774
11473,11473,1
17024,11473,0.363302671758923
11154,11473,0.017895548094626
11615,11473,0.0114897257965472
11109,11473,0.0142374876806371
17147,11473,0.0109827036988291
20036,11473,0.0168807021820518
11043,11473,0.0150517453853308
10226,11473,0.0227983123801139
11871,11473,0.015496642695672
10144,11473,0.0083674988864073
12868,11473,0.0163010775735953
12867,11473,0.0130677782114732
11110,11473,0.0173738669459559
11024,11473,0.0168643179190609
12738,11473,0.0226311265499033
12592,11473,0.0115767983696921
12593,11473,0.0148278250743275
100479,11473,0.0128225015761008
13001,11473,0.0151419254946035
10351,11473,0.0175002452741165
13000,11473,0.0160422200573305
11989,11473,0.0305312794134143
100155,11473,0.113969744744674
11044,17024,0.047064536249446
12295,17024,0.0308235199182909
12862,17024,0.0281263356363784
12591,17024,0.0478091993107234
12861,17024,0.0271529598686447
11473,17024,0.363302671758923
17024,17024,1
11154,17024,0.0486022789713086
11615,17024,0.0312047921368401
11109,17024,0.0386674017719913
17147,17024,0.0298277776242021
20036,17024,0.0450417555105259
11043,17024,0.0408788333475317
10226,17024,0.0619176307154336
11871,17024,0.0420871239836414
10144,17024,0.0227251779615181
12868,17024,0.0442718778757461
12867,17024,0.0354906035183093
11110,17024,0.0471854521388659
11024,17024,0.0449980383736497
12738,17024,0.0582286480694941
12592,17024,0.0314412713700193
12593,17024,0.0402706911791455
100479,17024,0.0308926661246856
13001,17024,0.0411237522963877
10351,17024,0.0467231104744895
13000,17024,0.0435688502203316
11989,17024,0.0365821288810637
100155,17024,0.129288820644456
11044,11154,0.516949032094617
12295,11154,0.0739096634216422
12862,11154,0.0125124796015077
12591,11154,0.213379503642078
12861,11154,0.0118378676714926
11473,11154,0.017895548094626
17024,11154,0.0486022789713086
11154,11154,1
11615,11154,0.0762410097964492
11109,11154,0.226878099097511
17147,11154,0.260080143128526
20036,11154,0.212148008727266
11043,11154,0.47271945722952
10226,11154,0.129386044234105
11871,11154,0.220890247649306
10144,11154,0.013290533940578
12868,11154,0.204943620737532
12867,11154,0.242751473680051
11110,11154,0.223448261460395
11024,11154,0.224203212918185
12738,11154,0.19133466465641
12592,11154,0.0796745039222149
12593,11154,0.213841836289221
100479,11154,0.0100399803123979
13001,11154,0.134612280177495
10351,11154,0.217746782415567
13000,11154,0.199796086926431
11989,11154,0.0138222063404163
100155,11154,0.0113842676033955
11044,11615,0.0683396667563127
12295,11615,0.810899206006614
12862,11615,0.0132319428114189
12591,11615,0.111443989533843
12861,11615,0.0117877033247503
11473,11615,0.0114897257965472
17024,11615,0.0312047921368401
11154,11615,0.0762410097964492
11615,11615,1
11109,11615,0.144467769546223
17147,11615,0.0721438778771048
20036,11615,0.138900586596623
11043,11615,0.0733130382184167
10226,11615,0.115119778888896
11871,11615,0.119217987006395
10144,11615,0.00931207403924921
12868,11615,0.113848772751587
12867,11615,0.0739548466961676
11110,11615,0.110297109364148
11024,11615,0.139079720601017
12738,11615,0.149563571998874
12592,11615,0.748069943323708
12593,11615,0.139089990425948
100479,11615,0.0111922500926766
13001,11615,0.344265113927681
10351,11615,0.13628441005123
13000,11615,0.126409944450485
11989,11615,0.0126254865413363
100155,11615,0.0109489416444061
11044,11109,0.217659276169997
12295,11109,0.138039122594632
12862,11109,0.0155626420137109
12591,11109,0.462934653502131
12861,11109,0.013438188267818
11473,11109,0.0142374876806371
17024,11109,0.0386674017719913
11154,11109,0.226878099097511
11615,11109,0.144467769546223
11109,11109,1
17147,11109,0.209739228810229
20036,11109,0.463006792207802
11043,11109,0.187856162830252
10226,11109,0.23981842268162
11871,11109,0.488249911893428
10144,11109,0.0128808018422778
12868,11109,0.433749157472416
12867,11109,0.227957259646077
11110,11109,0.491555928376097
11024,11109,0.475784442761951
12738,11109,0.322111578978994
12592,11109,0.142708421024284
12593,11109,0.798596232764879
100479,11109,0.0106056070965528
13001,11109,0.171682832272454
10351,11109,0.476989079563183
13000,11109,0.516016254903039
11989,11109,0.0159400511427456
100155,11109,0.016650869665257
11044,17147,0.241657401374983
12295,17147,0.0731809990473737
12862,17147,0.012739914013833
12591,17147,0.176044847774398
12861,17147,0.0105592871168788
11473,17147,0.0109827036988291
17024,17147,0.0298277776242021
11154,17147,0.260080143128526
11615,17147,0.0721438778771048
11109,17147,0.209739228810229
17147,17147,1
20036,17147,0.171306525131509
11043,17147,0.217384376696481
10226,17147,0.140340535982792
11871,17147,0.167891323685863
10144,17147,0.0137213710301754
12868,17147,0.163537850519678
12867,17147,0.224529176217625
11110,17147,0.170493449492597
11024,17147,0.173883988072605
12738,17147,0.168449649142333
12592,17147,0.0729701849800391
12593,17147,0.197666468018318
100479,17147,0.00934982293829817
13001,17147,0.111069874834569
10351,17147,0.172605070266779
13000,17147,0.166331899910163
11989,17147,0.0124912252719209
100155,17147,0.0116890568217653
11044,20036,0.194230202830273
12295,20036,0.131926389914247
12862,20036,0.01498347641711
12591,20036,0.469264856254522
12861,20036,0.0116671937278438
11473,20036,0.0168807021820518
17024,20036,0.0450417555105259
11154,20036,0.212148008727266
11615,20036,0.138900586596623
11109,20036,0.463006792207802
17147,20036,0.171306525131509
20036,20036,1
11043,20036,0.152901733909413
10226,20036,0.246153757172755
11871,20036,0.415109854529571
10144,20036,0.0120569567714218
12868,20036,0.378988441608048
12867,20036,0.177278299656599
11110,20036,0.474667122119997
11024,20036,0.906195804997489
12738,20036,0.324216479492749
12592,20036,0.139003308009535
12593,20036,0.452015214289757
100479,20036,0.0108606156975129
13001,20036,0.171741506688548
10351,20036,0.864487030026342
13000,20036,0.443839913945859
11989,20036,0.0165046951062395
100155,20036,0.0129305196992985
11044,11043,0.471625969200978
12295,11043,0.0680205082720802
12862,11043,0.0120216352934785
12591,11043,0.167098499300799
12861,11043,0.0109360454776867
11473,11043,0.0150517453853308
17024,11043,0.0408788333475317
11154,11043,0.47271945722952
11615,11043,0.0733130382184167
11109,11043,0.187856162830252
17147,11043,0.217384376696481
20036,11043,0.152901733909413
11043,11043,1
10226,11043,0.141027338428803
11871,11043,0.177984293183346
10144,11043,0.0116083343827808
12868,11043,0.151399787188928
12867,11043,0.190905514084009
11110,11043,0.181523569048226
11024,11043,0.156636888021003
12738,11043,0.191958941425384
12592,11043,0.077034424585387
12593,11043,0.168356375345552
100479,11043,0.00950134573551136
13001,11043,0.100734895215154
10351,11043,0.157682375018139
13000,11043,0.149155116151715
11989,11043,0.013014776801259
100155,11043,0.0135951478636753
11044,10226,0.138362424861646
12295,10226,0.108357144344173
12862,10226,0.0220967872072544
12591,10226,0.238634346934607
12861,10226,0.0189697475840238
11473,10226,0.0227983123801139
17024,10226,0.0619176307154336
11154,10226,0.129386044234105
11615,10226,0.115119778888896
11109,10226,0.23981842268162
17147,10226,0.140340535982792
20036,10226,0.246153757172755
11043,10226,0.141027338428803
10226,10226,1
11871,10226,0.251334481678319
10144,10226,0.0160028287598762
12868,10226,0.256674338328027
12867,10226,0.184694746900691
11110,10226,0.245323297368812
11024,10226,0.241274939784815
12738,10226,0.332773574403406
12592,10226,0.117252975634595
12593,10226,0.22995343341111
100479,10226,0.0154960841088468
13001,10226,0.141007206138508
10351,10226,0.242402672926034
13000,10226,0.221040076589422
11989,10226,0.0207326302652763
100155,10226,0.0171622820291226
11044,11871,0.208434302691736
12295,11871,0.11307587125592
12862,11871,0.0164736359488494
12591,11871,0.414269111079811
12861,11871,0.0132080150595617
11473,11871,0.015496642695672
17024,11871,0.0420871239836414
11154,11871,0.220890247649306
11615,11871,0.119217987006395
11109,11871,0.488249911893428
17147,11871,0.167891323685863
20036,11871,0.415109854529571
11043,11871,0.177984293183346
10226,11871,0.251334481678319
11871,11871,1
10144,11871,0.0121326683899908
12868,11871,0.601418589395374
12867,11871,0.197957039472666
11110,11871,0.440449041634912
11024,11871,0.417833866382238
12738,11871,0.316286486565135
12592,11871,0.122989077490529
12593,11871,0.469741186119916
100479,11871,0.011475255641245
13001,11871,0.152816128861992
10351,11871,0.40831172407139
13000,11871,0.450159204672186
11989,11871,0.0148288716806976
100155,11871,0.0154901391110334
11044,10144,0.0133380316877864
12295,10144,0.00919829551726229
12862,10144,0.00994302031491076
12591,10144,0.0134966930566941
12861,10144,0.010653159803283
11473,10144,0.0083674988864073
17024,10144,0.0227251779615181
11154,10144,0.013290533940578
11615,10144,0.00931207403924921
11109,10144,0.0128808018422778
17147,10144,0.0137213710301754
20036,10144,0.0120569567714218
11043,10144,0.0116083343827808
10226,10144,0.0160028287598762
11871,10144,0.0121326683899908
10144,10144,1
12868,10144,0.0139433300019449
12867,10144,0.0131361707000019
11110,10144,0.0121952455513998
11024,10144,0.0120452543938499
12738,10144,0.0150865572684225
12592,10144,0.00938264371708757
12593,10144,0.0134148861666178
100479,10144,0.007671397137617
13001,10144,0.0098812863341007
10351,10144,0.0131491518806586
13000,10144,0.0118258651897728
11989,10144,0.0103582361826267
100155,10144,0.00975934511068826
11044,12868,0.181128135398937
12295,12868,0.107176560562155
12862,12868,0.0149951412506534
12591,12868,0.374371307837496
12861,12868,0.0145953459895974
11473,12868,0.0163010775735953
17024,12868,0.0442718778757461
11154,12868,0.204943620737532
11615,12868,0.113848772751587
11109,12868,0.433749157472416
17147,12868,0.163537850519678
20036,12868,0.378988441608048
11043,12868,0.151399787188928
10226,12868,0.256674338328027
11871,12868,0.601418589395374
10144,12868,0.0139433300019449
12868,12868,1
12867,12868,0.190388688730344
11110,12868,0.390813090408616
11024,12868,0.381341691315327
12738,12868,0.294212945122951
12592,12868,0.114394670006587
12593,12868,0.422754796536301
100479,12868,0.0111407976004809
13001,12868,0.145784096282624
10351,12868,0.38425576753621
13000,12868,0.395785628688172
11989,12868,0.0165175442285486
100155,12868,0.0126324770819047
11044,12867,0.219421782327237
12295,12867,0.0830957829721872
12862,12867,0.0152363326100991
12591,12867,0.18052304875976
12861,12867,0.0160165153316629
11473,12867,0.0130677782114732
17024,12867,0.0354906035183093
11154,12867,0.242751473680051
11615,12867,0.0739548466961676
11109,12867,0.227957259646077
17147,12867,0.224529176217625
20036,12867,0.177278299656599
11043,12867,0.190905514084009
10226,12867,0.184694746900691
11871,12867,0.197957039472666
10144,12867,0.0131361707000019
12868,12867,0.190388688730344
12867,12867,1
11110,12867,0.192036955826001
11024,12867,0.188151569956374
12738,12867,0.178890111308826
12592,12867,0.0797934655935972
12593,12867,0.221804602941236
100479,12867,0.0135780755306232
13001,12867,0.118552891807991
10351,12867,0.191300815883893
13000,12867,0.203455443675085
11989,12867,0.0147388379525261
100155,12867,0.0117734809608263
11044,11110,0.216721969909349
12295,11110,0.103297899797522
12862,11110,0.0145940227157295
12591,11110,0.73257310309129
12861,11110,0.0132761385805965
11473,11110,0.0173738669459559
17024,11110,0.0471854521388659
11154,11110,0.223448261460395
11615,11110,0.110297109364148
11109,11110,0.491555928376097
17147,11110,0.170493449492597
20036,11110,0.474667122119997
11043,11110,0.181523569048226
10226,11110,0.245323297368812
11871,11110,0.440449041634912
10144,11110,0.0121952455513998
12868,11110,0.390813090408616
12867,11110,0.192036955826001
11110,11110,1
11024,11110,0.479313857071294
12738,11110,0.307373272693505
12592,11110,0.114655921091922
12593,11110,0.461137641124535
100479,11110,0.0104359237486253
13001,11110,0.1648114966502
10351,11110,0.475800930671735
13000,11110,0.563332939174122
11989,11110,0.0157996764700357
100155,11110,0.0143244305779442
11044,11024,0.204897163544888
12295,11024,0.132108457054446
12862,11024,0.014968933584976
12591,11024,0.47546194583351
12861,11024,0.0116558696508983
11473,11024,0.0168643179190609
17024,11024,0.0449980383736497
11154,11024,0.224203212918185
11615,11024,0.139079720601017
11109,11024,0.475784442761951
17147,11024,0.173883988072605
20036,11024,0.906195804997489
11043,11024,0.156636888021003
10226,11024,0.241274939784815
11871,11024,0.417833866382238
10144,11024,0.0120452543938499
12868,11024,0.381341691315327
12867,11024,0.188151569956374
11110,11024,0.479313857071294
11024,11024,1
12738,11024,0.311924721668228
12592,11024,0.140133708255678
12593,11024,0.467134683194211
100479,11024,0.0108500744782015
13001,11024,0.175156073889427
10351,11024,0.882321435964109
13000,11024,0.455487934274227
11989,11024,0.016488675792452
100155,11024,0.0129179694491325
11044,12738,0.183915259918375
12295,12738,0.145655355638753
12862,12738,0.0208315948794147
12591,12738,0.314035005668129
12861,12738,0.0199430812761276
11473,12738,0.0226311265499033
17024,12738,0.0582286480694941
11154,12738,0.19133466465641
11615,12738,0.149563571998874
11109,12738,0.322111578978994
17147,12738,0.168449649142333
20036,12738,0.324216479492749
11043,12738,0.191958941425384
10226,12738,0.332773574403406
11871,12738,0.316286486565135
10144,12738,0.0150865572684225
12868,12738,0.294212945122951
12867,12738,0.178890111308826
11110,12738,0.307373272693505
11024,12738,0.311924721668228
12738,12738,1
12592,12738,0.149423513555943
12593,12738,0.317351150908409
100479,12738,0.017472351489379
13001,12738,0.212332556118365
10351,12738,0.312714482671665
13000,12738,0.30431456788463
11989,12738,0.0225221579484146
100155,12738,0.0227010029225207
11044,12592,0.0741117568774907
12295,12592,0.71364989502675
12862,12592,0.0133322184253629
12591,12592,0.116116563957923
12861,12592,0.0118770340605859
11473,12592,0.0115767983696921
17024,12592,0.0314412713700193
11154,12592,0.0796745039222149
11615,12592,0.748069943323708
11109,12592,0.142708421024284
17147,12592,0.0729701849800391
20036,12592,0.139003308009535
11043,12592,0.077034424585387
10226,12592,0.117252975634595
11871,12592,0.122989077490529
10144,12592,0.00938264371708757
12868,12592,0.114394670006587
12867,12592,0.0797934655935972
11110,12592,0.114655921091922
11024,12592,0.140133708255678
12738,12592,0.149423513555943
12592,12592,1
12593,12592,0.137607511910067
100479,12592,0.0112770683061055
13001,12592,0.376067742810665
10351,12592,0.138268603481306
13000,12592,0.136261437130165
11989,12592,0.0127211662485658
100155,12592,0.0110319159937573
11044,12593,0.19959544848718
12295,12593,0.132727960409267
12862,12593,0.0150039077765415
12591,12593,0.436956496687678
12861,12593,0.014019723633993
11473,12593,0.0148278250743275
17024,12593,0.0402706911791455
11154,12593,0.213841836289221
11615,12593,0.139089990425948
11109,12593,0.798596232764879
17147,12593,0.197666468018318
20036,12593,0.452015214289757
11043,12593,0.168356375345552
10226,12593,0.22995343341111
11871,12593,0.469741186119916
10144,12593,0.0134148861666178
12868,12593,0.422754796536301
12867,12593,0.221804602941236
11110,12593,0.461137641124535
11024,12593,0.467134683194211
12738,12593,0.317351150908409
12592,12593,0.137607511910067
12593,12593,1
100479,12593,0.0111473107829142
13001,12593,0.170670373811032
10351,12593,0.471046996669909
13000,12593,0.489358303094657
11989,12593,0.016527200788408
100155,12593,0.0160310449147157
11044,100479,0.0111451010949355
12295,100479,0.0110554988525248
12862,100479,0.350721849818279
12591,100479,0.0103946585662544
12861,100479,0.401474958160912
11473,100479,0.0128225015761008
17024,100479,0.0308926661246856
11154,100479,0.0100399803123979
11615,100479,0.0111922500926766
11109,100479,0.0106056070965528
17147,100479,0.00934982293829817
20036,100479,0.0108606156975129
11043,100479,0.00950134573551136
10226,100479,0.0154960841088468
11871,100479,0.011475255641245
10144,100479,0.007671397137617
12868,100479,0.0111407976004809
12867,100479,0.0135780755306232
11110,100479,0.0104359237486253
11024,100479,0.0108500744782015
12738,100479,0.017472351489379
12592,100479,0.0112770683061055
12593,100479,0.0111473107829142
100479,100479,1
13001,100479,0.0120616283452149
10351,100479,0.0119653003140596
13000,100479,0.0114392829645136
11989,100479,0.0191411420784069
100155,100479,0.0146197862142363
11044,13001,0.124660958870567
12295,13001,0.348904960402017
12862,13001,0.0137216538109908
12591,13001,0.158906693828187
12861,13001,0.0129574011728544
11473,13001,0.0151419254946035
17024,13001,0.0411237522963877
11154,13001,0.134612280177495
11615,13001,0.344265113927681
11109,13001,0.171682832272454
17147,13001,0.111069874834569
20036,13001,0.171741506688548
11043,13001,0.100734895215154
10226,13001,0.141007206138508
11871,13001,0.152816128861992
10144,13001,0.0098812863341007
12868,13001,0.145784096282624
12867,13001,0.118552891807991
11110,13001,0.1648114966502
11024,13001,0.175156073889427
12738,13001,0.212332556118365
12592,13001,0.376067742810665
12593,13001,0.170670373811032
100479,13001,0.0120616283452149
13001,13001,1
10351,13001,0.171030045837958
13000,13001,0.170970585782386
11989,13001,0.0123516535294292
100155,13001,0.0105800120969674
11044,10351,0.20269520093331
12295,10351,0.128401255926989
12862,10351,0.0155626420137109
12591,10351,0.47823503611788
12861,10351,0.0128539192126955
11473,10351,0.0175002452741165
17024,10351,0.0467231104744895
11154,10351,0.217746782415567
11615,10351,0.13628441005123
11109,10351,0.476989079563183
17147,10351,0.172605070266779
20036,10351,0.864487030026342
11043,10351,0.157682375018139
10226,10351,0.242402672926034
11871,10351,0.40831172407139
10144,10351,0.0131491518806586
12868,10351,0.38425576753621
12867,10351,0.191300815883893
11110,10351,0.475800930671735
11024,10351,0.882321435964109
12738,10351,0.312714482671665
12592,10351,0.138268603481306
12593,10351,0.471046996669909
100479,10351,0.0119653003140596
13001,10351,0.171030045837958
10351,10351,1
13000,10351,0.456641182423659
11989,10351,0.017711167936384
100155,10351,0.014184074159293
11044,13000,0.191430929398328
12295,13000,0.116146636496718
12862,13000,0.0158653165558867
12591,13000,0.524169925610695
12861,13000,0.0131666105217583
11473,13000,0.0160422200573305
17024,13000,0.0435688502203316
11154,13000,0.199796086926431
11615,13000,0.126409944450485
11109,13000,0.516016254903039
17147,13000,0.166331899910163
20036,13000,0.443839913945859
11043,13000,0.149155116151715
10226,13000,0.221040076589422
11871,13000,0.450159204672186
10144,13000,0.0118258651897728
12868,13000,0.395785628688172
12867,13000,0.203455443675085
11110,13000,0.563332939174122
11024,13000,0.455487934274227
12738,13000,0.30431456788463
12592,13000,0.136261437130165
12593,13000,0.489358303094657
100479,13000,0.0114392829645136
13001,13000,0.170970585782386
10351,13000,0.456641182423659
13000,13000,1
11989,13000,0.0177388632901837
100155,13000,0.0148239173392657
11044,11989,0.0136422827882893
12295,11989,0.0124712234639612
12862,11989,0.0246090661550009
12591,11989,0.0166279872491631
12861,11989,0.0159194975874049
11473,11989,0.0305312794134143
17024,11989,0.0365821288810637
11154,11989,0.0138222063404163
11615,11989,0.0126254865413363
11109,11989,0.0159400511427456
17147,11989,0.0124912252719209
20036,11989,0.0165046951062395
11043,11989,0.013014776801259
10226,11989,0.0207326302652763
11871,11989,0.0148288716806976
10144,11989,0.0103582361826267
12868,11989,0.0165175442285486
12867,11989,0.0147388379525261
11110,11989,0.0157996764700357
11024,11989,0.016488675792452
12738,11989,0.0225221579484146
12592,11989,0.0127211662485658
12593,11989,0.016527200788408
100479,11989,0.0191411420784069
13001,11989,0.0123516535294292
10351,11989,0.017711167936384
13000,11989,0.0177388632901837
11989,11989,1
100155,11989,0.0394406294728937
11044,100155,0.0110240771962504
12295,100155,0.010815163240973
12862,100155,0.0127433753868803
12591,100155,0.0133372816441203
12861,100155,0.0133959052013486
11473,100155,0.113969744744674
17024,100155,0.129288820644456
11154,100155,0.0113842676033955
11615,100155,0.0109489416444061
11109,100155,0.016650869665257
17147,100155,0.0116890568217653
20036,100155,0.0129305196992985
11043,100155,0.0135951478636753
10226,100155,0.0171622820291226
11871,100155,0.0154901391110334
10144,100155,0.00975934511068826
12868,100155,0.0126324770819047
12867,100155,0.0117734809608263
11110,100155,0.0143244305779442
11024,100155,0.0129179694491325
12738,100155,0.0227010029225207
12592,100155,0.0110319159937573
12593,100155,0.0160310449147157
100479,100155,0.0146197862142363
13001,100155,0.0105800120969674
10351,100155,0.014184074159293
13000,100155,0.0148239173392657
11989,100155,0.0394406294728937
100155,100155,1
