Var1,Var2,Freq
12742,12742,1
10688,12742,0.109604056840275
10647,12742,0.109304632053673
12566,12742,0.107128608405048
12485,12742,0.113490904472383
219,12742,0.109372427190974
12474,12742,0.426194866815031
12514,12742,0.405148196312237
72,12742,0.128695267887774
279,12742,0.190315436886747
12076,12742,0.105050750350165
227,12742,0.113738161787429
125,12742,0.406148804706218
130,12742,0.138901321421629
220,12742,0.129645844624387
214,12742,0.112653477398539
127,12742,0.0916297692896856
218,12742,0.140325769940958
106,12742,0.196841756959605
43,12742,0.176789306835399
61,12742,0.1092597523014
90,12742,0.117792303332752
103,12742,0.820879653648538
52,12742,0.134141704799565
50,12742,0.197987390392588
168,12742,0.140971436409782
128,12742,0.421951736543031
102,12742,0.156893254320818
216,12742,0.148805367308158
51,12742,0.160740063372279
105,12742,0.196534429353901
107,12742,0.139219544785295
108,12742,0.158201409225397
47,12742,0.105803802324001
215,12742,0.105274589994485
88,12742,0.163551076373354
10618,12742,0.169832751353953
12755,12742,0.126422078674153
12887,12742,0.183306299241224
10453,12742,0.173308087904878
11249,12742,0.137473843565657
11104,12742,0.154345795143129
10116,12742,0.150934030294286
100425,12742,0.106943807582572
10304,12742,0.151396364161885
10648,12742,0.104986203032027
226,12742,0.203253340675808
11430,12742,0.124323421025513
10577,12742,0.195695702303814
17005,12742,0.138903691023203
12853,12742,0.403151108117819
10728,12742,0.202446513373587
12688,12742,0.114793369902341
14037,12742,0.130041250394717
10283,12742,0.186305478510716
10627,12742,0.155787527149111
10628,12742,0.150881675052635
10209,12742,0.189839914483049
10621,12742,0.137365571750616
10031,12742,0.177529370195294
12173,12742,0.137983641450252
12163,12742,0.158285349668513
12202,12742,0.212425625337139
11929,12742,0.211971022360239
17106,12742,0.187305858835156
10651,12742,0.403186688467018
11298,12742,0.15367854926127
10626,12742,0.173130375647083
11296,12742,0.0934048028898061
17134,12742,0.034388415979842
12689,12742,0.154687781411455
10625,12742,0.176110295431757
11780,12742,0.10923733314608
11863,12742,0.159409534689089
11290,12742,0.0901056647933567
17052,12742,0.186813354451185
11299,12742,0.09299490085562
11923,12742,0.197129710104547
10364,12742,0.145634694256062
17061,12742,0.427651996202776
10624,12742,0.17802475368044
11427,12742,0.129957828221866
100872,12742,0.10313233501048
20166,12742,0.0955341611095701
10280,12742,0.091483496533955
12687,12742,0.137242792630806
10649,12742,0.108136087480958
17074,12742,0.0918003429082384
100868,12742,0.197859288228151
12744,12742,0.136456869510251
11300,12742,0.0930935273557701
11426,12742,0.130950944739749
10576,12742,0.160740063372279
10360,12742,0.0913089575128367
10439,12742,0.104889470785013
10654,12742,0.138006864049108
10623,12742,0.130336179556952
101276,12742,0.0938226799160037
100863,12742,0.185556358271451
20033,12742,0.14647680289092
20112,12742,0.158671411496972
101199,12742,0.206122037148251
104385,12742,0.401322671065728
100027,12742,0.128695267887774
104390,12742,0.102998871261651
10578,12742,0.205871518382265
101361,12742,0.101952505645703
10620,12742,0.136808169325834
102578,12742,0.112552538141219
100426,12742,0.10035949972033
102580,12742,0.10801910661384
12742,10688,0.109604056840275
10688,10688,1
10647,10688,0.38722699834898
12566,10688,0.437773888210502
12485,10688,0.347394373276221
219,10688,0.439397828710269
12474,10688,0.115133266412208
12514,10688,0.110319469702938
72,10688,0.0938595658870577
279,10688,0.128877644823733
12076,10688,0.330800951600887
227,10688,0.0834035620103292
125,10688,0.11077041825547
130,10688,0.0805412298921079
220,10688,0.0897177488050847
214,10688,0.352437345980642
127,10688,0.147930014279282
218,10688,0.108913550607951
106,10688,0.134029972624984
43,10688,0.130675275214854
61,10688,0.385532021379417
90,10688,0.0782805908322612
103,10688,0.110881377592675
52,10688,0.123124633013751
50,10688,0.11433568398269
168,10688,0.107759834864456
128,10688,0.11330659907986
102,10688,0.12158255264325
216,10688,0.108387280477478
51,10688,0.127108087500462
105,10688,0.128095395316577
107,10688,0.093310880070328
108,10688,0.095420265335698
47,10688,0.335406069256583
215,10688,0.887347228271975
88,10688,0.102853263313903
10618,10688,0.135258102705229
12755,10688,0.0886797369245869
12887,10688,0.124416897802268
10453,10688,0.115863826787611
11249,10688,0.0897227575337775
11104,10688,0.100035728481309
10116,10688,0.113950944496095
100425,10688,0.090455113813471
10304,10688,0.0993362921066878
10648,10688,0.332515314506098
226,10688,0.103171330234181
11430,10688,0.0764979100151184
10577,10688,0.135511105478994
17005,10688,0.0965615476504159
12853,10688,0.107123841114184
10728,10688,0.118125394311278
12688,10688,0.083241755140024
14037,10688,0.0956794767630848
10283,10688,0.126993005460117
10627,10688,0.104929768298514
10628,10688,0.107097074021166
10209,10688,0.109001515468441
10621,10688,0.0953877762153685
10031,10688,0.122376874098431
12173,10688,0.0837912637261173
12163,10688,0.100730585288306
12202,10688,0.106390504598483
11929,10688,0.107402077580462
17106,10688,0.109988056051072
10651,10688,0.112211821533089
11298,10688,0.120654148397987
10626,10688,0.101209496325296
11296,10688,0.154042955464271
17134,10688,0.0364510497206899
12689,10688,0.0928094944301848
10625,10688,0.105765252130054
11780,10688,0.386220748035283
11863,10688,0.127714395605619
11290,10688,0.10405359362022
17052,10688,0.124509433453702
11299,10688,0.153678676905398
11923,10688,0.112747579167897
10364,10688,0.102820518479565
17061,10688,0.115430385013124
10624,10688,0.0946669385044478
11427,10688,0.0956180978558187
100872,10688,0.435177621926578
20166,10688,0.155243842254936
10280,10688,0.151370452308458
12687,10688,0.0932530008876244
10649,10688,0.440169835995861
17074,10688,0.131213274683498
100868,10688,0.111730851429505
12744,10688,0.117711673613525
11300,10688,0.153841662078901
11426,10688,0.0946043901255386
10576,10688,0.127108087500462
10360,10688,0.104800884365709
10439,10688,0.339172171763513
10654,10688,0.125462485244395
10623,10688,0.101367289855026
101276,10688,0.103593968137632
100863,10688,0.129441208504696
20033,10688,0.109981822835595
20112,10688,0.102304500683436
101199,10688,0.119008230942664
104385,10688,0.111623926871834
100027,10688,0.0942522837359576
104390,10688,0.0844288621184763
10578,10688,0.11959259683588
101361,10688,0.0833965563813801
10620,10688,0.0928292907689556
102578,10688,0.352529170495326
100426,10688,0.0863762010885684
102580,10688,0.340291688543233
12742,10647,0.109304632053673
10688,10647,0.38722699834898
10647,10647,1
12566,10647,0.36825751525252
12485,10647,0.374381308846899
219,10647,0.368263416494272
12474,10647,0.107595884844728
12514,10647,0.109791520674109
72,10647,0.128941685897776
279,10647,0.129889695720975
12076,10647,0.391135030437558
227,10647,0.0871529390365782
125,10647,0.1119084623234
130,10647,0.0967937574994362
220,10647,0.0975575912746209
214,10647,0.37733274304644
127,10647,0.131441146840917
218,10647,0.142181812116099
106,10647,0.145145979036654
43,10647,0.131074685161356
61,10647,0.99055449831593
90,10647,0.0990148184614475
103,10647,0.108177078253172
52,10647,0.163665159162282
50,10647,0.11418216885627
168,10647,0.102739956086733
128,10647,0.105306238284517
102,10647,0.125319351924254
216,10647,0.12926160558196
51,10647,0.145002749203487
105,10647,0.13331824275255
107,10647,0.0911346482671425
108,10647,0.0937198062595244
47,10647,0.385799505363383
215,10647,0.398956430679814
88,10647,0.10494246079827
10618,10647,0.133493194973776
12755,10647,0.100110543795611
12887,10647,0.129161055562521
10453,10647,0.113159674351448
11249,10647,0.0828122587741268
11104,10647,0.100273734142461
10116,10647,0.122337448111153
100425,10647,0.103995828029786
10304,10647,0.0999398537563003
10648,10647,0.389664183197871
226,10647,0.130401931990385
11430,10647,0.0985955126505371
10577,10647,0.15217331999099
17005,10647,0.0966880245461911
12853,10647,0.108020544158012
10728,10647,0.114848390837267
12688,10647,0.0877949623028086
14037,10647,0.132103355056542
10283,10647,0.119001560999655
10627,10647,0.109256396985363
10628,10647,0.110343063094005
10209,10647,0.102860635282327
10621,10647,0.0933772821266257
10031,10647,0.122241168105609
12173,10647,0.0860108738047417
12163,10647,0.102259106616256
12202,10647,0.129278684839108
11929,10647,0.131210959783042
17106,10647,0.120739651691269
10651,10647,0.112636206234828
11298,10647,0.127160780299624
10626,10647,0.115301203502763
11296,10647,0.133881575937047
17134,10647,0.522533095808895
12689,10647,0.092198065531573
10625,10647,0.114052962005875
11780,10647,0.997331332656461
11863,10647,0.157768378802329
11290,10647,0.10542662806236
17052,10647,0.119325963857762
11299,10647,0.205654699779712
11923,10647,0.106395654866947
10364,10647,0.132288611980959
17061,10647,0.10787355210603
10624,10647,0.105932043192032
11427,10647,0.132018610032281
100872,10647,0.353730460108932
20166,10647,0.209943252827796
10280,10647,0.205698266076098
12687,10647,0.0919023553354537
10649,10647,0.364230842620535
17074,10647,0.130762520457978
100868,10647,0.104089170768099
12744,10647,0.154974436656279
11300,10647,0.205872808547958
11426,10647,0.131405309610746
10576,10647,0.15665475583591
10360,10647,0.10221958520853
10439,10647,0.38453649772246
10654,10647,0.175434271891896
10623,10647,0.0957336457076972
101276,10647,0.103615284566393
100863,10647,0.12506617078018
20033,10647,0.110467988658757
20112,10647,0.103100745353838
101199,10647,0.119910871473659
104385,10647,0.112020971973953
100027,10647,0.1293616913893
104390,10647,0.0945951022026145
10578,10647,0.122823223807135
101361,10647,0.0958687130679832
10620,10647,0.0914524390748792
102578,10647,0.382730653669929
100426,10647,0.099184770878935
102580,10647,0.385344579268575
12742,12566,0.107128608405048
10688,12566,0.437773888210502
10647,12566,0.36825751525252
12566,12566,1
12485,12566,0.315079624377799
219,12566,0.92212491107515
12474,12566,0.100020252555925
12514,12566,0.106583767973335
72,12566,0.0976719116342502
279,12566,0.127803424426093
12076,12566,0.309735821301788
227,12566,0.0780172106456001
125,12566,0.110301504439078
130,12566,0.0810996403909622
220,12566,0.0854922816706269
214,12566,0.321347072673316
127,12566,0.129927929565844
218,12566,0.105261364797389
106,12566,0.133340301509099
43,12566,0.126454370686597
61,12566,0.36591084609842
90,12566,0.0735179115160486
103,12566,0.103671840259636
52,12566,0.112144209908445
50,12566,0.11147612678635
168,12566,0.105470650693905
128,12566,0.0983114874420128
102,12566,0.112917952688179
216,12566,0.0939945309693535
51,12566,0.124197739963448
105,12566,0.124929681793668
107,12566,0.0940600976062599
108,12566,0.0935241169917644
47,12566,0.313026992956707
215,12566,0.435899044956309
88,12566,0.0968826064778526
10618,12566,0.142149573967002
12755,12566,0.0852254065948792
12887,12566,0.1231913505072
10453,12566,0.106657279017223
11249,12566,0.0835450669558348
11104,12566,0.0956981328024679
10116,12566,0.109837052489738
100425,12566,0.0961073344062835
10304,12566,0.0942836756179761
10648,12566,0.308449124271978
226,12566,0.101032336598652
11430,12566,0.0751379870831877
10577,12566,0.137199448971849
17005,12566,0.097512585837388
12853,12566,0.107547089441365
10728,12566,0.115120230030418
12688,12566,0.0800523618655491
14037,12566,0.0993937650732431
10283,12566,0.124853622901711
10627,12566,0.0875365376814077
10628,12566,0.0915861036586119
10209,12566,0.0977579616552778
10621,12566,0.0960264502482653
10031,12566,0.12084673339417
12173,12566,0.0802461490072409
12163,12566,0.0971112839997591
12202,12566,0.102168742871477
11929,12566,0.104311874207426
17106,12566,0.113118670900916
10651,12566,0.111671142310082
11298,12566,0.114971659197335
10626,12566,0.108602977412462
11296,12566,0.134287752597429
17134,12566,0.034066334961632
12689,12566,0.0943589776081059
10625,12566,0.111238761087333
11780,12566,0.368030778946622
11863,12566,0.125935758642129
11290,12566,0.105575809279854
17052,12566,0.123653129738213
11299,12566,0.148299206370147
11923,12566,0.101117617251954
10364,12566,0.0957679169217909
17061,12566,0.100278369765909
10624,12566,0.103990213193706
11427,12566,0.0993300034297261
100872,12566,0.896900537133215
20166,12566,0.146814394453651
10280,12566,0.143497795070787
12687,12566,0.0947361423971672
10649,12566,0.969993476842792
17074,12566,0.123257435011696
100868,12566,0.100162121796715
12744,12566,0.110687004539633
11300,12566,0.148456486302324
11426,12566,0.098378123966277
10576,12566,0.123428713709804
10360,12566,0.106655864534101
10439,12566,0.312571371611634
10654,12566,0.115840693439912
10623,12566,0.0997090687472754
101276,12566,0.10630842708982
100863,12566,0.128724399299632
20033,12566,0.107989864435599
20112,12566,0.0963613899148189
101199,12566,0.115226463610767
104385,12566,0.111102242483373
100027,12566,0.0976719116342502
104390,12566,0.0881146291311925
10578,12566,0.116839962108881
101361,12566,0.0879681375433823
10620,12566,0.0943299606672928
102578,12566,0.319220476575486
100426,12566,0.0875065190270642
102580,12566,0.309225422529175
12742,12485,0.113490904472383
10688,12485,0.347394373276221
10647,12485,0.374381308846899
12566,12485,0.315079624377799
12485,12485,1
219,12485,0.314771779043545
12474,12485,0.113497112621438
12514,12485,0.120919731789372
72,12485,0.123554430404787
279,12485,0.134669670432359
12076,12485,0.533759286150251
227,12485,0.0940236969927814
125,12485,0.122211952256882
130,12485,0.0976316738157066
220,12485,0.094640855450049
214,12485,0.954490845276191
127,12485,0.153537361173952
218,12485,0.0997707193265547
106,12485,0.13974631985113
43,12485,0.119939708320239
61,12485,0.378295281580407
90,12485,0.113620541116237
103,12485,0.11156598182765
52,12485,0.116026189227964
50,12485,0.105876606091711
168,12485,0.107071481174744
128,12485,0.112740363437152
102,12485,0.121326803700466
216,12485,0.10862017684587
51,12485,0.129516915306752
105,12485,0.133870787448001
107,12485,0.102929222838393
108,12485,0.101904349748707
47,12485,0.52725498411034
215,12485,0.344769991736079
88,12485,0.0964296923907209
10618,12485,0.131301290775941
12755,12485,0.0923331406432297
12887,12485,0.116340658392602
10453,12485,0.114861612434184
11249,12485,0.0876659817314148
11104,12485,0.0951637778158847
10116,12485,0.12488724769686
100425,12485,0.0962986989277727
10304,12485,0.0960772662368383
10648,12485,0.530587439750258
226,12485,0.109721935230587
11430,12485,0.10181277539254
10577,12485,0.146239180029383
17005,12485,0.105955883627691
12853,12485,0.11671907212897
10728,12485,0.109286386901087
12688,12485,0.0958991441036053
14037,12485,0.129599937669347
10283,12485,0.116587805577674
10627,12485,0.0893415898815325
10628,12485,0.0947482154673437
10209,12485,0.111870082402568
10621,12485,0.102267113506844
10031,12485,0.11166535935476
12173,12485,0.0950050084218946
12163,12485,0.0954504780327934
12202,12485,0.113577091442669
11929,12485,0.110270948085558
17106,12485,0.111891577314652
10651,12485,0.12211210587399
11298,12485,0.130133415802889
10626,12485,0.101618119665201
11296,12485,0.17508939550269
17134,12485,0.0304447061129448
12689,12485,0.102427149432727
10625,12485,0.105529299905294
11780,12485,0.376590916045589
11863,12485,0.138713590537618
11290,12485,0.0937131764024772
17052,12485,0.115192725464259
11299,12485,0.149570930290604
11923,12485,0.115714730368631
10364,12485,0.11301301680309
17061,12485,0.11379000888297
10624,12485,0.101209739769203
11427,12485,0.129516798601022
100872,12485,0.304301573621614
20166,12485,0.148295555821623
10280,12485,0.147949548114178
12687,12485,0.103681769443463
10649,12485,0.31798024232374
17074,12485,0.170584705858461
100868,12485,0.111346407391033
12744,12485,0.106173918350432
11300,12485,0.149729558959951
11426,12485,0.12890719993022
10576,12485,0.135928643787284
10360,12485,0.094141699258665
10439,12485,0.531598041351505
10654,12485,0.111027747157842
10623,12485,0.0961214608024316
101276,12485,0.102629149266314
100863,12485,0.12088577398378
20033,12485,0.101885934754566
20112,12485,0.0954504780327934
101199,12485,0.110662503458733
104385,12485,0.121483398639066
100027,12485,0.123970438587968
104390,12485,0.0875431347330625
10578,12485,0.133087954289609
101361,12485,0.0878700126843184
10620,12485,0.103230907283913
102578,12485,0.953574113755779
100426,12485,0.0924619312961049
102580,12485,0.530514925297007
12742,219,0.109372427190974
10688,219,0.439397828710269
10647,219,0.368263416494272
12566,219,0.92212491107515
12485,219,0.314771779043545
219,219,1
12474,219,0.104763066514789
12514,219,0.105750318845865
72,219,0.0968287697809495
279,219,0.124767317974025
12076,219,0.307971883276191
227,219,0.0772125643074552
125,219,0.108004455966042
130,219,0.0794395169056888
220,219,0.0861234699010924
214,219,0.320309241100858
127,219,0.128378508261255
218,219,0.104420565726123
106,219,0.1324075527107
43,219,0.125171821386948
61,219,0.366649996647202
90,219,0.077028817277564
103,219,0.10489413403269
52,219,0.112774143129544
50,219,0.109925563439717
168,219,0.105765215261296
128,219,0.102350819866942
102,219,0.112388268144391
216,219,0.0920469100936021
51,219,0.125228806154589
105,219,0.124398415208744
107,219,0.0943352604170933
108,219,0.092691210522705
47,219,0.321123707473039
215,219,0.441261304060914
88,219,0.0986636837475302
10618,219,0.140768612185331
12755,219,0.0858636815225826
12887,219,0.121527777777778
10453,219,0.107801739406516
11249,219,0.0830734240248084
11104,219,0.09560463191761
10116,219,0.10931251398176
100425,219,0.0968745407440066
10304,219,0.094939108751501
10648,219,0.308147757200244
226,219,0.0993807989999907
11430,219,0.0735707519053483
10577,219,0.135855999064061
17005,219,0.0977835426565345
12853,219,0.105256750400257
10728,219,0.113547337072602
12688,219,0.079243790010038
14037,219,0.0985500620295462
10283,219,0.123964056644431
10627,219,0.0897126750774243
10628,219,0.0941108095438973
10209,219,0.10053487318375
10621,219,0.0962987836551267
10031,219,0.119190716595273
12173,219,0.0837752938652438
12163,219,0.0988893059313605
12202,219,0.100492565967075
11929,219,0.103816712232267
17106,219,0.111624376198283
10651,219,0.109374544273682
11298,219,0.1127709759044
10626,219,0.107659054328402
11296,219,0.132015752137426
17134,219,0.0340330507964189
12689,219,0.0931577641296325
10625,219,0.110294511905935
11780,219,0.367671198226719
11863,219,0.128505952927678
11290,219,0.10587369423249
17052,219,0.122762643959681
11299,219,0.149639568404795
11923,219,0.103989963118459
10364,219,0.0956743478550707
17061,219,0.105033423265019
10624,219,0.103054163944636
11427,219,0.0984868416261429
100872,219,0.915906906220663
20166,219,0.147043212243378
10280,219,0.144843162914997
12687,219,0.0950104170021064
10649,219,0.92212491107515
17074,219,0.123137007591626
100868,219,0.103029126362615
12744,219,0.111318516849747
11300,219,0.150541685600212
11426,219,0.0975346129532394
10576,219,0.123692256385821
10360,219,0.106551657509187
10439,219,0.316658933239445
10654,219,0.116469355500233
10623,219,0.0988334330103946
101276,219,0.105006763741
100863,219,0.12706312440277
20033,219,0.108282451287061
20112,219,0.0981401445227896
101199,219,0.113656745012841
104385,219,0.108810208720971
100027,219,0.0968287697809495
104390,219,0.0888790549030702
10578,219,0.117547817525241
101361,219,0.0887312924485924
10620,219,0.0946044805743025
102578,219,0.321085435876537
100426,219,0.0882865763449674
102580,219,0.312221410474067
12742,12474,0.426194866815031
10688,12474,0.115133266412208
10647,12474,0.107595884844728
12566,12474,0.100020252555925
12485,12474,0.113497112621438
219,12474,0.104763066514789
12474,12474,1
12514,12474,0.445805883974382
72,12474,0.145335771527338
279,12474,0.210268067127913
12076,12474,0.114082126951304
227,12474,0.133462112630563
125,12474,0.44646685870933
130,12474,0.133911540172847
220,12474,0.120703088165166
214,12474,0.114559008679144
127,12474,0.0898977588893595
218,12474,0.162250757248024
106,12474,0.20669374888809
43,12474,0.180141123404103
61,12474,0.107551706692653
90,12474,0.117967737061252
103,12474,0.427378135111781
52,12474,0.15041642263139
50,12474,0.195234166241118
168,12474,0.145280206537717
128,12474,0.93448530495327
102,12474,0.164806635726719
216,12474,0.167545685440803
51,12474,0.170957220495041
105,12474,0.206887857315674
107,12474,0.162578745959985
108,12474,0.165793471857063
47,12474,0.114082126951304
215,12474,0.112108701256458
88,12474,0.169745379698757
10618,12474,0.182499548212185
12755,12474,0.128370177142337
12887,12474,0.190138370811831
10453,12474,0.190099618304629
11249,12474,0.152032121882183
11104,12474,0.168186684791586
10116,12474,0.159535698012144
100425,12474,0.12393193039217
10304,12474,0.166345953888719
10648,12474,0.114012030399708
226,12474,0.207404076821078
11430,12474,0.125346680174861
10577,12474,0.205959003102498
17005,12474,0.164154858890632
12853,12474,0.44410001536199
10728,12474,0.216002384124617
12688,12474,0.134980655722013
14037,12474,0.144721356491035
10283,12474,0.187108160014917
10627,12474,0.16255100850727
10628,12474,0.157080016927991
10209,12474,0.208608891064796
10621,12474,0.164121050866611
10031,12474,0.182955527909294
12173,12474,0.124745267651903
12163,12474,0.171080551844062
12202,12474,0.218499799694977
11929,12474,0.212602277007026
17106,12474,0.197440167168901
10651,12474,0.442616925501214
11298,12474,0.173459111309571
10626,12474,0.193105192488343
11296,12474,0.0909540531294957
17134,12474,0.0269340143684553
12689,12474,0.165305535418245
10625,12474,0.199243013755618
11780,12474,0.107529638013505
11863,12474,0.167551153231
11290,12474,0.100953009749779
17052,12474,0.189253241299666
11299,12474,0.0859774735856191
11923,12474,0.215778169316051
10364,12474,0.165329105120852
17061,12474,0.980857455064674
10624,12474,0.195431230064877
11427,12474,0.144628516949892
100872,12474,0.0934750191951132
20166,12474,0.089359989708154
10280,12474,0.088362540999626
12687,12474,0.160919360057785
10649,12474,0.100020252555925
17074,12474,0.09272162039582
100868,12474,0.214928817373795
12744,12474,0.156733054154605
11300,12474,0.0860686576960755
11426,12474,0.146067252804609
10576,12474,0.166061070982057
10360,12474,0.0894371988772212
10439,12474,0.114316719275853
10654,12474,0.159559928269088
10623,12474,0.128533797364614
101276,12474,0.0928736310383038
100863,12474,0.187558241857741
20033,12474,0.145456925015086
20112,12474,0.171876275341011
101199,12474,0.212809050847799
104385,12474,0.44141932666992
100027,12474,0.142953217895742
104390,12474,0.119246009255936
10578,12474,0.209108090113051
101361,12474,0.115440253468508
10620,12474,0.160073929624889
102578,12474,0.113680542418084
100426,12474,0.121354314154894
102580,12474,0.112877626665
12742,12514,0.405148196312237
10688,12514,0.110319469702938
10647,12514,0.109791520674109
12566,12514,0.106583767973335
12485,12514,0.120919731789372
219,12514,0.105750318845865
12474,12514,0.445805883974382
12514,12514,1
72,12514,0.149512590100433
279,12514,0.217105287390463
12076,12514,0.119910168555662
227,12514,0.110975195327991
125,12514,0.936031240721519
130,12514,0.146103081490897
220,12514,0.132506556915293
214,12514,0.122849593912975
127,12514,0.103975383125884
218,12514,0.164094872944292
106,12514,0.222489190842819
43,12514,0.203406261796883
61,12514,0.109746441008619
90,12514,0.115989188885476
103,12514,0.406633791794632
52,12514,0.157397631251665
50,12514,0.188951181991791
168,12514,0.154559461071052
128,12514,0.442409448031207
102,12514,0.181333643804604
216,12514,0.17046934371019
51,12514,0.181164723311049
105,12514,0.21086475452281
107,12514,0.150907871137121
108,12514,0.1628131621609
47,12514,0.120728667999728
215,12514,0.109847007276218
88,12514,0.182808225841215
10618,12514,0.199434489794669
12755,12514,0.12892232542383
12887,12514,0.205720160493004
10453,12514,0.190701544847072
11249,12514,0.141994253076187
11104,12514,0.17612701033856
10116,12514,0.183214379894251
100425,12514,0.135530910950923
10304,12514,0.175440701708536
10648,12514,0.119836491025784
226,12514,0.206132162482195
11430,12514,0.135128323846449
10577,12514,0.226251540278579
17005,12514,0.14769367801634
12853,12514,0.946145139579449
10728,12514,0.209816108860844
12688,12514,0.111270312457274
14037,12514,0.149706583975794
10283,12514,0.210665896794335
10627,12514,0.164259822803911
10628,12514,0.155627667092505
10209,12514,0.221623189568248
10621,12514,0.150534490265251
10031,12514,0.203295438705835
12173,12514,0.127973318763376
12163,12514,0.181693000584979
12202,12514,0.210138489816739
11929,12514,0.209248258790462
17106,12514,0.208751662533991
10651,12514,0.917296322985299
11298,12514,0.190896794841649
10626,12514,0.207417122806155
11296,12514,0.107118312728502
17134,12514,0.0269115124116361
12689,12514,0.152395180750018
10625,12514,0.214816462591991
11780,12514,0.109723921988989
11863,12514,0.177573802501153
11290,12514,0.0853576873838882
17052,12514,0.208653565726124
11299,12514,0.0935898643562299
11923,12514,0.227991602036814
10364,12514,0.168184986499569
17061,12514,0.446956352684722
10624,12514,0.220137686046409
11427,12514,0.149610546383974
100872,12514,0.0971251157565262
20166,12514,0.0954966786541012
10280,12514,0.0961059490337667
12687,12514,0.15081426550144
10649,12514,0.107313793781372
17074,12514,0.104151447668907
100868,12514,0.228340427471096
12744,12514,0.160745024918953
11300,12514,0.0936891218497704
11426,12514,0.151122927644047
10576,12514,0.179873763287455
10360,12514,0.0786803920651104
10439,12514,0.11933656278809
10654,12514,0.166206082962093
10623,12514,0.142971313464024
101276,12514,0.0778243805692096
100863,12514,0.200822937751715
20033,12514,0.160098964221573
20112,12514,0.186308758105613
101199,12514,0.199551215865229
104385,12514,0.928253049407985
100027,12514,0.148674984553652
104390,12514,0.13576971323782
10578,12514,0.213634513734044
101361,12514,0.132690436743297
10620,12514,0.151162726706815
102578,12514,0.122334437857573
100426,12514,0.133322086271729
102580,12514,0.119459577523141
12742,72,0.128695267887774
10688,72,0.0938595658870577
10647,72,0.128941685897776
12566,72,0.0976719116342502
12485,72,0.123554430404787
219,72,0.0968287697809495
12474,72,0.145335771527338
12514,72,0.149512590100433
72,72,1
279,72,0.135173600451589
12076,72,0.115802633960044
227,72,0.114193300010327
125,72,0.145832750836846
130,72,0.377650204937527
220,72,0.124768203429143
214,72,0.128027355732827
127,72,0.0890363766607083
218,72,0.183490407020985
106,72,0.147920958569216
43,72,0.123348030320299
61,72,0.125949912021771
90,72,0.207382052077277
103,72,0.130350265826591
52,72,0.206806659324654
50,72,0.116313745858151
168,72,0.11096687505713
128,72,0.144066206823981
102,72,0.15171293149317
216,72,0.196083579612251
51,72,0.176911829747008
105,72,0.143339856311958
107,72,0.13405836264982
108,72,0.13966842971361
47,72,0.12335497965309
215,72,0.0946307037757364
88,72,0.124516034781422
10618,72,0.133616192882411
12755,72,0.124716784585305
12887,72,0.125837245784251
10453,72,0.136715545235368
11249,72,0.10660690278367
11104,72,0.123954606965997
10116,72,0.155731982913081
100425,72,0.121148790956247
10304,72,0.121056023393782
10648,72,0.116150797218652
226,72,0.11369164768908
11430,72,0.425048496551221
10577,72,0.144916927832955
17005,72,0.132071775300729
12853,72,0.144728504774993
10728,72,0.121601917665737
12688,72,0.109044738160351
14037,72,0.959486610741098
10283,72,0.127825387156758
10627,72,0.102600873254035
10628,72,0.103366990584101
10209,72,0.146802875525548
10621,72,0.132885623099901
10031,72,0.123641603782427
12173,72,0.180460269762594
12163,72,0.124328045405702
12202,72,0.12944511024052
11929,72,0.118780446681555
17106,72,0.133496561954403
10651,72,0.147388475451904
11298,72,0.152061299725223
10626,72,0.131342701815224
11296,72,0.089741640970404
17134,72,0.0268240661612245
12689,72,0.138832815075133
10625,72,0.130510286093578
11780,72,0.126763561978096
11863,72,0.178076941178527
11290,72,0.0976440675702358
17052,72,0.127289886560703
11299,72,0.113861925431523
11923,72,0.151848061554557
10364,72,0.200743565547724
17061,72,0.14571083220654
10624,72,0.133210742307189
11427,72,0.956728844847906
100872,72,0.0860991197266441
20166,72,0.114152389998975
10280,72,0.10962065117843
12687,72,0.136081736918515
10649,72,0.0976719116342502
17074,72,0.0900693970996305
100868,72,0.149399174977012
12744,72,0.204301640329118
11300,72,0.11227507689248
11426,72,0.959227556155722
10576,72,0.178235359645365
10360,72,0.0884569822246769
10439,72,0.120665577309912
10654,72,0.208313178095311
10623,72,0.104571149777137
101276,72,0.088041739691742
100863,72,0.124327301111347
20033,72,0.11841720335426
20112,72,0.124328045405702
101199,72,0.119655458363211
104385,72,0.14753634554646
100027,72,0.993988836410477
104390,72,0.105006809477933
10578,72,0.141138528997298
101361,72,0.104344642657235
10620,72,0.135604384779479
102578,72,0.128337600183853
100426,72,0.109845594423861
102580,72,0.121631703917781
12742,279,0.190315436886747
10688,279,0.128877644823733
10647,279,0.129889695720975
12566,279,0.127803424426093
12485,279,0.134669670432359
219,279,0.124767317974025
12474,279,0.210268067127913
12514,279,0.217105287390463
72,279,0.135173600451589
279,279,1
12076,279,0.140491738249526
227,279,0.172634193760683
125,279,0.216772263076634
130,279,0.180264226447899
220,279,0.114141948326516
214,279,0.137798109062114
127,279,0.128579684177195
218,279,0.159337171216059
106,279,0.43265533316339
43,279,0.132280903238163
61,279,0.129836363878973
90,279,0.106194873211424
103,279,0.195314601292835
52,279,0.151168210172792
50,279,0.164847620912588
168,279,0.132079484466249
128,279,0.207815373130222
102,279,0.159662617632865
216,279,0.151268678439465
51,279,0.273855605809139
105,279,0.418246241706151
107,279,0.162731339868431
108,279,0.180951715324442
47,279,0.139558238327602
215,279,0.124410682294935
88,279,0.155291392492448
10618,279,0.531610768813956
12755,279,0.111544641127154
12887,279,0.12815605994369
10453,279,0.158468542835975
11249,279,0.132545485549562
11104,279,0.143617135463459
10116,279,0.163113840651479
100425,279,0.127069088481529
10304,279,0.143740359111579
10648,279,0.140405414592682
226,279,0.14036206548258
11430,279,0.129780268591564
10577,279,0.424916567297405
17005,279,0.164701655977998
12853,279,0.20660264698044
10728,279,0.15439930973481
12688,279,0.173559839813912
14037,279,0.134493990517111
10283,279,0.130919794510858
10627,279,0.135326847785287
10628,279,0.125963201868283
10209,279,0.217439199680282
10621,279,0.159054062544333
10031,279,0.131157398689114
12173,279,0.190508084269832
12163,279,0.148356948479391
12202,279,0.152558770433327
11929,279,0.151227452376298
17106,279,0.41016038742715
10651,279,0.213334589200916
11298,279,0.165423065496109
10626,279,0.244587598857076
11296,279,0.129918107744462
17134,279,0.0264297585605032
12689,279,0.181836072061187
10625,279,0.247133581679778
11780,279,0.129809722581087
11863,279,0.281172993464139
11290,279,0.138852667449741
17052,279,0.131276686934499
11299,279,0.0906098818608905
11923,279,0.2225394609234
10364,279,0.146682246522361
17061,279,0.210810695300197
10624,279,0.243071605676714
11427,279,0.134407711887137
100872,279,0.12326435883037
20166,279,0.0951214972714987
10280,279,0.0906290768366086
12687,279,0.164973777858686
10649,279,0.127803424426093
17074,279,0.133292970688789
100868,279,0.218755002364143
12744,279,0.155924963766941
11300,279,0.0907059789097043
11426,279,0.135115598474899
10576,279,0.273364825153567
10360,279,0.117777335405225
10439,279,0.1412483476328
10654,279,0.157333391332602
10623,279,0.114340160240303
101276,279,0.123956297366154
100863,279,0.129968529864635
20033,279,0.127662602116354
20112,279,0.152185514891762
101199,279,0.1573106467702
104385,279,0.212013782290017
100027,279,0.134695955220311
104390,279,0.132026226744359
10578,279,0.404333810153434
101361,279,0.130179488018527
10620,279,0.163968657199767
102578,279,0.137668500351871
100426,279,0.122749089344997
102580,279,0.140925757628381
12742,12076,0.105050750350165
10688,12076,0.330800951600887
10647,12076,0.391135030437558
12566,12076,0.309735821301788
12485,12076,0.533759286150251
219,12076,0.307971883276191
12474,12076,0.114082126951304
12514,12076,0.119910168555662
72,12076,0.115802633960044
279,12076,0.140491738249526
12076,12076,1
227,12076,0.0952385427616028
125,12076,0.124897719146433
130,12076,0.0891540958400985
220,12076,0.102270260587015
214,12076,0.53495429447145
127,12076,0.152059936305508
218,12076,0.11097856523299
106,12076,0.144997126593602
43,12076,0.124436607874495
61,12076,0.388512894077399
90,12076,0.108965437302217
103,12076,0.106209332245122
52,12076,0.122830469875248
50,12076,0.108806752046592
168,12076,0.103080829910514
128,12076,0.113706924348114
102,12076,0.127544043538691
216,12076,0.117882320025531
51,12076,0.140542911396379
105,12076,0.138692479531778
107,12076,0.0992802077874126
108,12076,0.0948720091232881
47,12076,0.965969659696597
215,12076,0.318302866361739
88,12076,0.107782002649972
10618,12076,0.137073541463654
12755,12076,0.102437217955003
12887,12076,0.121667904504174
10453,12076,0.126123052707092
11249,12076,0.0857913070645203
11104,12076,0.108553401882885
10116,12076,0.125021457597479
100425,12076,0.098573916356902
10304,12076,0.112841387947571
10648,12076,0.990780764892995
226,12076,0.105434462957207
11430,12076,0.0984943993918071
10577,12076,0.147040505195552
17005,12076,0.102343097888781
12853,12076,0.117310994732103
10728,12076,0.111862344423403
12688,12076,0.0967213195983375
14037,12076,0.118561617643151
10283,12076,0.121894580906543
10627,12076,0.0858771440804888
10628,12076,0.0913692726272934
10209,12076,0.113635104831925
10621,12076,0.0986236338520599
10031,12076,0.117800759247047
12173,12076,0.103467085371465
12163,12076,0.108880441062921
12202,12076,0.113223982359899
11929,12076,0.106802991130374
17106,12076,0.120098164316912
10651,12076,0.122749847713948
11298,12076,0.137342801077187
10626,12076,0.112362150821197
11296,12076,0.15256457779367
17134,12076,0.0254632789877703
12689,12076,0.0958374392920745
10625,12076,0.114404868988515
11780,12076,0.389663691515432
11863,12076,0.142925420603714
11290,12076,0.104418351049387
17052,12076,0.120499281976747
11299,12076,0.145435870014184
11923,12076,0.116706791523899
10364,12076,0.123480408201273
17061,12076,0.114376532929745
10624,12076,0.111442347970787
11427,12076,0.118485559717452
100872,12076,0.293375665416111
20166,12076,0.149149158552305
10280,12076,0.142549009647048
12687,12076,0.100042017016839
10649,12076,0.304616220949692
17074,12076,0.151736059609134
100868,12076,0.113964736226781
12744,12076,0.120780997022863
11300,12076,0.145590113211648
11426,12076,0.122043864784779
10576,12076,0.139680684946094
10360,12076,0.0958445510577144
10439,12076,0.972886194058942
10654,12076,0.126549464950275
10623,12076,0.0934520092371198
101276,12076,0.0990281132485435
100863,12076,0.125368731288056
20033,12076,0.102759437011506
20112,12076,0.107619277652926
101199,12076,0.112020082598125
104385,12076,0.122116500131887
100027,12076,0.117061358242218
104390,12076,0.0882936713596647
10578,12076,0.137919105197568
101361,12076,0.0895762910111983
10620,12076,0.0995891604218241
102578,12076,0.534621927983643
100426,12076,0.0937403396554911
102580,12076,0.959083320452333
12742,227,0.113738161787429
10688,227,0.0834035620103292
10647,227,0.0871529390365782
12566,227,0.0780172106456001
12485,227,0.0940236969927814
219,227,0.0772125643074552
12474,227,0.133462112630563
12514,227,0.110975195327991
72,227,0.114193300010327
279,227,0.172634193760683
12076,227,0.0952385427616028
227,227,1
125,227,0.112676246477762
130,227,0.114086319427369
220,227,0.0851642657578473
214,227,0.0943529417687052
127,227,0.0867391062920721
218,227,0.107749047597259
106,227,0.169244083497817
43,227,0.110655970971021
61,227,0.0871171546215872
90,227,0.115446450302291
103,227,0.108846030803325
52,227,0.0943230575105094
50,227,0.125006870038232
168,227,0.0876396780851588
128,227,0.128781853036733
102,227,0.115892802409565
216,227,0.112538248286648
51,227,0.122491182366037
105,227,0.173979543560163
107,227,0.351961433409214
108,227,0.364222178520046
47,227,0.094829793651038
215,227,0.0826654250075671
88,227,0.107032355905335
10618,227,0.167690634876769
12755,227,0.0839593774940514
12887,227,0.106187509823251
10453,227,0.110369144634746
11249,227,0.100365319197245
11104,227,0.103624864524181
10116,227,0.125105588899834
100425,227,0.0992356423893861
10304,227,0.105386577581971
10648,227,0.0951800244502337
226,227,0.113798656949028
11430,227,0.101535653545871
10577,227,0.165534419593516
17005,227,0.359358089757106
12853,227,0.104319478402608
10728,227,0.116421918318955
12688,227,0.809808780257213
14037,227,0.116110393662841
10283,227,0.108209932154372
10627,227,0.111340739913644
10628,227,0.114906603807056
10209,227,0.134578857361015
10621,227,0.352319621598043
10031,227,0.106255401518486
12173,227,0.158761890709707
12163,227,0.105194358574531
12202,227,0.121255033370841
11929,227,0.116595702827963
17106,227,0.165661671039628
10651,227,0.109728794564388
11298,227,0.11215487167962
10626,227,0.104987787165272
11296,227,0.0850309361015145
17134,227,0.0201589448385575
12689,227,0.363977480462389
10625,227,0.107510563647789
11780,227,0.0870992789356246
11863,227,0.125699328479889
11290,227,0.0794201555056046
17052,227,0.106352041285182
11299,227,0.0776884280128426
11923,227,0.136295200555129
10364,227,0.110751028783208
17061,227,0.134194376577445
10624,227,0.112501667630074
11427,227,0.116035908210722
100872,227,0.0707489616421635
20166,227,0.0808021547670563
10280,227,0.0777048856823446
12687,227,0.352153552978384
10649,227,0.0780172106456001
17074,227,0.0853632432302715
100868,227,0.133104758012215
12744,227,0.0993082854714135
11300,227,0.0777708211084486
11426,227,0.115398633495757
10576,227,0.122491182366037
10360,227,0.0723331352158557
10439,227,0.0950247965171627
10654,227,0.0942065735031451
10623,227,0.0840235061394906
101276,227,0.0772824630747925
100863,227,0.106086913970962
20033,227,0.0881916953717636
20112,227,0.105613459604709
101199,227,0.123497047602153
104385,227,0.109934889871149
100027,227,0.113775009534098
104390,227,0.0861202026556043
10578,227,0.168307298377361
101361,227,0.0869270492206808
10620,227,0.352008065034567
102578,227,0.0949875136732425
100426,227,0.0982955535317901
102580,227,0.095942773860822
12742,125,0.406148804706218
10688,125,0.11077041825547
10647,125,0.1119084623234
12566,125,0.110301504439078
12485,125,0.122211952256882
219,125,0.108004455966042
12474,125,0.44646685870933
12514,125,0.936031240721519
72,125,0.145832750836846
279,125,0.216772263076634
12076,125,0.124897719146433
227,125,0.112676246477762
125,125,1
130,125,0.148407728529369
220,125,0.136994066257653
214,125,0.124142017257768
127,125,0.105235004472992
218,125,0.162127560209426
106,125,0.220376901541236
43,125,0.198767520873506
61,125,0.1118625134558
90,125,0.12047784714449
103,125,0.406883183901361
52,125,0.156665247957381
50,125,0.19027903580649
168,125,0.151534427313033
128,125,0.443839631878612
102,125,0.180974792937478
216,125,0.170573894068814
51,125,0.179984081459915
105,125,0.216498273129379
107,125,0.153057650760038
108,125,0.162081828053742
47,125,0.125716720583459
215,125,0.111059318850322
88,125,0.185443382969632
10618,125,0.201877232696001
12755,125,0.134258504753998
12887,125,0.203684079119143
10453,125,0.200616030883544
11249,125,0.143392859465562
11104,125,0.177909472690154
10116,125,0.184729757714555
100425,125,0.142370604311289
10304,125,0.177224179813986
10648,125,0.124820977069051
226,125,0.210174887413435
11430,125,0.13479258872054
10577,125,0.225034671799503
17005,125,0.151068354520931
12853,125,0.948358407854498
10728,125,0.212809534675104
12688,125,0.109701223826701
14037,125,0.1460325187769
10283,125,0.206062965155857
10627,125,0.16478308554051
10628,125,0.160746441207104
10209,125,0.219344313254739
10621,125,0.153910232699245
10031,125,0.203420121599314
12173,125,0.13613928841345
12163,125,0.184743536224452
12202,125,0.211150845957001
11929,125,0.21466610651958
17106,125,0.213532952238277
10651,125,0.935022788810714
