Var1,Var2,Freq
12742,12742,1
10688,12742,0.319796954314721
10647,12742,0.32994923857868
12566,12742,0.3125
12485,12742,0.311627906976744
219,12742,0.31063829787234
12474,12742,0.652694610778443
12514,12742,0.597597597597598
72,12742,0.375
279,12742,0.319648093841642
12076,12742,0.283018867924528
227,12742,0.278260869565217
125,12742,0.591591591591592
130,12742,0.35149863760218
220,12742,0.302521008403361
214,12742,0.326530612244898
127,12742,0.298642533936652
218,12742,0.327731092436975
106,12742,0.349253731343284
43,12742,0.376899696048632
61,12742,0.32994923857868
90,12742,0.383886255924171
103,12742,0.853146853146853
52,12742,0.376344086021505
50,12742,0.368279569892473
168,12742,0.349570200573066
128,12742,0.649700598802395
102,12742,0.375586854460094
216,12742,0.373873873873874
51,12742,0.388625592417062
105,12742,0.310626702997275
107,12742,0.269461077844311
108,12742,0.302395209580838
47,12742,0.287735849056604
215,12742,0.309644670050761
88,12742,0.373887240356083
10618,12742,0.308641975308642
12755,12742,0.30225988700565
12887,12742,0.386018237082067
10453,12742,0.373177842565598
11249,12742,0.315186246418338
11104,12742,0.363905325443787
10116,12742,0.36150234741784
100425,12742,0.298461538461538
10304,12742,0.36094674556213
10648,12742,0.283018867924528
226,12742,0.392857142857143
11430,12742,0.417112299465241
10577,12742,0.349253731343284
17005,12742,0.278443113772455
12853,12742,0.594594594594595
10728,12742,0.377410468319559
12688,12742,0.275659824046921
14037,12742,0.380434782608696
10283,12742,0.389057750759878
10627,12742,0.333333333333333
10628,12742,0.329230769230769
10209,12742,0.347826086956522
10621,12742,0.278443113772455
10031,12742,0.379939209726444
12173,12742,0.333333333333333
12163,12742,0.362017804154303
12202,12742,0.407407407407407
11929,12742,0.397058823529412
17106,12742,0.316151202749141
10651,12742,0.594594594594595
11298,12742,0.335260115606936
10626,12742,0.332307692307692
11296,12742,0.313131313131313
17134,12742,0.354838709677419
12689,12742,0.314024390243902
10625,12742,0.332307692307692
11780,12742,0.32994923857868
11863,12742,0.378640776699029
11290,12742,0.272980501392758
17052,12742,0.39209726443769
11299,12742,0.269565217391304
11923,12742,0.350724637681159
10364,12742,0.3963133640553
17061,12742,0.652694610778443
10624,12742,0.331288343558282
11427,12742,0.380434782608696
100872,12742,0.308333333333333
20166,12742,0.269565217391304
10280,12742,0.265217391304348
12687,12742,0.269113149847095
10649,12742,0.289855072463768
17074,12742,0.329787234042553
100868,12742,0.350724637681159
12744,12742,0.381720430107527
11300,12742,0.291304347826087
11426,12742,0.380434782608696
10576,12742,0.383495145631068
10360,12742,0.276536312849162
10439,12742,0.314917127071823
10654,12742,0.381720430107527
10623,12742,0.346704871060172
101276,12742,0.273712737127371
100863,12742,0.382978723404255
20033,12742,0.355300859598854
20112,12742,0.359050445103858
101199,12742,0.368421052631579
104385,12742,0.588588588588589
100027,12742,0.375
104390,12742,0.295384615384615
10578,12742,0.32967032967033
101361,12742,0.277602523659306
10620,12742,0.27217125382263
102578,12742,0.326530612244898
100426,12742,0.268987341772152
102580,12742,0.292452830188679
12742,10688,0.319796954314721
10688,10688,1
10647,10688,0.527383367139959
12566,10688,0.51024208566108
12485,10688,0.462012320328542
219,10688,0.526011560693642
12474,10688,0.30952380952381
12514,10688,0.276381909547739
72,10688,0.295336787564767
279,10688,0.345744680851064
12076,10688,0.440573770491803
227,10688,0.363636363636364
125,10688,0.281407035175879
130,10688,0.280612244897959
220,10688,0.363013698630137
214,10688,0.458917835671343
127,10688,0.285420944558522
218,10688,0.32
106,10688,0.362244897959184
43,10688,0.291139240506329
61,10688,0.523326572008114
90,10688,0.294444444444444
103,10688,0.3248730964467
52,10688,0.305164319248826
50,10688,0.297979797979798
168,10688,0.293877551020408
128,10688,0.304761904761905
102,10688,0.328282828282828
216,10688,0.276515151515152
51,10688,0.333333333333333
105,10688,0.331683168316832
107,10688,0.315789473684211
108,10688,0.318681318681319
47,10688,0.436475409836066
215,10688,0.887218045112782
88,10688,0.333333333333333
10618,10688,0.326923076923077
12755,10688,0.356164383561644
12887,10688,0.294117647058824
10453,10688,0.317757009345794
11249,10688,0.312925170068027
11104,10688,0.318181818181818
10116,10688,0.297979797979798
100425,10688,0.306451612903226
10304,10688,0.319634703196347
10648,10688,0.444672131147541
226,10688,0.302564102564103
11430,10688,0.27027027027027
10577,10688,0.372448979591837
17005,10688,0.326315789473684
12853,10688,0.281407035175879
10728,10688,0.303030303030303
12688,10688,0.316939890710383
14037,10688,0.300518134715026
10283,10688,0.298642533936652
10627,10688,0.321608040201005
10628,10688,0.326633165829146
10209,10688,0.37
10621,10688,0.321052631578947
10031,10688,0.294117647058824
12173,10688,0.305084745762712
12163,10688,0.305084745762712
12202,10688,0.317460317460317
11929,10688,0.309278350515464
17106,10688,0.33125
10651,10688,0.28643216080402
11298,10688,0.319796954314721
10626,10688,0.292307692307692
11296,10688,0.287474332648871
17134,10688,0.588235294117647
12689,10688,0.320441988950276
10625,10688,0.302564102564103
11780,10688,0.527383367139959
11863,10688,0.316037735849057
11290,10688,0.314432989690722
17052,10688,0.305164319248826
11299,10688,0.364102564102564
11923,10688,0.37
10364,10688,0.278969957081545
17061,10688,0.30952380952381
10624,10688,0.287179487179487
11427,10688,0.300518134715026
100872,10688,0.515947467166979
20166,10688,0.364102564102564
10280,10688,0.358974358974359
12687,10688,0.315789473684211
10649,10688,0.510280373831776
17074,10688,0.293032786885246
100868,10688,0.37
12744,10688,0.293838862559242
11300,10688,0.364102564102564
11426,10688,0.295336787564767
10576,10688,0.333333333333333
10360,10688,0.304123711340206
10439,10688,0.44672131147541
10654,10688,0.300469483568075
10623,10688,0.289795918367347
101276,10688,0.304123711340206
100863,10688,0.307692307692308
20033,10688,0.302040816326531
20112,10688,0.305084745762712
101199,10688,0.297979797979798
104385,10688,0.281407035175879
100027,10688,0.295336787564767
104390,10688,0.267676767676768
10578,10688,0.311881188118812
101361,10688,0.271356783919598
10620,10688,0.315789473684211
102578,10688,0.464646464646465
100426,10688,0.295698924731183
102580,10688,0.444672131147541
12742,10647,0.32994923857868
10688,10647,0.527383367139959
10647,10647,1
12566,10647,0.524557956777996
12485,10647,0.468325791855204
219,10647,0.522593320235756
12474,10647,0.304568527918782
12514,10647,0.28643216080402
72,10647,0.267813267813268
279,10647,0.293577981651376
12076,10647,0.47380410022779
227,10647,0.346456692913386
125,10647,0.296482412060302
130,10647,0.338308457711443
220,10647,0.38
214,10647,0.470588235294118
127,10647,0.296536796536797
218,10647,0.268115942028986
106,10647,0.355329949238579
43,10647,0.296116504854369
61,10647,0.986956521739131
90,10647,0.269320843091335
103,10647,0.32994923857868
52,10647,0.276699029126214
50,10647,0.269387755102041
168,10647,0.315
128,10647,0.299492385786802
102,10647,0.308080808080808
216,10647,0.267573696145125
51,10647,0.297052154195011
105,10647,0.325
107,10647,0.276041666666667
108,10647,0.285
47,10647,0.460176991150442
215,10647,0.525458248472505
88,10647,0.319047619047619
10618,10647,0.335078534031414
12755,10647,0.39041095890411
12887,10647,0.300970873786408
10453,10647,0.318840579710145
11249,10647,0.344262295081967
11104,10647,0.312796208530806
10116,10647,0.301020408163265
100425,10647,0.309278350515464
10304,10647,0.317535545023697
10648,10647,0.471526195899772
226,10647,0.32183908045977
11430,10647,0.262295081967213
10577,10647,0.370558375634518
17005,10647,0.280788177339901
12853,10647,0.28643216080402
10728,10647,0.282296650717703
12688,10647,0.318181818181818
14037,10647,0.274509803921569
10283,10647,0.276699029126214
10627,10647,0.30316742081448
10628,10647,0.296610169491525
10209,10647,0.34
10621,10647,0.28125
10031,10647,0.296116504854369
12173,10647,0.3
12163,10647,0.314285714285714
12202,10647,0.341666666666667
11929,10647,0.329317269076305
17106,10647,0.33125
10651,10647,0.291079812206573
11298,10647,0.314720812182741
10626,10647,0.340425531914894
11296,10647,0.303030303030303
17134,10647,0.942446043165468
12689,10647,0.293785310734463
10625,10647,0.340425531914894
11780,10647,0.997826086956522
11863,10647,0.291970802919708
11290,10647,0.331491712707182
17052,10647,0.281553398058252
11299,10647,0.313868613138686
11923,10647,0.34
10364,10647,0.285067873303167
17061,10647,0.304568527918782
10624,10647,0.32620320855615
11427,10647,0.274509803921569
100872,10647,0.511811023622047
20166,10647,0.318734793187348
10280,10647,0.313868613138686
12687,10647,0.28125
10649,10647,0.518664047151277
17074,10647,0.292682926829268
100868,10647,0.335
12744,10647,0.268765133171913
11300,10647,0.311435523114355
11426,10647,0.272058823529412
10576,10647,0.299771167048055
10360,10647,0.311827956989247
10439,10647,0.464692482915718
10654,10647,0.283292978208232
10623,10647,0.299019607843137
101276,10647,0.324022346368715
100863,10647,0.296116504854369
20033,10647,0.317307692307692
20112,10647,0.314285714285714
101199,10647,0.268085106382979
104385,10647,0.286384976525822
100027,10647,0.258620689655172
104390,10647,0.278350515463918
10578,10647,0.313131313131313
101361,10647,0.287958115183246
10620,10647,0.28125
102578,10647,0.483069977426637
100426,10647,0.304123711340206
102580,10647,0.462222222222222
12742,12566,0.3125
10688,12566,0.51024208566108
10647,12566,0.524557956777996
12566,12566,1
12485,12566,0.451612903225806
219,12566,0.916949152542373
12474,12566,0.285046728971963
12514,12566,0.275109170305677
72,12566,0.314720812182741
279,12566,0.350961538461538
12076,12566,0.440881763527054
227,12566,0.365671641791045
125,12566,0.272727272727273
130,12566,0.298429319371728
220,12566,0.37037037037037
214,12566,0.436538461538462
127,12566,0.285425101214575
218,12566,0.3
106,12566,0.343612334801762
43,12566,0.323529411764706
61,12566,0.520628683693517
90,12566,0.272251308900524
103,12566,0.324742268041237
52,12566,0.313432835820896
50,12566,0.316582914572864
168,12566,0.311688311688312
128,12566,0.297297297297297
102,12566,0.31
216,12566,0.300518134715026
51,12566,0.323383084577114
105,12566,0.324324324324324
107,12566,0.336842105263158
108,12566,0.346590909090909
47,12566,0.430528375733855
215,12566,0.515151515151515
88,12566,0.297872340425532
10618,12566,0.385416666666667
12755,12566,0.377622377622378
12887,12566,0.313432835820896
10453,12566,0.314159292035398
11249,12566,0.333333333333333
11104,12566,0.28515625
10116,12566,0.291457286432161
100425,12566,0.306451612903226
10304,12566,0.28515625
10648,12566,0.43687374749499
226,12566,0.29951690821256
11430,12566,0.269911504424779
10577,12566,0.348017621145374
17005,12566,0.352631578947368
12853,12566,0.281385281385281
10728,12566,0.316582914572864
12688,12566,0.327956989247312
14037,12566,0.314720812182741
10283,12566,0.323383084577114
10627,12566,0.269911504424779
10628,12566,0.274261603375527
10209,12566,0.353846153846154
10621,12566,0.342105263157895
10031,12566,0.318407960199005
12173,12566,0.293785310734463
12163,12566,0.302127659574468
12202,12566,0.311557788944724
11929,12566,0.324742268041237
17106,12566,0.350993377483444
10651,12566,0.285714285714286
11298,12566,0.321608040201005
10626,12566,0.328205128205128
11296,12566,0.277327935222672
17134,12566,0.647058823529412
12689,12566,0.346590909090909
10625,12566,0.324742268041237
11780,12566,0.524557956777996
11863,12566,0.326829268292683
11290,12566,0.345360824742268
17052,12566,0.323383084577114
11299,12566,0.349137931034483
11923,12566,0.353846153846154
10364,12566,0.287037037037037
17061,12566,0.285046728971963
10624,12566,0.309278350515464
11427,12566,0.314720812182741
100872,12566,0.910169491525424
20166,12566,0.371859296482412
10280,12566,0.357843137254902
12687,12566,0.342105263157895
10649,12566,0.969439728353141
17074,12566,0.291497975708502
100868,12566,0.353846153846154
12744,12566,0.308457711442786
11300,12566,0.318725099601594
11426,12566,0.304568527918782
10576,12566,0.326530612244898
10360,12566,0.345360824742268
10439,12566,0.434869739478958
10654,12566,0.313432835820896
10623,12566,0.308370044052863
101276,12566,0.304166666666667
100863,12566,0.338308457711443
20033,12566,0.317391304347826
20112,12566,0.302127659574468
101199,12566,0.326633165829146
104385,12566,0.281385281385281
100027,12566,0.314720812182741
104390,12566,0.292929292929293
10578,12566,0.316062176165803
101361,12566,0.313829787234043
10620,12566,0.342105263157895
102578,12566,0.44758064516129
100426,12566,0.290322580645161
102580,12566,0.432485322896282
12742,12485,0.311627906976744
10688,12485,0.462012320328542
10647,12485,0.468325791855204
12566,12485,0.451612903225806
12485,12485,1
219,12485,0.449596774193548
12474,12485,0.318181818181818
12514,12485,0.310880829015544
72,12485,0.273972602739726
279,12485,0.302325581395349
12076,12485,0.600436681222707
227,12485,0.339080459770115
125,12485,0.310880829015544
130,12485,0.338541666666667
220,12485,0.363636363636364
214,12485,0.954070981210856
127,12485,0.298283261802575
218,12485,0.260770975056689
106,12485,0.314814814814815
43,12485,0.299019607843137
61,12485,0.478555304740406
90,12485,0.266968325791855
103,12485,0.310185185185185
52,12485,0.277978339350181
50,12485,0.293193717277487
168,12485,0.285714285714286
128,12485,0.318181818181818
102,12485,0.308823529411765
216,12485,0.229024943310658
51,12485,0.34010152284264
105,12485,0.335051546391753
107,12485,0.315789473684211
108,12485,0.32
47,12485,0.570796460176991
215,12485,0.461065573770492
88,12485,0.297560975609756
10618,12485,0.306532663316583
12755,12485,0.359154929577465
12887,12485,0.295
10453,12485,0.323232323232323
11249,12485,0.306569343065693
11104,12485,0.354609929078014
10116,12485,0.313432835820896
100425,12485,0.287234042553192
10304,12485,0.361702127659574
10648,12485,0.59825327510917
226,12485,0.326424870466321
11430,12485,0.255172413793103
10577,12485,0.328703703703704
17005,12485,0.326315789473684
12853,12485,0.295336787564767
10728,12485,0.298429319371728
12688,12485,0.326829268292683
14037,12485,0.267123287671233
10283,12485,0.29
10627,12485,0.305699481865285
10628,12485,0.316062176165803
10209,12485,0.326829268292683
10621,12485,0.315789473684211
10031,12485,0.285
12173,12485,0.344262295081967
12163,12485,0.354609929078014
12202,12485,0.327956989247312
11929,12485,0.33160621761658
17106,12485,0.326666666666667
10651,12485,0.316062176165803
11298,12485,0.333333333333333
10626,12485,0.290816326530612
11296,12485,0.306695464362851
17134,12485,0.270833333333333
12689,12485,0.32
10625,12485,0.295918367346939
11780,12485,0.476297968397291
11863,12485,0.315126050420168
11290,12485,0.276699029126214
17052,12485,0.29
11299,12485,0.349514563106796
11923,12485,0.326829268292683
10364,12485,0.224719101123596
17061,12485,0.318181818181818
10624,12485,0.298507462686567
11427,12485,0.267123287671233
100872,12485,0.456565656565657
20166,12485,0.334975369458128
10280,12485,0.316017316017316
12687,12485,0.321052631578947
10649,12485,0.449596774193548
17074,12485,0.30752688172043
100868,12485,0.317073170731707
12744,12485,0.26643598615917
11300,12485,0.349514563106796
11426,12485,0.273972602739726
10576,12485,0.319327731092437
10360,12485,0.284974093264249
10439,12485,0.596491228070175
10654,12485,0.282722513089005
10623,12485,0.280952380952381
101276,12485,0.300518134715026
100863,12485,0.31
20033,12485,0.276190476190476
20112,12485,0.354609929078014
101199,12485,0.298429319371728
104385,12485,0.310880829015544
100027,12485,0.273972602739726
104390,12485,0.327586206896552
10578,12485,0.300925925925926
101361,12485,0.327586206896552
10620,12485,0.321052631578947
102578,12485,0.951781970649895
100426,12485,0.330578512396694
102580,12485,0.581858407079646
12742,219,0.31063829787234
10688,219,0.526011560693642
10647,219,0.522593320235756
12566,219,0.916949152542373
12485,219,0.449596774193548
219,219,1
12474,219,0.305936073059361
12514,219,0.285046728971963
72,219,0.309644670050761
279,219,0.342995169082126
12076,219,0.440881763527054
227,219,0.358208955223881
125,219,0.280172413793103
130,219,0.293193717277487
220,219,0.384615384615385
214,219,0.453629032258065
127,219,0.283400809716599
218,219,0.292576419213974
106,219,0.351931330472103
43,219,0.318627450980392
61,219,0.520628683693517
90,219,0.282722513089005
103,219,0.321608040201005
52,219,0.326424870466321
50,219,0.306532663316583
168,219,0.302127659574468
128,219,0.295454545454545
102,219,0.293577981651376
216,219,0.300518134715026
51,219,0.296747967479675
105,219,0.326424870466321
107,219,0.331578947368421
108,219,0.340909090909091
47,219,0.44689378757515
215,219,0.528735632183908
88,219,0.295546558704453
10618,219,0.369791666666667
12755,219,0.377622377622378
12887,219,0.303482587064677
10453,219,0.306382978723404
11249,219,0.322147651006711
11104,219,0.286290322580645
10116,219,0.283720930232558
100425,219,0.306451612903226
10304,219,0.286290322580645
10648,219,0.434869739478958
226,219,0.289855072463768
11430,219,0.287958115183246
10577,219,0.344827586206897
17005,219,0.347368421052632
12853,219,0.288793103448276
10728,219,0.306532663316583
12688,219,0.32258064516129
14037,219,0.309644670050761
10283,219,0.313432835820896
10627,219,0.265822784810127
10628,219,0.278481012658228
10209,219,0.364102564102564
10621,219,0.336842105263158
10031,219,0.308457711442786
12173,219,0.304812834224599
12163,219,0.299595141700405
12202,219,0.301507537688442
11929,219,0.311004784688995
17106,219,0.344370860927152
10651,219,0.293103448275862
11298,219,0.311557788944724
10626,219,0.328205128205128
11296,219,0.289473684210526
17134,219,0.647058823529412
12689,219,0.333333333333333
10625,219,0.324742268041237
11780,219,0.522593320235756
11863,219,0.327014218009479
11290,219,0.302919708029197
17052,219,0.313432835820896
11299,219,0.325396825396825
11923,219,0.364102564102564
10364,219,0.287610619469027
17061,219,0.304545454545455
10624,219,0.309278350515464
11427,219,0.309644670050761
100872,219,0.915254237288136
20166,219,0.36318407960199
10280,219,0.334841628959276
12687,219,0.336842105263158
10649,219,0.916949152542373
17074,219,0.287449392712551
100868,219,0.364102564102564
12744,219,0.321243523316062
11300,219,0.325396825396825
11426,219,0.299492385786802
10576,219,0.326530612244898
10360,219,0.34020618556701
10439,219,0.440881763527054
10654,219,0.326424870466321
10623,219,0.297872340425532
101276,219,0.324742268041237
100863,219,0.328358208955224
20033,219,0.307692307692308
20112,219,0.299595141700405
101199,219,0.316582914572864
104385,219,0.288793103448276
100027,219,0.309644670050761
104390,219,0.292929292929293
10578,219,0.316062176165803
101361,219,0.313829787234043
10620,219,0.336842105263158
102578,219,0.465725806451613
100426,219,0.290322580645161
102580,219,0.440881763527054
12742,12474,0.652694610778443
10688,12474,0.30952380952381
10647,12474,0.304568527918782
12566,12474,0.285046728971963
12485,12474,0.318181818181818
219,12474,0.305936073059361
12474,12474,1
12514,12474,0.613180515759312
72,12474,0.425531914893617
279,12474,0.337209302325581
12076,12474,0.32994923857868
227,12474,0.295811518324607
125,12474,0.620289855072464
130,12474,0.409836065573771
220,12474,0.288135593220339
214,12474,0.313725490196078
127,12474,0.293838862559242
218,12474,0.395
106,12474,0.361194029850746
43,12474,0.348348348348348
61,12474,0.295964125560538
90,12474,0.407821229050279
103,12474,0.57985257985258
52,12474,0.372448979591837
50,12474,0.375
168,12474,0.339506172839506
128,12474,0.944230769230769
102,12474,0.341040462427746
216,12474,0.416243654822335
51,12474,0.386473429951691
105,12474,0.351351351351351
107,12474,0.309248554913295
108,12474,0.331306990881459
47,12474,0.321100917431193
215,12474,0.313636363636364
88,12474,0.339285714285714
10618,12474,0.306179775280899
12755,12474,0.314868804664723
12887,12474,0.35474006116208
10453,12474,0.356521739130435
11249,12474,0.321100917431193
11104,12474,0.354570637119114
10116,12474,0.378787878787879
100425,12474,0.309815950920245
10304,12474,0.35195530726257
10648,12474,0.32994923857868
226,12474,0.366847826086956
11430,12474,0.415300546448087
10577,12474,0.354166666666667
17005,12474,0.310030395136778
12853,12474,0.611594202898551
10728,12474,0.383928571428571
12688,12474,0.313888888888889
14037,12474,0.410526315789474
10283,12474,0.34402332361516
10627,12474,0.335403726708075
10628,12474,0.329192546583851
10209,12474,0.372372372372372
10621,12474,0.31306990881459
10031,12474,0.342342342342342
12173,12474,0.397790055248619
12163,12474,0.350574712643678
12202,12474,0.396284829721362
11929,12474,0.380952380952381
17106,12474,0.350515463917526
10651,12474,0.618181818181818
11298,12474,0.351032448377581
10626,12474,0.331230283911672
11296,12474,0.322751322751323
17134,12474,0.296296296296296
12689,12474,0.323442136498516
10625,12474,0.337539432176656
11780,12474,0.304568527918782
11863,12474,0.388349514563107
11290,12474,0.265415549597855
17052,12474,0.357357357357357
11299,12474,0.309352517985612
11923,12474,0.369369369369369
10364,12474,0.420512820512821
17061,12474,0.978640776699029
10624,12474,0.329153605015674
11427,12474,0.410526315789474
100872,12474,0.292237442922374
20166,12474,0.316546762589928
10280,12474,0.323741007194245
12687,12474,0.312121212121212
10649,12474,0.285046728971963
17074,12474,0.333333333333333
100868,12474,0.369369369369369
12744,12474,0.38265306122449
11300,12474,0.309352517985612
11426,12474,0.415789473684211
10576,12474,0.383495145631068
10360,12474,0.27363184079602
10439,12474,0.32994923857868
10654,12474,0.387755102040816
10623,12474,0.325878594249201
101276,12474,0.283068783068783
100863,12474,0.357357357357357
20033,12474,0.342592592592593
20112,12474,0.339285714285714
101199,12474,0.376119402985075
104385,12474,0.606413994169096
100027,12474,0.414893617021277
104390,12474,0.291411042944785
10578,12474,0.343108504398827
101361,12474,0.29559748427673
10620,12474,0.309090909090909
102578,12474,0.318181818181818
100426,12474,0.302752293577982
102580,12474,0.31651376146789
12742,12514,0.597597597597598
10688,12514,0.276381909547739
10647,12514,0.28643216080402
12566,12514,0.275109170305677
12485,12514,0.310880829015544
219,12514,0.285046728971963
12474,12514,0.613180515759312
12514,12514,1
72,12514,0.409574468085106
279,12514,0.335180055401662
12076,12514,0.280373831775701
227,12514,0.298780487804878
125,12514,0.927038626609442
130,12514,0.403225806451613
220,12514,0.345744680851064
214,12514,0.316062176165803
127,12514,0.324607329842932
218,12514,0.388625592417062
106,12514,0.344927536231884
43,12514,0.357954545454545
61,12514,0.28643216080402
90,12514,0.370786516853933
103,12514,0.606606606606607
52,12514,0.377880184331797
50,12514,0.341333333333333
168,12514,0.326409495548961
128,12514,0.631419939577039
102,12514,0.357142857142857
216,12514,0.407035175879397
51,12514,0.38974358974359
105,12514,0.342342342342342
107,12514,0.285714285714286
108,12514,0.303405572755418
47,12514,0.280373831775701
215,12514,0.264840182648402
88,12514,0.359882005899705
10618,12514,0.320809248554913
12755,12514,0.323529411764706
12887,12514,0.34971098265896
10453,12514,0.343373493975904
11249,12514,0.322388059701493
11104,12514,0.329376854599407
10116,12514,0.359375
100425,12514,0.313479623824451
10304,12514,0.329341317365269
10648,12514,0.280373831775701
226,12514,0.364179104477612
11430,12514,0.39247311827957
10577,12514,0.364705882352941
17005,12514,0.280254777070064
12853,12514,0.935622317596567
10728,12514,0.360795454545455
12688,12514,0.290419161676647
14037,12514,0.404255319148936
10283,12514,0.365781710914454
10627,12514,0.322981366459627
10628,12514,0.312903225806452
10209,12514,0.375384615384615
10621,12514,0.28343949044586
10031,12514,0.362017804154303
12173,12514,0.315642458100559
12163,12514,0.365497076023392
12202,12514,0.367088607594937
11929,12514,0.364197530864198
17106,12514,0.350515463917526
10651,12514,0.905579399141631
11298,12514,0.337837837837838
10626,12514,0.334394904458599
11296,12514,0.345549738219895
17134,12514,0.3
12689,12514,0.296296296296296
10625,12514,0.328402366863905
11780,12514,0.28643216080402
11863,12514,0.38860103626943
11290,12514,0.272251308900524
17052,12514,0.365781710914454
11299,12514,0.316546762589928
11923,12514,0.361111111111111
10364,12514,0.395348837209302
17061,12514,0.618768328445748
10624,12514,0.333333333333333
11427,12514,0.404255319148936
100872,12514,0.271929824561403
20166,12514,0.323741007194245
10280,12514,0.330935251798561
12687,12514,0.283489096573209
10649,12514,0.277056277056277
17074,12514,0.345549738219895
100868,12514,0.363076923076923
12744,12514,0.382488479262673
11300,12514,0.316546762589928
11426,12514,0.409574468085106
10576,12514,0.38974358974359
10360,12514,0.267015706806283
10439,12514,0.296482412060302
10654,12514,0.372
10623,12514,0.315789473684211
101276,12514,0.313868613138686
100863,12514,0.353658536585366
20033,12514,0.332369942196532
20112,12514,0.343465045592705
101199,12514,0.354166666666667
104385,12514,0.920600858369099
100027,12514,0.404255319148936
104390,12514,0.310344827586207
10578,12514,0.336309523809524
101361,12514,0.323809523809524
10620,12514,0.280373831775701
102578,12514,0.316062176165803
100426,12514,0.304075235109718
102580,12514,0.275700934579439
12742,72,0.375
10688,72,0.295336787564767
10647,72,0.267813267813268
12566,72,0.314720812182741
12485,72,0.273972602739726
219,72,0.309644670050761
12474,72,0.425531914893617
12514,72,0.409574468085106
72,72,1
279,72,0.403614457831325
12076,72,0.255868544600939
227,72,0.339805825242718
125,72,0.398936170212766
130,72,0.530373831775701
220,72,0.519083969465649
214,72,0.269406392694064
127,72,0.266811279826464
218,72,0.321167883211679
106,72,0.325670498084291
43,72,0.345177664974619
61,72,0.26044226044226
90,72,0.370283018867925
103,72,0.391304347826087
52,72,0.338199513381995
50,72,0.333333333333333
168,72,0.344827586206897
128,72,0.425531914893617
102,72,0.362745098039216
216,72,0.306603773584906
51,72,0.321256038647343
105,72,0.357843137254902
107,72,0.392265193370166
108,72,0.375
47,72,0.258215962441315
215,72,0.295336787564767
88,72,0.480916030534351
10618,72,0.363128491620112
12755,72,0.526717557251908
12887,72,0.355329949238579
10453,72,0.475177304964539
11249,72,0.407142857142857
11104,72,0.480916030534351
10116,72,0.375634517766497
100425,72,0.317757009345794
10304,72,0.473282442748092
10648,72,0.258215962441315
226,72,0.348717948717949
11430,72,0.512820512820513
10577,72,0.319391634980989
17005,72,0.386740331491713
12853,72,0.393617021276596
10728,72,0.338383838383838
12688,72,0.341346153846154
14037,72,0.957207207207207
10283,72,0.351758793969849
10627,72,0.289855072463768
10628,72,0.289855072463768
10209,72,0.421621621621622
10621,72,0.392265193370166
10031,72,0.350253807106599
12173,72,0.37283950617284
12163,72,0.480916030534351
12202,72,0.378238341968912
11929,72,0.358974358974359
17106,72,0.5
10651,72,0.398936170212766
11298,72,0.369458128078818
10626,72,0.386740331491713
11296,72,0.336842105263158
17134,72,0.4
12689,72,0.375
10625,72,0.38121546961326
11780,72,0.265356265356265
11863,72,0.314769975786925
11290,72,0.305970149253731
17052,72,0.351758793969849
11299,72,0.251207729468599
11923,72,0.421621621621622
10364,72,0.312941176470588
17061,72,0.425531914893617
10624,72,0.392265193370166
11427,72,0.954954954954955
100872,72,0.299492385786802
20166,72,0.260869565217391
10280,72,0.265060240963855
12687,72,0.374384236453202
10649,72,0.314720812182741
17074,72,0.266816143497758
100868,72,0.416216216216216
12744,72,0.353510895883777
11300,72,0.251207729468599
11426,72,0.963963963963964
10576,72,0.307506053268765
10360,72,0.258241758241758
10439,72,0.255868544600939
10654,72,0.352657004830918
10623,72,0.32512315270936
101276,72,0.283582089552239
100863,72,0.346733668341709
20033,72,0.331858407079646
20112,72,0.480916030534351
101199,72,0.338383838383838
104385,72,0.404255319148936
100027,72,0.990970654627539
104390,72,0.365671641791045
10578,72,0.358288770053476
101361,72,0.358208955223881
10620,72,0.369458128078818
102578,72,0.269406392694064
100426,72,0.299065420560748
102580,72,0.258215962441315
12742,279,0.319648093841642
10688,279,0.345744680851064
10647,279,0.293577981651376
12566,279,0.350961538461538
12485,279,0.302325581395349
219,279,0.342995169082126
12474,279,0.337209302325581
12514,279,0.335180055401662
72,279,0.403614457831325
279,279,1
12076,279,0.339805825242718
227,279,0.298192771084337
125,279,0.351800554016621
130,279,0.315363881401617
220,279,0.290960451977401
214,279,0.311627906976744
127,279,0.345360824742268
218,279,0.41340782122905
106,279,0.495702005730659
43,279,0.323529411764706
61,279,0.293577981651376
90,279,0.303370786516854
103,279,0.319648093841642
52,279,0.397905759162304
50,279,0.315634218289086
168,279,0.305785123966942
128,279,0.337209302325581
102,279,0.343137254901961
216,279,0.365591397849462
51,279,0.393229166666667
105,279,0.504347826086956
107,279,0.303370786516854
108,279,0.312138728323699
47,279,0.339805825242718
215,279,0.34020618556701
88,279,0.332439678284182
10618,279,0.583333333333333
12755,279,0.312849162011173
12887,279,0.317647058823529
10453,279,0.340909090909091
11249,279,0.292011019283747
11104,279,0.333333333333333
10116,279,0.362694300518135
100425,279,0.37593984962406
10304,279,0.341880341880342
10648,279,0.339805825242718
226,279,0.295321637426901
11430,279,0.342995169082126
10577,279,0.484240687679083
17005,279,0.308988764044944
12853,279,0.329639889196676
10728,279,0.31858407079646
12688,279,0.291066282420749
14037,279,0.383333333333333
10283,279,0.314705882352941
10627,279,0.308139534883721
10628,279,0.302325581395349
10209,279,0.367816091954023
10621,279,0.303370786516854
10031,279,0.318965517241379
12173,279,0.310344827586207
12163,279,0.327027027027027
12202,279,0.297297297297297
11929,279,0.310541310541311
17106,279,0.508361204013378
10651,279,0.332409972299169
11298,279,0.348484848484849
10626,279,0.361764705882353
11296,279,0.333333333333333
17134,279,0.333333333333333
12689,279,0.312138728323699
10625,279,0.373529411764706
11780,279,0.293577981651376
11863,279,0.401041666666667
11290,279,0.245945945945946
17052,279,0.324712643678161
11299,279,0.272058823529412
11923,279,0.364942528735632
10364,279,0.354838709677419
17061,279,0.337209302325581
10624,279,0.35693215339233
11427,279,0.383333333333333
100872,279,0.357487922705314
20166,279,0.286764705882353
10280,279,0.279411764705882
12687,279,0.312138728323699
10649,279,0.350961538461538
17074,279,0.360824742268041
100868,279,0.355742296918768
12744,279,0.413612565445026
11300,279,0.272058823529412
11426,279,0.383333333333333
10576,279,0.385416666666667
10360,279,0.245901639344262
10439,279,0.344660194174757
10654,279,0.408376963350785
10623,279,0.289256198347107
101276,279,0.247252747252747
100863,279,0.302941176470588
20033,279,0.297520661157025
20112,279,0.332439678284182
101199,279,0.31700288184438
104385,279,0.332409972299169
100027,279,0.403614457831325
104390,279,0.348958333333333
10578,279,0.48695652173913
101361,279,0.348958333333333
10620,279,0.30635838150289
102578,279,0.299145299145299
100426,279,0.312169312169312
102580,279,0.339805825242718
12742,12076,0.283018867924528
10688,12076,0.440573770491803
10647,12076,0.47380410022779
12566,12076,0.440881763527054
12485,12076,0.600436681222707
219,12076,0.440881763527054
12474,12076,0.32994923857868
12514,12076,0.280373831775701
72,12076,0.255868544600939
279,12076,0.339805825242718
12076,12076,1
227,12076,0.319371727748691
125,12076,0.299065420560748
130,12076,0.333333333333333
220,12076,0.401515151515151
214,12076,0.596949891067538
127,12076,0.281995661605206
218,12076,0.32
106,12076,0.355329949238579
43,12076,0.305418719211823
61,12076,0.47380410022779
90,12076,0.245977011494253
103,12076,0.325966850828729
52,12076,0.233995584988962
50,12076,0.301020408163265
168,12076,0.304347826086957
128,12076,0.32994923857868
102,12076,0.299492385786802
216,12076,0.214932126696833
51,12076,0.36
105,12076,0.324742268041237
107,12076,0.318681318681319
108,12076,0.325714285714286
47,12076,0.963519313304721
215,12076,0.427698574338086
88,12076,0.336734693877551
10618,12076,0.304147465437788
12755,12076,0.404255319148936
12887,12076,0.3
10453,12076,0.341836734693878
11249,12076,0.309352517985612
11104,12076,0.33502538071066
10116,12076,0.303482587064677
100425,12076,0.282722513089005
10304,12076,0.345177664974619
10648,12076,0.989270386266094
226,12076,0.323863636363636
11430,12076,0.252314814814815
10577,12076,0.360406091370558
17005,12076,0.32967032967033
12853,12076,0.271028037383178
10728,12076,0.301020408163265
12688,12076,0.305418719211823
14037,12076,0.245977011494253
10283,12076,0.29064039408867
10627,12076,0.323943661971831
10628,12076,0.342657342657343
10209,12076,0.324324324324324
10621,12076,0.318681318681319
10031,12076,0.29064039408867
12173,12076,0.355191256830601
12163,12076,0.341836734693878
12202,12076,0.311881188118812
11929,12076,0.300518134715026
17106,12076,0.328947368421053
10651,12076,0.294392523364486
11298,12076,0.343434343434343
10626,12076,0.28921568627451
11296,12076,0.269146608315098
17134,12076,0.244444444444444
12689,12076,0.323863636363636
10625,12076,0.287037037037037
11780,12076,0.47380410022779
11863,12076,0.355
11290,12076,0.304812834224599
17052,12076,0.288372093023256
11299,12076,0.366279069767442
11923,12076,0.336585365853659
10364,12076,0.22972972972973
17061,12076,0.32994923857868
10624,12076,0.268722466960352
11427,12076,0.245977011494253
100872,12076,0.431726907630522
20166,12076,0.338164251207729
10280,12076,0.354651162790698
12687,12076,0.324175824175824
10649,12076,0.432865731462926
17074,12076,0.27212389380531
100868,12076,0.316964285714286
12744,12076,0.233995584988962
11300,12076,0.366279069767442
11426,12076,0.248275862068966
10576,12076,0.334801762114537
10360,12076,0.314917127071823
10439,12076,0.967811158798283
10654,12076,0.231788079470199
10623,12076,0.287735849056604
101276,12076,0.303370786516854
100863,12076,0.31
20033,12076,0.297169811320755
20112,12076,0.336734693877551
101199,12076,0.308900523560209
104385,12076,0.289719626168224
100027,12076,0.251173708920188
104390,12076,0.327586206896552
10578,12076,0.329896907216495
101361,12076,0.272251308900524
10620,12076,0.324175824175824
102578,12076,0.594360086767896
100426,12076,0.287958115183246
102580,12076,0.957081545064378
12742,227,0.278260869565217
10688,227,0.363636363636364
10647,227,0.346456692913386
12566,227,0.365671641791045
12485,227,0.339080459770115
219,227,0.358208955223881
12474,227,0.295811518324607
12514,227,0.298780487804878
72,227,0.339805825242718
279,227,0.298192771084337
12076,227,0.319371727748691
227,227,1
125,227,0.298780487804878
130,227,0.277044854881267
220,227,0.391304347826087
214,227,0.339080459770115
127,227,0.345864661654135
218,227,0.372222222222222
106,227,0.278089887640449
43,227,0.309597523219814
61,227,0.346456692913386
90,227,0.356756756756757
103,227,0.272727272727273
52,227,0.357541899441341
50,227,0.294285714285714
168,227,0.303571428571429
128,227,0.312676056338028
102,227,0.316939890710383
216,227,0.371727748691099
51,227,0.375690607734807
105,227,0.286135693215339
107,227,0.531428571428571
108,227,0.519886363636364
47,227,0.319371727748691
215,227,0.371212121212121
88,227,0.277310924369748
10618,227,0.310240963855422
12755,227,0.384057971014493
12887,227,0.312693498452012
10453,227,0.363636363636364
11249,227,0.294117647058824
11104,227,0.274566473988439
10116,227,0.326424870466321
100425,227,0.363636363636364
10304,227,0.277456647398844
10648,227,0.319371727748691
226,227,0.284883720930233
11430,227,0.340540540540541
10577,227,0.293604651162791
17005,227,0.537142857142857
12853,227,0.283536585365854
10728,227,0.301724137931034
12688,227,0.814968814968815
14037,227,0.344660194174757
10283,227,0.30835734870317
10627,227,0.303206997084548
10628,227,0.313953488372093
10209,227,0.295321637426901
10621,227,0.528571428571429
10031,227,0.309597523219814
12173,227,0.32
12163,227,0.277456647398844
12202,227,0.294285714285714
11929,227,0.287790697674419
17106,227,0.283333333333333
10651,227,0.298780487804878
11298,227,0.317708333333333
10626,227,0.259036144578313
11296,227,0.345864661654135
17134,227,0.384615384615385
12689,227,0.511363636363636
10625,227,0.259036144578313
11780,227,0.346456692913386
11863,227,0.313471502590674
11290,227,0.291044776119403
17052,227,0.354838709677419
11299,227,0.307086614173228
11923,227,0.289473684210526
10364,227,0.369791666666667
17061,227,0.295811518324607
10624,227,0.258160237388724
11427,227,0.344660194174757
100872,227,0.350746268656716
20166,227,0.31496062992126
10280,227,0.31496062992126
12687,227,0.531428571428571
10649,227,0.365671641791045
17074,227,0.353383458646617
100868,227,0.283625730994152
12744,227,0.368715083798883
11300,227,0.307086614173228
11426,227,0.339805825242718
10576,227,0.375690607734807
10360,227,0.296296296296296
10439,227,0.319371727748691
10654,227,0.355932203389831
10623,227,0.292899408284024
101276,227,0.291044776119403
100863,227,0.30835734870317
20033,227,0.306547619047619
20112,227,0.304109589041096
101199,227,0.305714285714286
104385,227,0.301829268292683
100027,227,0.339805825242718
104390,227,0.32520325203252
10578,227,0.28023598820059
101361,227,0.32520325203252
10620,227,0.531428571428571
102578,227,0.339080459770115
100426,227,0.347107438016529
102580,227,0.319371727748691
12742,125,0.591591591591592
10688,125,0.281407035175879
10647,125,0.296482412060302
12566,125,0.272727272727273
12485,125,0.310880829015544
219,125,0.280172413793103
12474,125,0.620289855072464
12514,125,0.927038626609442
72,125,0.398936170212766
279,125,0.351800554016621
12076,125,0.299065420560748
227,125,0.298780487804878
125,125,1
130,125,0.413978494623656
220,125,0.340314136125654
214,125,0.316062176165803
127,125,0.335078534031414
218,125,0.391705069124424
106,125,0.347826086956522
43,125,0.355113636363636
61,125,0.296482412060302
90,125,0.393258426966292
103,125,0.585227272727273
52,125,0.377880184331797
50,125,0.353591160220995
168,125,0.328173374613003
128,125,0.623188405797101
102,125,0.35625
216,125,0.412060301507538
51,125,0.394871794871795
105,125,0.345345345345345
107,125,0.282539682539683
108,125,0.306501547987616
47,125,0.299065420560748
215,125,0.267543859649123
88,125,0.356521739130435
10618,125,0.329479768786127
12755,125,0.315028901734104
12887,125,0.352601156069364
10453,125,0.373177842565598
11249,125,0.328358208955224
11104,125,0.326530612244898
10116,125,0.3625
100425,125,0.31974921630094
10304,125,0.326470588235294
10648,125,0.299065420560748
226,125,0.361963190184049
11430,125,0.39247311827957
10577,125,0.370588235294118
17005,125,0.277070063694268
12853,125,0.939914163090129
10728,125,0.356125356125356
12688,125,0.281437125748503
14037,125,0.393617021276596
10283,125,0.36283185840708
10627,125,0.325806451612903
10628,125,0.310144927536232
10209,125,0.375384615384615
10621,125,0.280254777070064
10031,125,0.358255451713396
12173,125,0.324022346368715
12163,125,0.359195402298851
12202,125,0.373417721518987
11929,125,0.363905325443787
17106,125,0.353951890034364
10651,125,0.920600858369099
11298,125,0.340782122905028
10626,125,0.337579617834395
11296,125,0.350785340314136
17134,125,0.466666666666667
12689,125,0.302469135802469
10625,125,0.331360946745562
11780,125,0.296482412060302
11863,125,0.393782383419689
11290,125,0.267015706806283
17052,125,0.36283185840708
11299,125,0.294964028776978
11923,125,0.364197530864198
10364,125,0.4
17061,125,0.620289855072464
10624,125,0.333333333333333
11427,125,0.393617021276596
100872,125,0.275862068965517
20166,125,0.302158273381295
10280,125,0.309352517985612
12687,125,0.282539682539683
10649,125,0.277056277056277
17074,125,0.356020942408377
100868,125,0.366153846153846
12744,125,0.382488479262673
11300,125,0.294964028776978
11426,125,0.398936170212766
10576,125,0.394871794871795
10360,125,0.272251308900524
10439,125,0.294392523364486
