Var1,Var2,Freq
10819,10819,1
10669,10819,0.512129380053908
11184,10819,0.456862745098039
10670,10819,0.514360313315927
12019,10819,0.513020833333333
10023,10819,0.524781341107872
11890,10819,0.328877005347594
10635,10819,0.393939393939394
11749,10819,0.399449035812672
10024,10819,0.393162393162393
10634,10819,0.458646616541353
12167,10819,0.399449035812672
10819,10669,0.512129380053908
10669,10669,1
11184,10669,0.921212121212121
10670,10669,0.670454545454545
12019,10669,0.683473389355742
10023,10669,0.562118126272912
11890,10669,0.397058823529412
10635,10669,0.377593360995851
11749,10669,0.384297520661157
10024,10669,0.423676012461059
10634,10669,0.63169164882227
12167,10669,0.381742738589212
10819,11184,0.456862745098039
10669,11184,0.921212121212121
11184,11184,1
10670,11184,0.661111111111111
12019,11184,0.671232876712329
10023,11184,0.56734693877551
11890,11184,0.401785714285714
10635,11184,0.378818737270876
11749,11184,0.384297520661157
10024,11184,0.423676012461059
10634,11184,0.62396694214876
12167,11184,0.384297520661157
10819,10670,0.514360313315927
10669,10670,0.670454545454545
11184,10670,0.661111111111111
10670,10670,1
12019,10670,0.839486356340289
10023,10670,0.827272727272727
11890,10670,0.419871794871795
10635,10670,0.449864498644986
11749,10670,0.476470588235294
10024,10670,0.426791277258567
10634,10670,0.668711656441718
12167,10670,0.476470588235294
10819,12019,0.513020833333333
10669,12019,0.683473389355742
11184,12019,0.671232876712329
10670,12019,0.839486356340289
12019,12019,1
10023,12019,0.81570996978852
11890,12019,0.421725239616613
10635,12019,0.467065868263473
11749,12019,0.466275659824047
10024,12019,0.428571428571429
10634,12019,0.672782874617737
12167,12019,0.466275659824047
10819,10023,0.524781341107872
10669,10023,0.562118126272912
11184,10023,0.56734693877551
10670,10023,0.827272727272727
12019,10023,0.81570996978852
10023,10023,1
11890,10023,0.399416909620991
10635,10023,0.400826446280992
11749,10023,0.40495867768595
10024,10023,0.39067055393586
10634,10023,0.547568710359408
12167,10023,0.40495867768595
10819,11890,0.328877005347594
10669,11890,0.397058823529412
11184,11890,0.401785714285714
10670,11890,0.419871794871795
12019,11890,0.421725239616613
10023,11890,0.399416909620991
11890,11890,1
10635,11890,0.458083832335329
11749,11890,0.442196531791907
10024,11890,0.654654654654655
10634,11890,0.400641025641026
12167,11890,0.442196531791907
10819,10635,0.393939393939394
10669,10635,0.377593360995851
11184,10635,0.378818737270876
10670,10635,0.449864498644986
12019,10635,0.467065868263473
10023,10635,0.400826446280992
11890,10635,0.458083832335329
10635,10635,1
11749,10635,0.939637826961771
10024,10635,0.421652421652422
10634,10635,0.378494623655914
12167,10635,0.939637826961771
10819,11749,0.399449035812672
10669,11749,0.384297520661157
11184,11749,0.384297520661157
10670,11749,0.476470588235294
12019,11749,0.466275659824047
10023,11749,0.40495867768595
11890,11749,0.442196531791907
10635,11749,0.939637826961771
11749,11749,1
10024,11749,0.409470752089137
10634,11749,0.36231884057971
12167,11749,0.99601593625498
10819,10024,0.393162393162393
10669,10024,0.423676012461059
11184,10024,0.423676012461059
10670,10024,0.426791277258567
12019,10024,0.428571428571429
10023,10024,0.39067055393586
11890,10024,0.654654654654655
10635,10024,0.421652421652422
11749,10024,0.409470752089137
10024,10024,1
10634,10024,0.359550561797753
12167,10024,0.409470752089137
10819,10634,0.458646616541353
10669,10634,0.63169164882227
11184,10634,0.62396694214876
10670,10634,0.668711656441718
12019,10634,0.672782874617737
10023,10634,0.547568710359408
11890,10634,0.400641025641026
10635,10634,0.378494623655914
11749,10634,0.36231884057971
10024,10634,0.359550561797753
10634,10634,1
12167,10634,0.36231884057971
10819,12167,0.399449035812672
10669,12167,0.381742738589212
11184,12167,0.384297520661157
10670,12167,0.476470588235294
12019,12167,0.466275659824047
10023,12167,0.40495867768595
11890,12167,0.442196531791907
10635,12167,0.939637826961771
11749,12167,0.99601593625498
10024,12167,0.409470752089137
10634,12167,0.36231884057971
12167,12167,1
