Var1,Var2,Freq
10819,10819,1
10669,10819,0.351800463889627
11184,10819,0.355588535501845
10670,10819,0.306566912629641
12019,10819,0.305125538610144
10023,10819,0.324287791993557
11890,10819,0.245713426076981
10635,10819,0.238331630272804
11749,10819,0.242353667127002
10024,10819,0.24426201517237
10634,10819,0.340997386932201
12167,10819,0.242353667127002
10819,10669,0.351800463889627
10669,10669,1
11184,10669,0.910830697447312
10670,10669,0.419438680045374
12019,10669,0.419476834346727
10023,10669,0.521026114467817
11890,10669,0.296012105522933
10635,10669,0.322849297561902
11749,10669,0.32298615724794
10024,10669,0.296069692018079
10634,10669,0.591951186079299
12167,10669,0.32298615724794
10819,11184,0.355588535501845
10669,11184,0.910830697447312
11184,11184,1
10670,11184,0.419070891953319
12019,11184,0.418103156355391
10023,11184,0.517697406406404
11890,11184,0.299124172774402
10635,11184,0.335217616457375
11749,11184,0.330861998583351
10024,11184,0.292839639697551
10634,11184,0.6006414690615
12167,11184,0.331982298804288
10819,10670,0.306566912629641
10669,10670,0.419438680045374
11184,10670,0.419070891953319
10670,10670,1
12019,10670,0.807704116243615
10023,10670,0.490333451912849
11890,10670,0.255666085082659
10635,10670,0.276457673517631
11749,10670,0.276253268555476
10024,10670,0.258653844144056
10634,10670,0.405145414690729
12167,10670,0.276253268555476
10819,12019,0.305125538610144
10669,12019,0.419476834346727
11184,12019,0.418103156355391
10670,12019,0.807704116243615
12019,12019,1
10023,12019,0.484497861097036
11890,12019,0.255184390790968
10635,12019,0.267393230442843
11749,12019,0.26985418943769
10024,12019,0.260264532426309
10634,12019,0.401822061581939
12167,12019,0.26985418943769
10819,10023,0.324287791993557
10669,10023,0.521026114467817
11184,10023,0.517697406406404
10670,10023,0.490333451912849
12019,10023,0.484497861097036
10023,10023,1
11890,10023,0.288672017539862
10635,10023,0.32415343743993
11749,10023,0.328688006787543
10024,10023,0.278466592700074
10634,10023,0.468111548264478
12167,10023,0.328688006787543
10819,11890,0.245713426076981
10669,11890,0.296012105522933
11184,11890,0.299124172774402
10670,11890,0.255666085082659
12019,11890,0.255184390790968
10023,11890,0.288672017539862
11890,11890,1
10635,11890,0.316007024641872
11749,11890,0.313402113595698
10024,11890,0.487422406753973
10634,11890,0.286150584152139
12167,11890,0.313402113595698
10819,10635,0.238331630272804
10669,10635,0.322849297561902
11184,10635,0.335217616457375
10670,10635,0.276457673517631
12019,10635,0.267393230442843
10023,10635,0.32415343743993
11890,10635,0.316007024641872
10635,10635,1
11749,10635,0.942677772650506
10024,10635,0.297680272258252
10634,10635,0.293873961809305
12167,10635,0.943417417823241
10819,11749,0.242353667127002
10669,11749,0.32298615724794
11184,11749,0.330861998583351
10670,11749,0.276253268555476
12019,11749,0.26985418943769
10023,11749,0.328688006787543
11890,11749,0.313402113595698
10635,11749,0.942677772650506
11749,11749,1
10024,11749,0.30091010062915
10634,11749,0.29477466202086
12167,11749,0.995565410199557
10819,10024,0.24426201517237
10669,10024,0.296069692018079
11184,10024,0.292839639697551
10670,10024,0.258653844144056
12019,10024,0.260264532426309
10023,10024,0.278466592700074
11890,10024,0.487422406753973
10635,10024,0.297680272258252
11749,10024,0.30091010062915
10024,10024,1
10634,10024,0.315040346725786
12167,10024,0.30091010062915
10819,10634,0.340997386932201
10669,10634,0.591951186079299
11184,10634,0.6006414690615
10670,10634,0.405145414690729
12019,10634,0.401822061581939
10023,10634,0.468111548264478
11890,10634,0.286150584152139
10635,10634,0.293873961809305
11749,10634,0.29477466202086
10024,10634,0.315040346725786
10634,10634,1
12167,10634,0.29477466202086
10819,12167,0.242353667127002
10669,12167,0.32298615724794
11184,12167,0.331982298804288
10670,12167,0.276253268555476
12019,12167,0.26985418943769
10023,12167,0.328688006787543
11890,12167,0.313402113595698
10635,12167,0.943417417823241
11749,12167,0.995565410199557
10024,12167,0.30091010062915
10634,12167,0.29477466202086
12167,12167,1
