Var1,Var2,Freq
100000,100000,1
12102,100000,0.369789785386335
12103,100000,0.363003490037853
161,100000,0.0992721021246469
166,100000,0.369793012665623
222,100000,0.363073903416093
17142,100000,0.0939611149941394
12865,100000,0.100230834233385
17111,100000,0.857926533192579
100000,12102,0.369789785386335
12102,12102,1
12103,12102,0.464041658979634
161,12102,0.106206599002321
166,12102,0.961025580728437
222,12102,0.465444786754689
17142,12102,0.0948494516162492
12865,12102,0.106097568484921
17111,12102,0.365492122201179
100000,12103,0.363003490037853
12102,12103,0.464041658979634
12103,12103,1
161,12103,0.106551689378005
166,12103,0.462165596867787
222,12103,0.984388105555217
17142,12103,0.0906476654950149
12865,12103,0.106280538174294
17111,12103,0.359293267902022
100000,161,0.0992721021246469
12102,161,0.106206599002321
12103,161,0.106551689378005
161,161,1
166,161,0.10657427730629
222,161,0.106490599058959
17142,161,0.103452104853091
12865,161,0.994043252361266
17111,161,0.0998562033187609
100000,166,0.369793012665623
12102,166,0.961025580728437
12103,166,0.462165596867787
161,166,0.10657427730629
166,166,1
222,166,0.462928206543494
17142,166,0.0929768263657578
12865,166,0.106464869334419
17111,166,0.365915166066864
100000,222,0.363073903416093
12102,222,0.465444786754689
12103,222,0.984388105555217
161,222,0.106490599058959
166,222,0.462928206543494
222,222,1
17142,222,0.0900130846230981
12865,222,0.106381276990249
17111,222,0.359365957068532
100000,17142,0.0939611149941394
12102,17142,0.0948494516162492
12103,17142,0.0906476654950149
161,17142,0.103452104853091
166,17142,0.0929768263657578
222,17142,0.0900130846230981
17142,17142,1
12865,17142,0.103530778458961
17111,17142,0.0941705743935991
100000,12865,0.100230834233385
12102,12865,0.106097568484921
12103,12865,0.106280538174294
161,12865,0.994043252361266
166,12865,0.106464869334419
222,12865,0.106381276990249
17142,12865,0.103530778458961
12865,12865,1
17111,12865,0.100814901537049
100000,17111,0.857926533192579
12102,17111,0.365492122201179
12103,17111,0.359293267902022
161,17111,0.0998562033187609
166,17111,0.365915166066864
222,17111,0.359365957068532
17142,17111,0.0941705743935991
12865,17111,0.100814901537049
17111,17111,1
