Var1,Var2,Freq
100000,100000,1
12102,100000,0.563758389261745
12103,100000,0.577830188679245
161,100000,0.275590551181102
166,100000,0.565995525727069
222,100000,0.579009433962264
17142,100000,0.317919075144509
12865,100000,0.278740157480315
17111,100000,0.879421221864952
100000,12102,0.563758389261745
12102,12102,1
12103,12102,0.528859060402685
161,12102,0.285520974289581
166,12102,0.952185792349727
222,12102,0.529530201342282
17142,12102,0.282853566958698
12865,12102,0.285520974289581
17111,12102,0.56341189674523
100000,12103,0.577830188679245
12102,12103,0.528859060402685
12103,12103,1
161,12103,0.264394829612221
166,12103,0.530405405405405
222,12103,0.984501347708895
17142,12103,0.339468302658487
12865,12103,0.264394829612221
17111,12103,0.575471698113208
100000,161,0.275590551181102
12102,161,0.285520974289581
12103,161,0.264394829612221
161,161,1
166,161,0.285520974289581
222,161,0.264394829612221
17142,161,0.328735632183908
12865,161,0.992537313432836
17111,161,0.277165354330709
100000,166,0.565995525727069
12102,166,0.952185792349727
12103,166,0.530405405405405
161,166,0.285520974289581
166,166,1
222,166,0.530764029749831
17142,166,0.27909887359199
12865,166,0.285520974289581
17111,166,0.565656565656566
100000,222,0.579009433962264
12102,222,0.529530201342282
12103,222,0.984501347708895
161,222,0.264394829612221
166,222,0.530764029749831
222,222,1
17142,222,0.337423312883436
12865,222,0.264394829612221
17111,222,0.576650943396226
100000,17142,0.317919075144509
12102,17142,0.282853566958698
12103,17142,0.339468302658487
161,17142,0.328735632183908
166,17142,0.27909887359199
222,17142,0.337423312883436
17142,17142,1
12865,17142,0.328735632183908
17111,17142,0.313111545988258
100000,12865,0.278740157480315
12102,12865,0.285520974289581
12103,12865,0.264394829612221
161,12865,0.992537313432836
166,12865,0.285520974289581
222,12865,0.264394829612221
17142,12865,0.328735632183908
12865,12865,1
17111,12865,0.280314960629921
100000,17111,0.879421221864952
12102,17111,0.56341189674523
12103,17111,0.575471698113208
161,17111,0.277165354330709
166,17111,0.565656565656566
222,17111,0.576650943396226
17142,17111,0.313111545988258
12865,17111,0.280314960629921
17111,17111,1
