Var1,Var2,Freq
240,240,1
270,240,0.70012930768124
57,240,0.681804164631245
11947,240,0.677159730404034
12336,240,0.812153939871697
11718,240,0.677553598305181
11403,240,0.972912197384856
10300,240,0.678423350145869
240,270,0.70012930768124
270,270,1
57,270,0.762531037441683
11947,270,0.719557496165867
12336,270,0.675807959979424
11718,270,0.7690568393374
11403,270,0.701300504306208
10300,270,0.905885032313956
240,57,0.681804164631245
270,57,0.762531037441683
57,57,1
11947,57,0.854171857607736
12336,57,0.649376270286221
11718,57,0.983493479790817
11403,57,0.680180784643767
10300,57,0.690480625699678
240,11947,0.677159730404034
270,11947,0.719557496165867
57,11947,0.854171857607736
11947,11947,1
12336,11947,0.65044199521822
11718,11947,0.864870738627368
11403,11947,0.672286241043071
10300,11947,0.696142649186754
240,12336,0.812153939871697
270,12336,0.675807959979424
57,12336,0.649376270286221
11947,12336,0.65044199521822
12336,12336,1
11718,12336,0.645264448306267
11403,12336,0.83605585455412
10300,12336,0.660309919165735
240,11718,0.677553598305181
270,11718,0.7690568393374
57,11718,0.983493479790817
11947,11718,0.864870738627368
12336,11718,0.645264448306267
11718,11718,1
11403,11718,0.675958150751734
10300,11718,0.69478030926954
240,11403,0.972912197384856
270,11403,0.701300504306208
57,11403,0.680180784643767
11947,11403,0.672286241043071
12336,11403,0.83605585455412
11718,11403,0.675958150751734
11403,11403,1
10300,11403,0.676370513399186
240,10300,0.678423350145869
270,10300,0.905885032313956
57,10300,0.690480625699678
11947,10300,0.696142649186754
12336,10300,0.660309919165735
11718,10300,0.69478030926954
11403,10300,0.676370513399186
10300,10300,1
