Var1,Var2,Freq
11180,11180,1
10462,11180,0.150315197723593
11269,11180,0.250154076652729
20113,11180,0.20901162686993
10461,11180,0.142991496676585
17023,11180,0.160329100891944
11180,10462,0.150315197723593
10462,10462,1
11269,10462,0.209379248250936
20113,10462,0.218835117623546
10461,10462,0.408803180913959
17023,10462,0.648415146018791
11180,11269,0.250154076652729
10462,11269,0.209379248250936
11269,11269,1
20113,11269,0.553083752891746
10461,11269,0.193047510195804
17023,11269,0.230859088467896
11180,20113,0.20901162686993
10462,20113,0.218835117623546
11269,20113,0.553083752891746
20113,20113,1
10461,20113,0.201339913076842
17023,20113,0.239451151991434
11180,10461,0.142991496676585
10462,10461,0.408803180913959
11269,10461,0.193047510195804
20113,10461,0.201339913076842
10461,10461,1
17023,10461,0.500018596884323
11180,17023,0.160329100891944
10462,17023,0.648415146018791
11269,17023,0.230859088467896
20113,17023,0.239451151991434
10461,17023,0.500018596884323
17023,17023,1
