Var1,Var2,Freq
277,277,1
266,277,0.543265419754503
275,277,0.595898592823965
11558,277,0.587740032699615
17089,277,0.884822608183739
12793,277,0.544625707909727
12391,277,0.548791829458411
11589,277,0.935787146029152
11559,277,0.588475147777282
277,266,0.543265419754503
266,266,1
275,266,0.671472836740365
11558,266,0.66326999618171
17089,266,0.586059638483782
12793,266,0.985979465276183
12391,266,0.981443382416276
11589,266,0.5481889487619
11559,266,0.665313667777782
277,275,0.595898592823965
266,275,0.671472836740365
275,275,1
11558,275,0.966057475083346
17089,275,0.638868485167191
12793,275,0.670101324129013
12391,275,0.667628625515991
11589,275,0.596539602980245
11559,275,0.96787558233827
277,11558,0.587740032699615
266,11558,0.66326999618171
275,11558,0.966057475083346
11558,11558,1
17089,11558,0.638617938943252
12793,11558,0.661905186824667
12391,11558,0.659447618061704
11589,11558,0.593270554547695
11559,11558,0.988403032542606
277,17089,0.884822608183739
266,17089,0.586059638483782
275,17089,0.638868485167191
11558,17089,0.638617938943252
17089,17089,1
12793,17089,0.587939075714595
12391,17089,0.592442787297367
11589,17089,0.928203427825433
11559,17089,0.638194350705397
277,12793,0.544625707909727
266,12793,0.985979465276183
275,12793,0.670101324129013
11558,12793,0.661905186824667
17089,12793,0.587939075714595
12793,12793,1
12391,12793,0.988448844884488
11589,12793,0.549950154306382
11559,12793,0.663948701012383
277,12391,0.548791829458411
266,12391,0.981443382416276
275,12391,0.667628625515991
11558,12391,0.659447618061704
17089,12391,0.592442787297367
12793,12391,0.988448844884488
12391,12391,1
11589,12391,0.554171683753256
11559,12391,0.661489631749375
277,11589,0.935787146029152
266,11589,0.5481889487619
275,11589,0.596539602980245
11558,11589,0.593270554547695
17089,11589,0.928203427825433
12793,11589,0.549950154306382
12391,11589,0.554171683753256
11589,11589,1
11559,11589,0.592870249391195
277,11559,0.588475147777282
266,11559,0.665313667777782
275,11559,0.96787558233827
11558,11559,0.988403032542606
17089,11559,0.638194350705397
12793,11559,0.663948701012383
12391,11559,0.661489631749375
11589,11559,0.592870249391195
11559,11559,1
