Var1,Var2,Freq
114,114,1
278,114,0.391692327043978
280,114,0.451273688150186
252,114,0.399622475329708
176,114,0.0276987732012562
10541,114,0.0331122197267861
10657,114,0.797406461671974
11000,114,0.0289261919036738
11831,114,0.394229483765615
11736,114,0.392982421897069
12512,114,0.9466826305779
17086,114,0.385972614806807
10545,114,0.0321160430864679
12171,114,0.441756590614312
100848,114,0.0320920953371989
10544,114,0.0303919775799532
11907,114,0.0338863693066332
11806,114,0.949022599348716
10012,114,0.0290911088152799
12854,114,0.392490885114604
100826,114,0.0338913307791811
10871,114,0.0383654152428171
102981,114,0.945036946452783
12265,114,0.95176091767822
102849,114,0.0318775644957968
101301,114,0.030271816755205
102815,114,0.427252532297841
104138,114,0.0296984122594771
114,278,0.391692327043978
278,278,1
280,278,0.320428201084416
252,278,0.484875953857984
176,278,0.0240030725899499
10541,278,0.031153737183106
10657,278,0.39960042832074
11000,278,0.0257829154102295
11831,278,0.887084156485159
11736,278,0.472970072577904
12512,278,0.388404161625429
17086,278,0.459227733370782
10545,278,0.0329036093189135
12171,278,0.319049992940327
100848,278,0.0375618515608303
10544,278,0.0306466175674408
11907,278,0.0330188114573994
11806,278,0.389808722846334
10012,278,0.0374543166949962
12854,278,0.874601755728406
100826,278,0.0353011387276062
10871,278,0.0303968192695517
102981,278,0.382803873365863
12265,278,0.386300694320796
102849,278,0.0337479253872276
101301,278,0.0333115029456855
102815,278,0.316460178728343
104138,278,0.0449837761596428
114,280,0.451273688150186
278,280,0.320428201084416
280,280,1
252,280,0.314580553435433
176,280,0.0369953968714933
10541,280,0.0320110371092456
10657,280,0.470817639870304
11000,280,0.0388555480131122
11831,280,0.329217696792645
11736,280,0.322921015713704
12512,280,0.450938250994162
17086,280,0.310479642489782
10545,280,0.0231028596251305
12171,280,0.74495635782988
100848,280,0.0356266082958543
10544,280,0.0224928302790358
11907,280,0.0278093730976085
11806,280,0.448189709280006
10012,280,0.0367087675815061
12854,280,0.331843977649512
100826,280,0.0404349942432576
10871,280,0.0250981795059922
102981,280,0.449271397044189
12265,280,0.453549448688545
102849,280,0.0313208118616259
101301,280,0.0273825448469748
102815,280,0.728720693504917
104138,280,0.0337773641118516
114,252,0.399622475329708
278,252,0.484875953857984
280,252,0.314580553435433
252,252,1
176,252,0.0260001389876581
10541,252,0.0346163752605029
10657,252,0.384451444382965
11000,252,0.0275995000515104
11831,252,0.497178742660634
11736,252,0.787661405097152
12512,252,0.3951489043786
17086,252,0.850853286889695
10545,252,0.0308191590657136
12171,252,0.31009498459134
100848,252,0.0237126129440867
10544,252,0.0322200643000754
11907,252,0.0309029202191873
11806,252,0.396430717666139
10012,252,0.0246727583059833
12854,252,0.495208036803102
100826,252,0.0242630103317195
10871,252,0.029052219050023
102981,252,0.390038180958146
12265,252,0.396889669878028
102849,252,0.0305903105241959
101301,252,0.0356585286278589
102815,252,0.308347539202983
104138,252,0.0257228601422018
114,176,0.0276987732012562
278,176,0.0240030725899499
280,176,0.0369953968714933
252,176,0.0260001389876581
176,176,1
10541,176,0.145227799028969
10657,176,0.0372866049522981
11000,176,0.851990337785838
11831,176,0.0246967829887224
11736,176,0.0256029776888566
12512,176,0.0265603878200814
17086,176,0.0307092598910146
10545,176,0.1176520444626
12171,176,0.0351476178084129
100848,176,0.439037514467856
10544,176,0.118486234548064
11907,176,0.14169806943359
11806,176,0.0265761459868905
10012,176,0.11511588452189
12854,176,0.0246246754392362
100826,176,0.115043197662164
10871,176,0.050747472258613
102981,176,0.0276497053625473
12265,176,0.0253830289948763
102849,176,0.144633817811714
101301,176,0.125120696937144
102815,176,0.0322580367746898
104138,176,0.420562174944421
114,10541,0.0331122197267861
278,10541,0.031153737183106
280,10541,0.0320110371092456
252,10541,0.0346163752605029
176,10541,0.145227799028969
10541,10541,1
10657,10541,0.0334304225427853
11000,10541,0.149910740416083
11831,10541,0.0324072134550202
11736,10541,0.0323208041045966
12512,10541,0.0287142628800236
17086,10541,0.0283898985795775
10545,10541,0.303485578828958
12171,10541,0.033613492851517
100848,10541,0.151742167045709
10544,10541,0.309039658730017
11907,10541,0.484485252161491
11806,10541,0.0287312989318813
10012,10541,0.304784783253214
12854,10541,0.0323125936517452
100826,10541,0.309912854030501
10871,10541,0.137423446934591
102981,10541,0.0319517766702836
12265,10541,0.0314473006743337
102849,10541,0.483610618891508
101301,10541,0.310905486620319
102815,10541,0.0465555094663674
104138,10541,0.15035210717377
114,10657,0.797406461671974
278,10657,0.39960042832074
280,10657,0.470817639870304
252,10657,0.384451444382965
176,10657,0.0372866049522981
10541,10657,0.0334304225427853
10657,10657,1
11000,10657,0.0426380848452276
11831,10657,0.395638183697787
11736,10657,0.379254846486879
12512,10657,0.779935693054122
17086,10657,0.380668698986652
10545,10657,0.0363379953948851
12171,10657,0.467239977318851
100848,10657,0.0306331952073201
10544,10657,0.0357050639479311
11907,10657,0.0309011717395658
11806,10657,0.782193820783977
10012,10657,0.0305454962148635
12854,10657,0.401601524076334
100826,10657,0.0330371234540467
10871,10657,0.0431608547056042
102981,10657,0.772125989406522
12265,10657,0.778047976771752
102849,10657,0.0327387973548351
101301,10657,0.0345245583444781
102815,10657,0.450799860073928
104138,10657,0.0299838089646706
114,11000,0.0289261919036738
278,11000,0.0257829154102295
280,11000,0.0388555480131122
252,11000,0.0275995000515104
176,11000,0.851990337785838
10541,11000,0.149910740416083
10657,11000,0.0426380848452276
11000,11000,1
11831,11000,0.0264869360854887
11736,11000,0.0277214661069851
12512,11000,0.0272067333510983
17086,11000,0.0297610366643361
10545,11000,0.11632777102071
12171,11000,0.0346496313536858
100848,11000,0.43730219423412
10544,11000,0.115547606127192
11907,11000,0.142592117985349
11806,11000,0.0272228749920028
10012,11000,0.109154691741647
12854,11000,0.0252613582439345
100826,11000,0.107912894391772
10871,11000,0.0567673520396015
102981,11000,0.0300299477052377
12265,11000,0.0294959852442217
102849,11000,0.138556771021176
101301,11000,0.123795276297579
102815,11000,0.0317519911513563
104138,11000,0.421630647964738
114,11831,0.394229483765615
278,11831,0.887084156485159
280,11831,0.329217696792645
252,11831,0.497178742660634
176,11831,0.0246967829887224
10541,11831,0.0324072134550202
10657,11831,0.395638183697787
11000,11831,0.0264869360854887
11831,11831,1
11736,11831,0.492578058770503
12512,11831,0.390925315596473
17086,11831,0.473532709847234
10545,11831,0.0264537904378796
12171,11831,0.318842011681903
100848,11831,0.0354256520223525
10544,11831,0.0269491445466702
11907,11831,0.0326390292618162
11806,11831,0.392927192255748
10012,11831,0.0318497181232795
12854,11831,0.960238022981753
100826,11831,0.0308240096072674
10871,11831,0.026729484076065
102981,11831,0.384119308478111
12265,11831,0.392934615824624
102849,11831,0.0333687246036546
101301,11831,0.0295714914373138
102815,11831,0.316237124498248
104138,11831,0.030717902546754
114,11736,0.392982421897069
278,11736,0.472970072577904
280,11736,0.322921015713704
252,11736,0.787661405097152
176,11736,0.0256029776888566
10541,11736,0.0323208041045966
10657,11736,0.379254846486879
11000,11736,0.0277214661069851
11831,11736,0.492578058770503
11736,11736,1
12512,11736,0.395318056006801
17086,11736,0.769804370623472
10545,11736,0.0309553532452196
12171,11736,0.313598661981897
100848,11736,0.0243351719163969
10544,11736,0.0318721091354351
11907,11736,0.0320094684431771
11806,11736,0.3908185894135
10012,11736,0.024781790679854
12854,11736,0.482797793089484
100826,11736,0.0243702319719151
10871,11736,0.0213991102410622
102981,11736,0.38546845181803
12265,11736,0.394441804031683
102849,11736,0.033651730855661
101301,11736,0.0353186627055163
102815,11736,0.311312119312487
104138,11736,0.0258365330631321
114,12512,0.9466826305779
278,12512,0.388404161625429
280,12512,0.450938250994162
252,12512,0.3951489043786
176,12512,0.0265603878200814
10541,12512,0.0287142628800236
10657,12512,0.779935693054122
11000,12512,0.0272067333510983
11831,12512,0.390925315596473
11736,12512,0.395318056006801
12512,12512,1
17086,12512,0.384099563342955
10545,12512,0.0360134459160233
12171,12512,0.444423914482904
100848,12512,0.0303595976290177
10544,12512,0.0348332585721143
11907,12512,0.0350002065753152
11806,12512,0.982206578459736
10012,12512,0.0291083479923872
12854,12512,0.390959744157067
100826,12512,0.0339114145325166
10871,12512,0.0350977374223517
102981,12512,0.925490466253872
12265,12512,0.92685852386133
102849,12512,0.0318964549060448
101301,12512,0.0330943626121856
102815,12512,0.429914201929845
104138,12512,0.0308813450973987
114,17086,0.385972614806807
278,17086,0.459227733370782
280,17086,0.310479642489782
252,17086,0.850853286889695
176,17086,0.0307092598910146
10541,17086,0.0283898985795775
10657,17086,0.380668698986652
11000,17086,0.0297610366643361
11831,17086,0.473532709847234
11736,17086,0.769804370623472
12512,17086,0.384099563342955
17086,17086,1
10545,17086,0.0284853024109713
12171,17086,0.302257829858553
100848,17086,0.0279465335716894
10544,17086,0.0294067022086099
11907,17086,0.025692598033333
11806,17086,0.380647157804789
10012,17086,0.0221900115672618
12854,17086,0.466938759557031
100826,17086,0.0212492344338014
10871,17086,0.027708659850064
102981,17086,0.38004684634986
12265,17086,0.38743333709264
102849,17086,0.0272988259198066
101301,17086,0.0333133518094997
102815,17086,0.301026135497595
104138,17086,0.029439925982541
114,10545,0.0321160430864679
278,10545,0.0329036093189135
280,10545,0.0231028596251305
252,10545,0.0308191590657136
176,10545,0.1176520444626
10541,10545,0.303485578828958
10657,10545,0.0363379953948851
11000,10545,0.11632777102071
11831,10545,0.0264537904378796
11736,10545,0.0309553532452196
12512,10545,0.0360134459160233
17086,10545,0.0284853024109713
10545,10545,1
12171,10545,0.0258569453784817
100848,10545,0.150614975044359
10544,10545,0.957107988134283
11907,10545,0.268359109105278
11806,10545,0.0349260490797446
10012,10545,0.252482882032052
12854,10545,0.0263765529286878
100826,10545,0.252479599193839
10871,10545,0.17581651650132
102981,10545,0.0298481742682365
12265,10545,0.0315529788599361
102849,10545,0.271403066283961
101301,10545,0.847246474425218
102815,10545,0.0298281181183018
104138,10545,0.154669643127113
114,12171,0.441756590614312
278,12171,0.319049992940327
280,12171,0.74495635782988
252,12171,0.31009498459134
176,12171,0.0351476178084129
10541,12171,0.033613492851517
10657,12171,0.467239977318851
11000,12171,0.0346496313536858
11831,12171,0.318842011681903
11736,12171,0.313598661981897
12512,12171,0.444423914482904
17086,12171,0.302257829858553
10545,12171,0.0258569453784817
12171,12171,1
100848,12171,0.0319855992796208
10544,12171,0.0263644961885548
11907,12171,0.0316252198878753
11806,12171,0.440475392948632
10012,12171,0.0360284396290466
12854,12171,0.320893364452252
100826,12171,0.0379634742793603
10871,12171,0.0272623501280009
102981,12171,0.432574522110949
12265,12171,0.439222467941199
102849,12171,0.033476013777031
101301,12171,0.0290228628861521
102815,12171,0.922419747687276
104138,12171,0.0325125544867089
114,100848,0.0320920953371989
278,100848,0.0375618515608303
280,100848,0.0356266082958543
252,100848,0.0237126129440867
176,100848,0.439037514467856
10541,100848,0.151742167045709
10657,100848,0.0306331952073201
11000,100848,0.43730219423412
11831,100848,0.0354256520223525
11736,100848,0.0243351719163969
12512,100848,0.0303595976290177
17086,100848,0.0279465335716894
10545,100848,0.150614975044359
12171,100848,0.0319855992796208
100848,100848,1
10544,100848,0.150848526921634
11907,100848,0.155666882027239
11806,100848,0.0303776098510882
10012,100848,0.120986735760256
12854,100848,0.0353222192409473
100826,100848,0.12726762397382
10871,100848,0.0594154761702985
102981,100848,0.0314527858170494
12265,100848,0.035582519145422
102849,100848,0.162496281811646
101301,100848,0.150272206655296
102815,100848,0.0308386014385026
104138,100848,0.854521092510668
114,10544,0.0303919775799532
278,10544,0.0306466175674408
280,10544,0.0224928302790358
252,10544,0.0322200643000754
176,10544,0.118486234548064
10541,10544,0.309039658730017
10657,10544,0.0357050639479311
11000,10544,0.115547606127192
11831,10544,0.0269491445466702
11736,10544,0.0318721091354351
12512,10544,0.0348332585721143
17086,10544,0.0294067022086099
10545,10544,0.957107988134283
12171,10544,0.0263644961885548
100848,10544,0.150848526921634
10544,10544,1
11907,10544,0.26729482915611
11806,10544,0.033194214284265
10012,10544,0.249246389657372
12854,10544,0.026870460745023
100826,10544,0.24868603126039
10871,10544,0.176988024632627
102981,10544,0.0281317286887635
12265,10544,0.0309354024408106
102849,10544,0.273407402439256
101301,10544,0.842357645994228
102815,10544,0.0303281540073512
104138,10544,0.156524189463308
114,11907,0.0338863693066332
278,11907,0.0330188114573994
280,11907,0.0278093730976085
252,11907,0.0309029202191873
176,11907,0.14169806943359
10541,11907,0.484485252161491
10657,11907,0.0309011717395658
11000,11907,0.142592117985349
11831,11907,0.0326390292618162
11736,11907,0.0320094684431771
12512,11907,0.0350002065753152
17086,11907,0.025692598033333
10545,11907,0.268359109105278
12171,11907,0.0316252198878753
100848,11907,0.155666882027239
10544,11907,0.26729482915611
11907,11907,1
11806,11907,0.03502097205123
10012,11907,0.305608575519694
12854,11907,0.0325437326226243
100826,11907,0.333898353410239
10871,11907,0.109284511152111
102981,11907,0.0343719263948624
12265,11907,0.0305979865665193
102849,11907,0.88788800304632
101301,11907,0.29290322728913
102815,11907,0.0316638815403161
104138,11907,0.166643258487734
114,11806,0.949022599348716
278,11806,0.389808722846334
280,11806,0.448189709280006
252,11806,0.396430717666139
176,11806,0.0265761459868905
10541,11806,0.0287312989318813
10657,11806,0.782193820783977
11000,11806,0.0272228749920028
11831,11806,0.392927192255748
11736,11806,0.3908185894135
12512,11806,0.982206578459736
17086,11806,0.380647157804789
10545,11806,0.0349260490797446
12171,11806,0.440475392948632
100848,11806,0.0303776098510882
10544,11806,0.033194214284265
11907,11806,0.03502097205123
11806,11806,1
10012,11806,0.0291256178532909
12854,11806,0.391191698935205
100826,11806,0.0339315340326743
10871,11806,0.0373134708105912
102981,11806,0.92899814870007
12265,11806,0.924445458925614
102849,11806,0.0319153789390986
101301,11806,0.0331139973588623
102815,11806,0.427759356357761
104138,11806,0.0308996668700562
114,10012,0.0290911088152799
278,10012,0.0374543166949962
280,10012,0.0367087675815061
252,10012,0.0246727583059833
176,10012,0.11511588452189
10541,10012,0.304784783253214
10657,10012,0.0305454962148635
11000,10012,0.109154691741647
11831,10012,0.0318497181232795
11736,10012,0.024781790679854
12512,10012,0.0291083479923872
17086,10012,0.0221900115672618
10545,10012,0.252482882032052
12171,10012,0.0360284396290466
100848,10012,0.120986735760256
10544,10012,0.249246389657372
11907,10012,0.305608575519694
11806,10012,0.0291256178532909
10012,10012,1
12854,10012,0.0311793310280372
100826,10012,0.884303348521991
10871,10012,0.11741356556612
102981,10012,0.0284587829914538
12265,10012,0.0279192006765838
102849,10012,0.304618421667727
101301,10012,0.266630610870157
102815,10012,0.0325243709934328
104138,10012,0.126466427133717
114,12854,0.392490885114604
278,12854,0.874601755728406
280,12854,0.331843977649512
252,12854,0.495208036803102
176,12854,0.0246246754392362
10541,12854,0.0323125936517452
10657,12854,0.401601524076334
11000,12854,0.0252613582439345
11831,12854,0.960238022981753
11736,12854,0.482797793089484
12512,12854,0.390959744157067
17086,12854,0.466938759557031
10545,12854,0.0263765529286878
12171,12854,0.320893364452252
100848,12854,0.0353222192409473
10544,12854,0.026870460745023
11907,12854,0.0325437326226243
11806,12854,0.391191698935205
10012,12854,0.0311793310280372
12854,12854,1
100826,12854,0.0307340123068444
10871,12854,0.0266514416202262
102981,12854,0.384170830559325
12265,12854,0.387088260264369
102849,12854,0.0332712974625671
101301,12854,0.0294851511320533
102815,12854,0.318896913847626
104138,12854,0.0306282150486287
114,100826,0.0338913307791811
278,100826,0.0353011387276062
280,100826,0.0404349942432576
252,100826,0.0242630103317195
176,100826,0.115043197662164
10541,100826,0.309912854030501
10657,100826,0.0330371234540467
11000,100826,0.107912894391772
11831,100826,0.0308240096072674
11736,100826,0.0243702319719151
12512,100826,0.0339114145325166
17086,100826,0.0212492344338014
10545,100826,0.252479599193839
12171,100826,0.0379634742793603
100848,100826,0.12726762397382
10544,100826,0.24868603126039
11907,100826,0.333898353410239
11806,100826,0.0339315340326743
10012,100826,0.884303348521991
12854,100826,0.0307340123068444
100826,100826,1
10871,100826,0.120624910560999
102981,100826,0.0338312929450062
12265,100826,0.0309605003542976
102849,100826,0.329257827891863
101301,100826,0.266121572235168
102815,100826,0.033852553304389
104138,100826,0.140805434834642
114,10871,0.0383654152428171
278,10871,0.0303968192695517
280,10871,0.0250981795059922
252,10871,0.029052219050023
176,10871,0.050747472258613
10541,10871,0.137423446934591
10657,10871,0.0431608547056042
11000,10871,0.0567673520396015
11831,10871,0.026729484076065
11736,10871,0.0213991102410622
12512,10871,0.0350977374223517
17086,10871,0.027708659850064
10545,10871,0.17581651650132
12171,10871,0.0272623501280009
100848,10871,0.0594154761702985
10544,10871,0.176988024632627
11907,10871,0.109284511152111
11806,10871,0.0373134708105912
10012,10871,0.11741356556612
12854,10871,0.0266514416202262
100826,10871,0.120624910560999
10871,10871,1
102981,10871,0.0421271968204108
12265,10871,0.033422826196682
102849,10871,0.107861017562126
101301,10871,0.178514986416528
102815,10871,0.0284097875109932
104138,10871,0.0598353102149343
114,102981,0.945036946452783
278,102981,0.382803873365863
280,102981,0.449271397044189
252,102981,0.390038180958146
176,102981,0.0276497053625473
10541,102981,0.0319517766702836
10657,102981,0.772125989406522
11000,102981,0.0300299477052377
11831,102981,0.384119308478111
11736,102981,0.38546845181803
12512,102981,0.925490466253872
17086,102981,0.38004684634986
10545,102981,0.0298481742682365
12171,102981,0.432574522110949
100848,102981,0.0314527858170494
10544,102981,0.0281317286887635
11907,102981,0.0343719263948624
11806,102981,0.92899814870007
10012,102981,0.0284587829914538
12854,102981,0.384170830559325
100826,102981,0.0338312929450062
10871,102981,0.0421271968204108
102981,102981,1
12265,102981,0.930577086086189
102849,102981,0.034015652217028
101301,102981,0.0302181908198187
102815,102981,0.419287285337417
104138,102981,0.0296458020990172
114,12265,0.95176091767822
278,12265,0.386300694320796
280,12265,0.453549448688545
252,12265,0.396889669878028
176,12265,0.0253830289948763
10541,12265,0.0314473006743337
10657,12265,0.778047976771752
11000,12265,0.0294959852442217
11831,12265,0.392934615824624
11736,12265,0.394441804031683
12512,12265,0.92685852386133
17086,12265,0.38743333709264
10545,12265,0.0315529788599361
12171,12265,0.439222467941199
100848,12265,0.035582519145422
10544,12265,0.0309354024408106
11907,12265,0.0305979865665193
11806,12265,0.924445458925614
10012,12265,0.0279192006765838
12854,12265,0.387088260264369
100826,12265,0.0309605003542976
10871,12265,0.033422826196682
102981,12265,0.930577086086189
12265,12265,1
102849,12265,0.0318681318681319
101301,12265,0.030262859271134
102815,12265,0.427126107518539
104138,12265,0.0308539234447237
114,102849,0.0318775644957968
278,102849,0.0337479253872276
280,102849,0.0313208118616259
252,102849,0.0305903105241959
176,102849,0.144633817811714
10541,102849,0.483610618891508
10657,102849,0.0327387973548351
11000,102849,0.138556771021176
11831,102849,0.0333687246036546
11736,102849,0.033651730855661
12512,102849,0.0318964549060448
17086,102849,0.0272988259198066
10545,102849,0.271403066283961
12171,102849,0.033476013777031
100848,102849,0.162496281811646
10544,102849,0.273407402439256
11907,102849,0.88788800304632
11806,102849,0.0319153789390986
10012,102849,0.304618421667727
12854,102849,0.0332712974625671
100826,102849,0.329257827891863
10871,102849,0.107861017562126
102981,102849,0.034015652217028
12265,102849,0.0318681318681319
102849,102849,1
101301,102849,0.295583270976262
102815,102849,0.0335169380145332
104138,102849,0.174603267580047
114,101301,0.030271816755205
278,101301,0.0333115029456855
280,101301,0.0273825448469748
252,101301,0.0356585286278589
176,101301,0.125120696937144
10541,101301,0.310905486620319
10657,101301,0.0345245583444781
11000,101301,0.123795276297579
11831,101301,0.0295714914373138
11736,101301,0.0353186627055163
12512,101301,0.0330943626121856
17086,101301,0.0333133518094997
10545,101301,0.847246474425218
12171,101301,0.0290228628861521
100848,101301,0.150272206655296
10544,101301,0.842357645994228
11907,101301,0.29290322728913
11806,101301,0.0331139973588623
10012,101301,0.266630610870157
12854,101301,0.0294851511320533
100826,101301,0.266121572235168
10871,101301,0.178514986416528
102981,101301,0.0302181908198187
12265,101301,0.030262859271134
102849,101301,0.295583270976262
101301,101301,1
102815,101301,0.0330467432150761
104138,101301,0.157689749843395
114,102815,0.427252532297841
278,102815,0.316460178728343
280,102815,0.728720693504917
252,102815,0.308347539202983
176,102815,0.0322580367746898
10541,102815,0.0465555094663674
10657,102815,0.450799860073928
11000,102815,0.0317519911513563
11831,102815,0.316237124498248
11736,102815,0.311312119312487
12512,102815,0.429914201929845
17086,102815,0.301026135497595
10545,102815,0.0298281181183018
12171,102815,0.922419747687276
100848,102815,0.0308386014385026
10544,102815,0.0303281540073512
11907,102815,0.0316638815403161
11806,102815,0.427759356357761
10012,102815,0.0325243709934328
12854,102815,0.318896913847626
100826,102815,0.033852553304389
10871,102815,0.0284097875109932
102981,102815,0.419287285337417
12265,102815,0.427126107518539
102849,102815,0.0335169380145332
101301,102815,0.0330467432150761
102815,102815,1
104138,102815,0.0290011408024222
114,104138,0.0296984122594771
278,104138,0.0449837761596428
280,104138,0.0337773641118516
252,104138,0.0257228601422018
176,104138,0.420562174944421
10541,104138,0.15035210717377
10657,104138,0.0299838089646706
11000,104138,0.421630647964738
11831,104138,0.030717902546754
11736,104138,0.0258365330631321
12512,104138,0.0308813450973987
17086,104138,0.029439925982541
10545,104138,0.154669643127113
12171,104138,0.0325125544867089
100848,104138,0.854521092510668
10544,104138,0.156524189463308
11907,104138,0.166643258487734
11806,104138,0.0308996668700562
10012,104138,0.126466427133717
12854,104138,0.0306282150486287
100826,104138,0.140805434834642
10871,104138,0.0598353102149343
102981,104138,0.0296458020990172
12265,104138,0.0308539234447237
102849,104138,0.174603267580047
101301,104138,0.157689749843395
102815,104138,0.0290011408024222
104138,104138,1
