Var1,Var2,Freq
174,174,1
19,174,0.591397849462366
12244,174,0.886792452830189
12787,174,0.558603491271821
12788,174,0.556109725685786
12135,174,0.883018867924528
174,19,0.591397849462366
19,19,1
12244,19,0.576142131979695
12787,19,0.889816360601002
12788,19,0.881666666666667
12135,19,0.560679611650485
174,12244,0.886792452830189
19,12244,0.576142131979695
12244,12244,1
12787,12244,0.573604060913706
12788,12244,0.571065989847716
12135,12244,0.949056603773585
174,12787,0.558603491271821
19,12787,0.889816360601002
12244,12787,0.573604060913706
12787,12787,1
12788,12787,0.976666666666667
12135,12787,0.576142131979695
174,12788,0.556109725685786
19,12788,0.881666666666667
12244,12788,0.571065989847716
12787,12788,0.976666666666667
12788,12788,1
12135,12788,0.576142131979695
174,12135,0.883018867924528
19,12135,0.560679611650485
12244,12135,0.949056603773585
12787,12135,0.576142131979695
12788,12135,0.576142131979695
12135,12135,1
