Var1,Var2,Freq
174,174,1
19,174,0.380695762281466
12244,174,0.895980328279088
12787,174,0.379489498912226
12788,174,0.376819430712136
12135,174,0.894153390177821
174,19,0.380695762281466
19,19,1
12244,19,0.379357999497938
12787,19,0.893054322755443
12788,19,0.8842178521602
12135,19,0.381187193601088
174,12244,0.895980328279088
19,12244,0.379357999497938
12244,12244,1
12787,12244,0.375794608451052
12788,12244,0.373121928232272
12135,12244,0.957178903280473
174,12787,0.379489498912226
19,12787,0.893054322755443
12244,12787,0.375794608451052
12787,12787,1
12788,12787,0.975842305757099
12135,12787,0.37660477830678
174,12788,0.376819430712136
19,12788,0.8842178521602
12244,12788,0.373121928232272
12787,12788,0.975842305757099
12788,12788,1
12135,12788,0.374940586426911
174,12135,0.894153390177821
19,12135,0.381187193601088
12244,12135,0.957178903280473
12787,12135,0.37660477830678
12788,12135,0.374940586426911
12135,12135,1
