Var1,Var2,Freq
11180,11180,1
10462,11180,0.366925064599483
11269,11180,0.376288659793814
20113,11180,0.358778625954199
10461,11180,0.372093023255814
17023,11180,0.362467866323907
11180,10462,0.366925064599483
10462,10462,1
11269,10462,0.392059553349876
20113,10462,0.364425162689805
10461,10462,0.655480984340045
17023,10462,0.806167400881057
11180,11269,0.376288659793814
10462,11269,0.392059553349876
11269,11269,1
20113,11269,0.649885583524027
10461,11269,0.388888888888889
17023,11269,0.398034398034398
11180,20113,0.358778625954199
10462,20113,0.364425162689805
11269,20113,0.649885583524027
20113,20113,1
10461,20113,0.394088669950739
17023,20113,0.374707259953162
11180,10461,0.372093023255814
10462,10461,0.655480984340045
11269,10461,0.388888888888889
20113,10461,0.394088669950739
10461,10461,1
17023,10461,0.701902748414376
11180,17023,0.362467866323907
10462,17023,0.806167400881057
11269,17023,0.398034398034398
20113,17023,0.374707259953162
10461,17023,0.701902748414376
17023,17023,1
