Var1,Var2,Freq
133,133,1
163,133,0.629072681704261
10958,133,0.6265664160401
10959,133,0.631578947368421
12227,133,0.655913978494624
10872,133,0.654353562005277
10960,133,0.643617021276596
10961,133,0.96039603960396
12753,133,0.958415841584158
133,163,0.629072681704261
163,163,1
10958,163,0.923076923076923
10959,163,0.920940170940171
12227,163,0.690954773869347
10872,163,0.946581196581197
10960,163,0.685929648241206
10961,163,0.621553884711779
12753,163,0.62406015037594
133,10958,0.6265664160401
163,10958,0.923076923076923
10958,10958,1
10959,10958,0.980769230769231
12227,10958,0.670854271356784
10872,10958,0.901709401709402
10960,10958,0.665829145728643
10961,10958,0.62406015037594
12753,10958,0.621553884711779
133,10959,0.631578947368421
163,10959,0.920940170940171
10958,10959,0.980769230769231
10959,10959,1
12227,10959,0.665829145728643
10872,10959,0.91025641025641
10960,10959,0.665829145728643
10961,10959,0.629072681704261
12753,10959,0.6265664160401
133,12227,0.655913978494624
163,12227,0.690954773869347
10958,12227,0.670854271356784
10959,12227,0.665829145728643
12227,12227,1
10872,12227,0.685929648241206
10960,12227,0.922902494331066
10961,12227,0.645161290322581
12753,12227,0.647849462365591
133,10872,0.654353562005277
163,10872,0.946581196581197
10958,10872,0.901709401709402
10959,10872,0.91025641025641
12227,10872,0.685929648241206
10872,10872,1
10960,10872,0.678391959798995
10961,10872,0.643799472295514
12753,10872,0.646437994722955
133,10960,0.643617021276596
163,10960,0.685929648241206
10958,10960,0.665829145728643
10959,10960,0.665829145728643
12227,10960,0.922902494331066
10872,10960,0.678391959798995
10960,10960,1
10961,10960,0.638297872340426
12753,10960,0.640957446808511
133,10961,0.96039603960396
163,10961,0.621553884711779
10958,10961,0.62406015037594
10959,10961,0.629072681704261
12227,10961,0.645161290322581
10872,10961,0.643799472295514
10960,10961,0.638297872340426
10961,10961,1
12753,10961,0.994059405940594
133,12753,0.958415841584158
163,12753,0.62406015037594
10958,12753,0.621553884711779
10959,12753,0.6265664160401
12227,12753,0.647849462365591
10872,12753,0.646437994722955
10960,12753,0.640957446808511
10961,12753,0.994059405940594
12753,12753,1
