Var1,Var2,Freq
240,240,1
270,240,0.78239608801956
57,240,0.746511627906977
11947,240,0.826558265582656
12336,240,0.945945945945946
11718,240,0.741860465116279
11403,240,0.988864142538976
10300,240,0.854395604395604
240,270,0.78239608801956
270,270,1
57,270,0.813953488372093
11947,270,0.801418439716312
12336,270,0.80050505050505
11718,270,0.784017278617711
11403,270,0.722466960352423
10300,270,0.923236514522822
240,57,0.746511627906977
270,57,0.813953488372093
57,57,1
11947,57,0.977832512315271
12336,57,0.817204301075269
11718,57,0.982683982683983
11403,57,0.712719298245614
10300,57,0.763676148796499
240,11947,0.826558265582656
270,11947,0.801418439716312
57,11947,0.977832512315271
11947,11947,1
12336,11947,0.815013404825737
11718,11947,0.987684729064039
11403,11947,0.78772378516624
10300,11947,0.82741116751269
240,12336,0.945945945945946
270,12336,0.80050505050505
57,12336,0.817204301075269
11947,12336,0.815013404825737
12336,12336,1
11718,12336,0.811827956989247
11403,12336,0.956730769230769
10300,12336,0.779376498800959
240,11718,0.741860465116279
270,11718,0.784017278617711
57,11718,0.982683982683983
11947,11718,0.987684729064039
12336,11718,0.811827956989247
11718,11718,1
11403,11718,0.714601769911504
10300,11718,0.736951983298539
240,11403,0.988864142538976
270,11403,0.722466960352423
57,11403,0.712719298245614
11947,11403,0.78772378516624
12336,11403,0.956730769230769
11718,11403,0.714601769911504
11403,11403,1
10300,11403,0.8
240,10300,0.854395604395604
270,10300,0.923236514522822
57,10300,0.763676148796499
11947,10300,0.82741116751269
12336,10300,0.779376498800959
11718,10300,0.736951983298539
11403,10300,0.8
10300,10300,1
