Var1,Var2,Freq
114,114,1
278,114,0.477272727272727
280,114,0.487341772151899
252,114,0.516233766233766
176,114,0.266666666666667
10541,114,0.365853658536585
10657,114,0.841935483870968
11000,114,0.230769230769231
11831,114,0.483766233766234
11736,114,0.521594684385382
12512,114,0.947852760736196
17086,114,0.511627906976744
10545,114,0.225352112676056
12171,114,0.471337579617834
100848,114,0.30379746835443
10544,114,0.225352112676056
11907,114,0.28125
11806,114,0.947852760736196
10012,114,0.247422680412371
12854,114,0.480519480519481
100826,114,0.260869565217391
10871,114,0.228915662650602
102981,114,0.938650306748466
12265,114,0.94478527607362
102849,114,0.454545454545455
101301,114,0.233576642335766
102815,114,0.459807073954984
104138,114,0.237113402061856
114,278,0.477272727272727
278,278,1
280,278,0.387096774193548
252,278,0.606349206349206
176,278,0.218181818181818
10541,278,0.371428571428571
10657,278,0.459119496855346
11000,278,0.276595744680851
11831,278,0.876506024096386
11736,278,0.58125
12512,278,0.474025974025974
17086,278,0.577639751552795
10545,278,0.216216216216216
12171,278,0.407894736842105
100848,278,0.216
10544,278,0.202702702702703
11907,278,0.296875
11806,278,0.474025974025974
10012,278,0.241666666666667
12854,278,0.86144578313253
100826,278,0.241666666666667
10871,278,0.325581395348837
102981,278,0.474025974025974
12265,278,0.474025974025974
102849,278,0.296875
101301,278,0.243243243243243
102815,278,0.411184210526316
104138,278,0.214285714285714
114,280,0.487341772151899
278,280,0.387096774193548
280,280,1
252,280,0.416393442622951
176,280,0.165178571428571
10541,280,0.232558139534884
10657,280,0.504731861198738
11000,280,0.188940092165899
11831,280,0.4
11736,280,0.419141914191419
12512,280,0.482539682539683
17086,280,0.40655737704918
10545,280,0.207692307692308
12171,280,0.740506329113924
100848,280,0.196078431372549
10544,280,0.225806451612903
11907,280,0.321428571428571
11806,280,0.482539682539683
10012,280,0.254545454545455
12854,280,0.403225806451613
100826,280,0.261261261261261
10871,280,0.347826086956522
102981,280,0.482428115015974
12265,280,0.492012779552716
102849,280,0.324324324324324
101301,280,0.242424242424242
102815,280,0.731012658227848
104138,280,0.186507936507937
114,252,0.516233766233766
278,252,0.606349206349206
280,252,0.416393442622951
252,252,1
176,252,0.287878787878788
10541,252,0.283333333333333
10657,252,0.465408805031447
11000,252,0.310344827586207
11831,252,0.610062893081761
11736,252,0.866141732283465
12512,252,0.50974025974026
17086,252,0.860635696821516
10545,252,0.201438848920863
12171,252,0.444816053511706
100848,252,0.242424242424242
10544,252,0.211267605633803
11907,252,0.380952380952381
11806,252,0.50974025974026
10012,252,0.307692307692308
12854,252,0.607476635514019
100826,252,0.269230769230769
10871,252,0.253164556962025
102981,252,0.503246753246753
12265,252,0.512987012987013
102849,252,0.243243243243243
101301,252,0.223021582733813
102815,252,0.444816053511706
104138,252,0.285714285714286
114,176,0.266666666666667
278,176,0.218181818181818
280,176,0.165178571428571
252,176,0.287878787878788
176,176,1
10541,176,0.258503401360544
10657,176,0.208530805687204
11000,176,0.86646884272997
11831,176,0.236363636363636
11736,176,0.294117647058824
12512,176,0.266666666666667
17086,176,0.303030303030303
10545,176,0.244755244755245
12171,176,0.213675213675214
100848,176,0.474522292993631
10544,176,0.241258741258741
11907,176,0.252631578947368
11806,176,0.266666666666667
10012,176,0.224489795918367
12854,176,0.241379310344828
100826,176,0.232704402515723
10871,176,0.220833333333333
102981,176,0.266666666666667
12265,176,0.233333333333333
102849,176,0.256140350877193
101301,176,0.248251748251748
102815,176,0.205128205128205
104138,176,0.454248366013072
114,10541,0.365853658536585
278,10541,0.371428571428571
280,10541,0.232558139534884
252,10541,0.283333333333333
176,10541,0.258503401360544
10541,10541,1
10657,10541,0.365853658536585
11000,10541,0.261744966442953
11831,10541,0.222222222222222
11736,10541,0.342105263157895
12512,10541,0.341463414634146
17086,10541,0.25
10545,10541,0.42560553633218
12171,10541,0.23121387283237
100848,10541,0.274647887323944
10544,10541,0.432525951557093
11907,10541,0.584126984126984
11806,10541,0.341463414634146
10012,10541,0.432885906040268
12854,10541,0.222222222222222
100826,10541,0.442953020134228
10871,10541,0.34297520661157
102981,10541,0.341463414634146
12265,10541,0.365853658536585
102849,10541,0.568253968253968
101301,10541,0.429065743944637
102815,10541,0.223214285714286
104138,10541,0.272727272727273
114,10657,0.841935483870968
278,10657,0.459119496855346
280,10657,0.504731861198738
252,10657,0.465408805031447
176,10657,0.208530805687204
10541,10657,0.365853658536585
10657,10657,1
11000,10657,0.218009478672986
11831,10657,0.449685534591195
11736,10657,0.488215488215488
12512,10657,0.825806451612903
17086,10657,0.484848484848485
10545,10657,0.21830985915493
12171,10657,0.495297805642633
100848,10657,0.368421052631579
10544,10657,0.212328767123288
11907,10657,0.454545454545455
11806,10657,0.825806451612903
10012,10657,0.247706422018349
12854,10657,0.455974842767296
100826,10657,0.285714285714286
10871,10657,0.222222222222222
102981,10657,0.809677419354839
12265,10657,0.819354838709677
102849,10657,0.5
101301,10657,0.229007633587786
102815,10657,0.487179487179487
104138,10657,0.342105263157895
114,11000,0.230769230769231
278,11000,0.276595744680851
280,11000,0.188940092165899
252,11000,0.310344827586207
176,11000,0.86646884272997
10541,11000,0.261744966442953
10657,11000,0.218009478672986
11000,11000,1
11831,11000,0.206896551724138
11736,11000,0.307692307692308
12512,11000,0.215384615384615
17086,11000,0.3
10545,11000,0.22884012539185
12171,11000,0.230088495575221
100848,11000,0.465189873417722
10544,11000,0.225705329153605
11907,11000,0.246478873239437
11806,11000,0.215384615384615
10012,11000,0.234527687296417
12854,11000,0.206896551724138
100826,11000,0.226837060702875
10871,11000,0.2375
102981,11000,0.219298245614035
12265,11000,0.28
102849,11000,0.246478873239437
101301,11000,0.244372990353698
102815,11000,0.221238938053097
104138,11000,0.443037974683544
114,11831,0.483766233766234
278,11831,0.876506024096386
280,11831,0.4
252,11831,0.610062893081761
176,11831,0.236363636363636
10541,11831,0.222222222222222
10657,11831,0.449685534591195
11000,11831,0.206896551724138
11831,11831,1
11736,11831,0.605590062111801
12512,11831,0.477272727272727
17086,11831,0.585365853658537
10545,11831,0.230769230769231
12171,11831,0.404605263157895
100848,11831,0.212962962962963
10544,11831,0.25
11907,11831,0.4
11806,11831,0.477272727272727
10012,11831,0.3
12854,11831,0.957831325301205
100826,11831,0.3
10871,11831,0.27906976744186
102981,11831,0.470779220779221
12265,11831,0.480519480519481
102849,11831,0.4
101301,11831,0.260869565217391
102815,11831,0.394736842105263
104138,11831,0.185840707964602
114,11736,0.521594684385382
278,11736,0.58125
280,11736,0.419141914191419
252,11736,0.866141732283465
176,11736,0.294117647058824
10541,11736,0.342105263157895
10657,11736,0.488215488215488
11000,11736,0.307692307692308
11831,11736,0.605590062111801
11736,11736,1
12512,11736,0.512987012987013
17086,11736,0.855643044619423
10545,11736,0.208053691275168
12171,11736,0.439189189189189
100848,11736,0.264705882352941
10544,11736,0.214765100671141
11907,11736,0.22972972972973
11806,11736,0.50974025974026
10012,11736,0.307692307692308
12854,11736,0.59214501510574
100826,11736,0.269230769230769
10871,11736,0.229166666666667
102981,11736,0.511627906976744
12265,11736,0.521594684385382
102849,11736,0.22972972972973
101301,11736,0.228187919463087
102815,11736,0.432432432432432
104138,11736,0.3
114,12512,0.947852760736196
278,12512,0.474025974025974
280,12512,0.482539682539683
252,12512,0.50974025974026
176,12512,0.266666666666667
10541,12512,0.341463414634146
10657,12512,0.825806451612903
11000,12512,0.215384615384615
11831,12512,0.477272727272727
11736,12512,0.512987012987013
12512,12512,1
17086,12512,0.508305647840532
10545,12512,0.213333333333333
12171,12512,0.474522292993631
100848,12512,0.291139240506329
10544,12512,0.22
11907,12512,0.284615384615385
11806,12512,0.98159509202454
10012,12512,0.247422680412371
12854,12512,0.477272727272727
100826,12512,0.260869565217391
10871,12512,0.23030303030303
102981,12512,0.923312883435583
12265,12512,0.920245398773006
102849,12512,0.454545454545455
101301,12512,0.233576642335766
102815,12512,0.463022508038585
104138,12512,0.247422680412371
114,17086,0.511627906976744
278,17086,0.577639751552795
280,17086,0.40655737704918
252,17086,0.860635696821516
176,17086,0.303030303030303
10541,17086,0.25
10657,17086,0.484848484848485
11000,17086,0.3
11831,17086,0.585365853658537
11736,17086,0.855643044619423
12512,17086,0.508305647840532
17086,17086,1
10545,17086,0.203007518796992
12171,17086,0.431438127090301
100848,17086,0.239130434782609
10544,17086,0.210526315789474
11907,17086,0.216216216216216
11806,17086,0.504983388704319
10012,17086,0.206896551724138
12854,17086,0.599358974358974
100826,17086,0.272727272727273
10871,17086,0.253164556962025
102981,17086,0.501661129568106
12265,17086,0.511627906976744
102849,17086,0.216216216216216
101301,17086,0.220472440944882
102815,17086,0.42809364548495
104138,17086,0.261904761904762
114,10545,0.225352112676056
278,10545,0.216216216216216
280,10545,0.207692307692308
252,10545,0.201438848920863
176,10545,0.244755244755245
10541,10545,0.42560553633218
10657,10545,0.21830985915493
11000,10545,0.22884012539185
11831,10545,0.230769230769231
11736,10545,0.208053691275168
12512,10545,0.213333333333333
17086,10545,0.203007518796992
10545,10545,1
12171,10545,0.2109375
100848,10545,0.267361111111111
10544,10545,0.951742627345844
11907,10545,0.376996805111821
11806,10545,0.225352112676056
10012,10545,0.366883116883117
12854,10545,0.230769230769231
100826,10545,0.37248322147651
10871,10545,0.321192052980132
102981,10545,0.211267605633803
12265,10545,0.21830985915493
102849,10545,0.379421221864952
101301,10545,0.839335180055402
102815,10545,0.2109375
104138,10545,0.263888888888889
114,12171,0.471337579617834
278,12171,0.407894736842105
280,12171,0.740506329113924
252,12171,0.444816053511706
176,12171,0.213675213675214
10541,12171,0.23121387283237
10657,12171,0.495297805642633
11000,12171,0.230088495575221
11831,12171,0.404605263157895
11736,12171,0.439189189189189
12512,12171,0.474522292993631
17086,12171,0.431438127090301
10545,12171,0.2109375
12171,12171,1
100848,12171,0.182648401826484
10544,12171,0.2109375
11907,12171,0.357142857142857
11806,12171,0.468152866242038
10012,12171,0.270588235294118
12854,12171,0.409836065573771
100826,12171,0.252252252252252
10871,12171,0.197916666666667
102981,12171,0.469453376205788
12265,12171,0.472668810289389
102849,12171,0.392857142857143
101301,12171,0.242424242424242
102815,12171,0.921875
104138,12171,0.182648401826484
114,100848,0.30379746835443
278,100848,0.216
280,100848,0.196078431372549
252,100848,0.242424242424242
176,100848,0.474522292993631
10541,100848,0.274647887323944
10657,100848,0.368421052631579
11000,100848,0.465189873417722
11831,100848,0.212962962962963
11736,100848,0.264705882352941
12512,100848,0.291139240506329
17086,100848,0.239130434782609
10545,100848,0.267361111111111
12171,100848,0.182648401826484
100848,100848,1
10544,100848,0.270833333333333
11907,100848,0.256055363321799
11806,100848,0.291139240506329
10012,100848,0.233108108108108
12854,100848,0.196261682242991
100826,100848,0.228956228956229
10871,100848,0.257425742574257
102981,100848,0.372093023255814
12265,100848,0.333333333333333
102849,100848,0.262068965517241
101301,100848,0.270833333333333
102815,100848,0.215384615384615
104138,100848,0.831360946745562
114,10544,0.225352112676056
278,10544,0.202702702702703
280,10544,0.225806451612903
252,10544,0.211267605633803
176,10544,0.241258741258741
10541,10544,0.432525951557093
10657,10544,0.212328767123288
11000,10544,0.225705329153605
11831,10544,0.25
11736,10544,0.214765100671141
12512,10544,0.22
17086,10544,0.210526315789474
10545,10544,0.951742627345844
12171,10544,0.2109375
100848,10544,0.270833333333333
10544,10544,1
11907,10544,0.365625
11806,10544,0.225352112676056
10012,10544,0.363934426229508
12854,10544,0.25
100826,10544,0.369491525423729
10871,10544,0.324503311258278
102981,10544,0.211267605633803
12265,10544,0.21830985915493
102849,10544,0.371875
101301,10544,0.839335180055402
102815,10544,0.2109375
104138,10544,0.274305555555556
114,11907,0.28125
278,11907,0.296875
280,11907,0.321428571428571
252,11907,0.380952380952381
176,11907,0.252631578947368
10541,11907,0.584126984126984
10657,11907,0.454545454545455
11000,11907,0.246478873239437
11831,11907,0.4
11736,11907,0.22972972972973
12512,11907,0.284615384615385
17086,11907,0.216216216216216
10545,11907,0.376996805111821
12171,11907,0.357142857142857
100848,11907,0.256055363321799
10544,11907,0.365625
11907,11907,1
11806,11907,0.284615384615385
10012,11907,0.419795221843003
12854,11907,0.4
100826,11907,0.456375838926175
10871,11907,0.310043668122271
102981,11907,0.28125
12265,11907,0.28125
102849,11907,0.896551724137931
101301,11907,0.401253918495298
102815,11907,0.357142857142857
104138,11907,0.268211920529801
114,11806,0.947852760736196
278,11806,0.474025974025974
280,11806,0.482539682539683
252,11806,0.50974025974026
176,11806,0.266666666666667
10541,11806,0.341463414634146
10657,11806,0.825806451612903
11000,11806,0.215384615384615
11831,11806,0.477272727272727
11736,11806,0.50974025974026
12512,11806,0.98159509202454
17086,11806,0.504983388704319
10545,11806,0.225352112676056
12171,11806,0.468152866242038
100848,11806,0.291139240506329
10544,11806,0.225352112676056
11907,11806,0.284615384615385
11806,11806,1
10012,11806,0.247422680412371
12854,11806,0.477272727272727
100826,11806,0.260869565217391
10871,11806,0.23030303030303
102981,11806,0.923312883435583
12265,11806,0.917177914110429
102849,11806,0.454545454545455
101301,11806,0.233576642335766
102815,11806,0.466237942122186
104138,11806,0.247422680412371
114,10012,0.247422680412371
278,10012,0.241666666666667
280,10012,0.254545454545455
252,10012,0.307692307692308
176,10012,0.224489795918367
10541,10012,0.432885906040268
10657,10012,0.247706422018349
11000,10012,0.234527687296417
11831,10012,0.3
11736,10012,0.307692307692308
12512,10012,0.247422680412371
17086,10012,0.206896551724138
10545,10012,0.366883116883117
12171,10012,0.270588235294118
100848,10012,0.233108108108108
10544,10012,0.363934426229508
11907,10012,0.419795221843003
11806,10012,0.247422680412371
10012,10012,1
12854,10012,0.3
100826,10012,0.880368098159509
10871,10012,0.341880341880342
102981,10012,0.241071428571429
12265,10012,0.409090909090909
102849,10012,0.409556313993174
101301,10012,0.383116883116883
102815,10012,0.258823529411765
104138,10012,0.235690235690236
114,12854,0.480519480519481
278,12854,0.86144578313253
280,12854,0.403225806451613
252,12854,0.607476635514019
176,12854,0.241379310344828
10541,12854,0.222222222222222
10657,12854,0.455974842767296
11000,12854,0.206896551724138
11831,12854,0.957831325301205
11736,12854,0.59214501510574
12512,12854,0.477272727272727
17086,12854,0.599358974358974
10545,12854,0.230769230769231
12171,12854,0.409836065573771
100848,12854,0.196261682242991
10544,12854,0.25
11907,12854,0.4
11806,12854,0.477272727272727
10012,12854,0.3
12854,12854,1
100826,12854,0.241666666666667
10871,12854,0.27906976744186
102981,12854,0.470779220779221
12265,12854,0.474025974025974
102849,12854,0.4
101301,12854,0.260869565217391
102815,12854,0.39672131147541
104138,12854,0.254901960784314
114,100826,0.260869565217391
278,100826,0.241666666666667
280,100826,0.261261261261261
252,100826,0.269230769230769
176,100826,0.232704402515723
10541,100826,0.442953020134228
10657,100826,0.285714285714286
11000,100826,0.226837060702875
11831,100826,0.3
11736,100826,0.269230769230769
12512,100826,0.260869565217391
17086,100826,0.272727272727273
10545,100826,0.37248322147651
12171,100826,0.252252252252252
100848,100826,0.228956228956229
10544,100826,0.369491525423729
11907,100826,0.456375838926175
11806,100826,0.260869565217391
10012,100826,0.880368098159509
12854,100826,0.241666666666667
100826,100826,1
10871,100826,0.333333333333333
102981,100826,0.252173913043478
12265,100826,0.272727272727273
102849,100826,0.449664429530201
101301,100826,0.381107491856677
102815,100826,0.243243243243243
104138,100826,0.242424242424242
114,10871,0.228915662650602
278,10871,0.325581395348837
280,10871,0.347826086956522
252,10871,0.253164556962025
176,10871,0.220833333333333
10541,10871,0.34297520661157
10657,10871,0.222222222222222
11000,10871,0.2375
11831,10871,0.27906976744186
11736,10871,0.229166666666667
12512,10871,0.23030303030303
17086,10871,0.253164556962025
10545,10871,0.321192052980132
12171,10871,0.197916666666667
100848,10871,0.257425742574257
10544,10871,0.324503311258278
11907,10871,0.310043668122271
11806,10871,0.23030303030303
10012,10871,0.341880341880342
12854,10871,0.27906976744186
100826,10871,0.333333333333333
10871,10871,1
102981,10871,0.246987951807229
12265,10871,0.22289156626506
102849,10871,0.374045801526718
101301,10871,0.32890365448505
102815,10871,0.202020202020202
104138,10871,0.267326732673267
114,102981,0.938650306748466
278,102981,0.474025974025974
280,102981,0.482428115015974
252,102981,0.503246753246753
176,102981,0.266666666666667
10541,102981,0.341463414634146
10657,102981,0.809677419354839
11000,102981,0.219298245614035
11831,102981,0.470779220779221
11736,102981,0.511627906976744
12512,102981,0.923312883435583
17086,102981,0.501661129568106
10545,102981,0.211267605633803
12171,102981,0.469453376205788
100848,102981,0.372093023255814
10544,102981,0.211267605633803
11907,102981,0.28125
11806,102981,0.923312883435583
10012,102981,0.241071428571429
12854,102981,0.470779220779221
100826,102981,0.252173913043478
10871,102981,0.246987951807229
102981,102981,1
12265,102981,0.914110429447853
102849,102981,0.296296296296296
101301,102981,0.230769230769231
102815,102981,0.461038961038961
104138,102981,0.342105263157895
114,12265,0.94478527607362
278,12265,0.474025974025974
280,12265,0.492012779552716
252,12265,0.512987012987013
176,12265,0.233333333333333
10541,12265,0.365853658536585
10657,12265,0.819354838709677
11000,12265,0.28
11831,12265,0.480519480519481
11736,12265,0.521594684385382
12512,12265,0.920245398773006
17086,12265,0.511627906976744
10545,12265,0.21830985915493
12171,12265,0.472668810289389
100848,12265,0.333333333333333
10544,12265,0.21830985915493
11907,12265,0.28125
11806,12265,0.917177914110429
10012,12265,0.409090909090909
12854,12265,0.474025974025974
100826,12265,0.272727272727273
10871,12265,0.22289156626506
102981,12265,0.914110429447853
12265,12265,1
102849,12265,0.454545454545455
101301,12265,0.347826086956522
102815,12265,0.467532467532468
104138,12265,0.368421052631579
114,102849,0.454545454545455
278,102849,0.296875
280,102849,0.324324324324324
252,102849,0.243243243243243
176,102849,0.256140350877193
10541,102849,0.568253968253968
10657,102849,0.5
11000,102849,0.246478873239437
11831,102849,0.4
11736,102849,0.22972972972973
12512,102849,0.454545454545455
17086,102849,0.216216216216216
10545,102849,0.379421221864952
12171,102849,0.392857142857143
100848,102849,0.262068965517241
10544,102849,0.371875
11907,102849,0.896551724137931
11806,102849,0.454545454545455
10012,102849,0.409556313993174
12854,102849,0.4
100826,102849,0.449664429530201
10871,102849,0.374045801526718
102981,102849,0.296296296296296
12265,102849,0.454545454545455
102849,102849,1
101301,102849,0.395136778115502
102815,102849,0.392857142857143
104138,102849,0.278145695364238
114,101301,0.233576642335766
278,101301,0.243243243243243
280,101301,0.242424242424242
252,101301,0.223021582733813
176,101301,0.248251748251748
10541,101301,0.429065743944637
10657,101301,0.229007633587786
11000,101301,0.244372990353698
11831,101301,0.260869565217391
11736,101301,0.228187919463087
12512,101301,0.233576642335766
17086,101301,0.220472440944882
10545,101301,0.839335180055402
12171,101301,0.242424242424242
100848,101301,0.270833333333333
10544,101301,0.839335180055402
11907,101301,0.401253918495298
11806,101301,0.233576642335766
10012,101301,0.383116883116883
12854,101301,0.260869565217391
100826,101301,0.381107491856677
10871,101301,0.32890365448505
102981,101301,0.230769230769231
12265,101301,0.347826086956522
102849,101301,0.395136778115502
101301,101301,1
102815,101301,0.242424242424242
104138,101301,0.26962457337884
114,102815,0.459807073954984
278,102815,0.411184210526316
280,102815,0.731012658227848
252,102815,0.444816053511706
176,102815,0.205128205128205
10541,102815,0.223214285714286
10657,102815,0.487179487179487
11000,102815,0.221238938053097
11831,102815,0.394736842105263
11736,102815,0.432432432432432
12512,102815,0.463022508038585
17086,102815,0.42809364548495
10545,102815,0.2109375
12171,102815,0.921875
100848,102815,0.215384615384615
10544,102815,0.2109375
11907,102815,0.357142857142857
11806,102815,0.466237942122186
10012,102815,0.258823529411765
12854,102815,0.39672131147541
100826,102815,0.243243243243243
10871,102815,0.202020202020202
102981,102815,0.461038961038961
12265,102815,0.467532467532468
102849,102815,0.392857142857143
101301,102815,0.242424242424242
102815,102815,1
104138,102815,0.416666666666667
114,104138,0.237113402061856
278,104138,0.214285714285714
280,104138,0.186507936507937
252,104138,0.285714285714286
176,104138,0.454248366013072
10541,104138,0.272727272727273
10657,104138,0.342105263157895
11000,104138,0.443037974683544
11831,104138,0.185840707964602
11736,104138,0.3
12512,104138,0.247422680412371
17086,104138,0.261904761904762
10545,104138,0.263888888888889
12171,104138,0.182648401826484
100848,104138,0.831360946745562
10544,104138,0.274305555555556
11907,104138,0.268211920529801
11806,104138,0.247422680412371
10012,104138,0.235690235690236
12854,104138,0.254901960784314
100826,104138,0.242424242424242
10871,104138,0.267326732673267
102981,104138,0.342105263157895
12265,104138,0.368421052631579
102849,104138,0.278145695364238
101301,104138,0.26962457337884
102815,104138,0.416666666666667
104138,104138,1
