Var1,Var2,Freq
133,133,1
163,133,0.515885756392551
10958,133,0.515149752696712
10959,133,0.518014292319607
12227,133,0.538852476443519
10872,133,0.519939062309587
10960,133,0.530674700429145
10961,133,0.967264789691777
12753,133,0.964994904704245
133,163,0.515885756392551
163,163,1
10958,163,0.943097024801603
10959,163,0.940025183954744
12227,163,0.606076065804402
10872,163,0.950357527492199
10960,163,0.596237957864629
10961,163,0.508601448902785
12753,163,0.509589750425176
133,10958,0.515149752696712
163,10958,0.943097024801603
10958,10958,1
10959,10958,0.985944204608292
12227,10958,0.588399961947816
10872,10958,0.913505908470591
10960,10958,0.583647285711246
10961,10958,0.51141641274516
12753,10958,0.509255976971415
133,10959,0.518014292319607
163,10959,0.940025183954744
10958,10959,0.985944204608292
10959,10959,1
12227,10959,0.58894020694097
10872,10959,0.92062938220976
10960,10959,0.584185563402675
10961,10959,0.513881467025214
12753,10959,0.511719694635667
133,12227,0.538852476443519
163,12227,0.606076065804402
10958,12227,0.588399961947816
10959,12227,0.58894020694097
12227,12227,1
10872,12227,0.601569200156197
10960,12227,0.919319063574905
10961,12227,0.532145137034196
12753,12227,0.533160330412556
133,10872,0.519939062309587
163,10872,0.950357527492199
10958,10872,0.913505908470591
10959,10872,0.92062938220976
12227,10872,0.601569200156197
10872,10872,1
10960,10872,0.593419974104455
10961,10872,0.513039799384009
12753,10872,0.514026656942374
133,10960,0.530674700429145
163,10960,0.596237957864629
10958,10960,0.583647285711246
10959,10960,0.584185563402675
12227,10960,0.919319063574905
10872,10960,0.593419974104455
10960,10960,1
10961,10960,0.527235961603601
12753,10960,0.528250126185715
133,10961,0.967264789691777
163,10961,0.508601448902785
10958,10961,0.51141641274516
10959,10961,0.513881467025214
12227,10961,0.532145137034196
10872,10961,0.513039799384009
10960,10961,0.527235961603601
10961,10961,1
12753,10961,0.994682942988138
133,12753,0.964994904704245
163,12753,0.509589750425176
10958,12753,0.509255976971415
10959,12753,0.511719694635667
12227,12753,0.533160330412556
10872,12753,0.514026656942374
10960,12753,0.528250126185715
10961,12753,0.994682942988138
12753,12753,1
