Var1,Var2,Freq
56,56,1
48,56,0.526041666666667
25,56,0.521978021978022
12831,56,0.844919786096257
17049,56,0.561643835616438
13068,56,0.513736263736264
11010,56,0.523684210526316
12104,56,0.510989010989011
12832,56,0.849519743863394
36,56,0.555555555555556
56,48,0.526041666666667
48,48,1
25,48,0.560386473429952
12831,48,0.5234375
17049,48,0.546341463414634
13068,48,0.573934837092732
11010,48,0.900507614213198
12104,48,0.56390977443609
12832,48,0.5234375
36,48,0.542579075425791
56,25,0.521978021978022
48,25,0.560386473429952
25,25,1
12831,25,0.524725274725275
17049,25,0.55440414507772
13068,25,0.891857506361323
11010,25,0.558536585365854
12104,25,0.882205513784461
12832,25,0.524725274725275
36,25,0.548717948717949
56,12831,0.844919786096257
48,12831,0.5234375
25,12831,0.524725274725275
12831,12831,1
17049,12831,0.545691906005222
13068,12831,0.510989010989011
11010,12831,0.526315789473684
12104,12831,0.510989010989011
12832,12831,0.972283813747228
36,12831,0.545219638242894
56,17049,0.561643835616438
48,17049,0.546341463414634
25,17049,0.55440414507772
12831,17049,0.545691906005222
17049,17049,1
13068,17049,0.561038961038961
11010,17049,0.549261083743842
12104,17049,0.553246753246753
12832,17049,0.545691906005222
36,17049,0.881410256410256
56,13068,0.513736263736264
48,13068,0.573934837092732
25,13068,0.891857506361323
12831,13068,0.510989010989011
17049,13068,0.561038961038961
13068,13068,1
11010,13068,0.569620253164557
12104,13068,0.939622641509434
12832,13068,0.513736263736264
36,13068,0.555269922879177
56,11010,0.523684210526316
48,11010,0.900507614213198
25,11010,0.558536585365854
12831,11010,0.526315789473684
17049,11010,0.549261083743842
13068,11010,0.569620253164557
11010,11010,1
12104,11010,0.559493670886076
12832,11010,0.526315789473684
36,11010,0.549261083743842
56,12104,0.510989010989011
48,12104,0.56390977443609
25,12104,0.882205513784461
12831,12104,0.510989010989011
17049,12104,0.553246753246753
13068,12104,0.939622641509434
11010,12104,0.559493670886076
12104,12104,1
12832,12104,0.510989010989011
36,12104,0.547557840616967
56,12832,0.849519743863394
48,12832,0.5234375
25,12832,0.524725274725275
12831,12832,0.972283813747228
17049,12832,0.545691906005222
13068,12832,0.513736263736264
11010,12832,0.526315789473684
12104,12832,0.510989010989011
12832,12832,1
36,12832,0.545219638242894
56,36,0.555555555555556
48,36,0.542579075425791
25,36,0.548717948717949
12831,36,0.545219638242894
17049,36,0.881410256410256
13068,36,0.555269922879177
11010,36,0.549261083743842
12104,36,0.547557840616967
12832,36,0.545219638242894
36,36,1
