Var1,Var2,Freq
56,56,1
48,56,0.188725102838662
25,56,0.221965873764908
12831,56,0.823948421134342
17049,56,0.233085966993497
13068,56,0.218318749852335
11010,56,0.193264004175349
12104,56,0.214440204260938
12832,56,0.828968425114291
36,56,0.228736208550422
56,48,0.188725102838662
48,48,1
25,48,0.241147477418564
12831,48,0.190969623406672
17049,48,0.215826698243052
13068,48,0.238601254146659
11010,48,0.904044327316256
12104,48,0.232699280441479
12832,48,0.191329886609504
36,48,0.217602932274456
56,25,0.221965873764908
48,25,0.241147477418564
25,25,1
12831,25,0.225482758712712
17049,25,0.244886991998444
13068,25,0.884464091148605
11010,25,0.241650251731902
12104,25,0.871329837819473
12832,25,0.225897387390004
36,25,0.242381075064695
56,12831,0.823948421134342
48,12831,0.190969623406672
25,12831,0.225482758712712
12831,12831,1
17049,12831,0.234491814645696
13068,12831,0.218410688986344
11010,12831,0.19555035946817
12104,12831,0.21652970607004
12832,12831,0.968984515743085
36,12831,0.230312181548613
56,17049,0.233085966993497
48,17049,0.215826698243052
25,17049,0.244886991998444
12831,17049,0.234491814645696
17049,17049,1
13068,17049,0.247674020079122
11010,17049,0.220891118168004
12104,17049,0.244038603456364
12832,17049,0.235309105531721
36,17049,0.865645638484944
56,13068,0.218318749852335
48,13068,0.238601254146659
25,13068,0.884464091148605
12831,13068,0.218410688986344
17049,13068,0.247674020079122
13068,13068,1
11010,13068,0.240629603507351
12104,13068,0.936911114376394
12832,13068,0.219044726819237
36,13068,0.244271324540507
56,11010,0.193264004175349
48,11010,0.904044327316256
25,11010,0.241650251731902
12831,11010,0.19555035946817
17049,11010,0.220891118168004
13068,11010,0.240629603507351
11010,11010,1
12104,11010,0.234697376202891
12832,11010,0.195915224716624
36,11010,0.222666046190036
56,12104,0.214440204260938
48,12104,0.232699280441479
25,12104,0.871329837819473
12831,12104,0.21652970607004
17049,12104,0.244038603456364
13068,12104,0.936911114376394
11010,12104,0.234697376202891
12104,12104,1
12832,12104,0.216934642393609
36,12104,0.239769984093684
56,12832,0.828968425114291
48,12832,0.191329886609504
25,12832,0.225897387390004
12831,12832,0.968984515743085
17049,12832,0.235309105531721
13068,12832,0.219044726819237
11010,12832,0.195915224716624
12104,12832,0.216934642393609
12832,12832,1
36,12832,0.230710944108575
56,36,0.228736208550422
48,36,0.217602932274456
25,36,0.242381075064695
12831,36,0.230312181548613
17049,36,0.865645638484944
13068,36,0.244271324540507
11010,36,0.222666046190036
12104,36,0.239769984093684
12832,36,0.230710944108575
36,36,1
