Var1,Var2,Freq
277,277,1
266,277,0.725060827250608
275,277,0.739819004524887
11558,277,0.719298245614035
17089,277,0.952991452991453
12793,277,0.670258620689655
12391,277,0.67170626349892
11589,277,0.947467166979362
11559,277,0.719298245614035
277,266,0.725060827250608
266,266,1
275,266,0.754761904761905
11558,266,0.75
17089,266,0.677704194260486
12793,266,0.982721382289417
12391,266,0.976241900647948
11589,266,0.675496688741722
11559,266,0.729910714285714
277,275,0.739819004524887
266,275,0.754761904761905
275,275,1
11558,275,0.974304068522484
17089,275,0.731707317073171
12793,275,0.752380952380952
12391,275,0.75
11589,275,0.769417475728155
11559,275,0.974304068522484
277,11558,0.719298245614035
266,11558,0.75
275,11558,0.974304068522484
11558,11558,1
17089,11558,0.731707317073171
12793,11558,0.719730941704036
12391,11558,0.717488789237668
11589,11558,0.72787610619469
11559,11558,0.985010706638116
277,17089,0.952991452991453
266,17089,0.677704194260486
275,17089,0.731707317073171
11558,17089,0.731707317073171
17089,17089,1
12793,17089,0.677704194260486
12391,17089,0.676991150442478
11589,17089,0.993449781659389
11559,17089,0.729490022172949
277,12793,0.670258620689655
266,12793,0.982721382289417
275,12793,0.752380952380952
11558,12793,0.719730941704036
17089,12793,0.677704194260486
12793,12793,1
12391,12793,0.98488120950324
11589,12793,0.675496688741722
11559,12793,0.727678571428571
277,12391,0.67170626349892
266,12391,0.976241900647948
275,12391,0.75
11558,12391,0.717488789237668
17089,12391,0.676991150442478
12793,12391,0.98488120950324
12391,12391,1
11589,12391,0.674778761061947
11559,12391,0.725446428571429
277,11589,0.947467166979362
266,11589,0.675496688741722
275,11589,0.769417475728155
11558,11589,0.72787610619469
17089,11589,0.993449781659389
12793,11589,0.675496688741722
12391,11589,0.674778761061947
11589,11589,1
11559,11589,0.725663716814159
277,11559,0.719298245614035
266,11559,0.729910714285714
275,11559,0.974304068522484
11558,11559,0.985010706638116
17089,11559,0.729490022172949
12793,11559,0.727678571428571
12391,11559,0.725446428571429
11589,11559,0.725663716814159
11559,11559,1
