Var1,Var2,Freq
10752,10752,1
10781,10752,0.0696876476501092
30017,10752,0.0608724250309379
12915,10752,0.0812364707413961
10044,10752,0.0429459901902583
30000,10752,0.0255167827588335
30003,10752,0.0308629651752905
30041,10752,0.0424770524291756
101073,10752,0.0313412743699352
30038,10752,0.0616881472987323
100411,10752,0.0352431775143214
100412,10752,0.0402149514771407
30042,10752,0.0209757374838965
30004,10752,0.0387044606153393
10907,10752,0.0516993592555129
20171,10752,0.0845394131608717
10751,10752,0.472178263549855
12780,10752,0.0439341954804335
30032,10752,0.0344060198842828
100098,10752,0.0317952162554156
20020,10752,0.0187635766622092
101069,10752,0.0293393937828579
100843,10752,0.0438753864416532
20014,10752,0.0645258687869716
30011,10752,0.0188673826534773
30033,10752,0.0316934839362131
100925,10752,0.0155167031011166
101333,10752,0.0445935329435728
102667,10752,0.0226554610769563
102669,10752,0.021088007774869
102473,10752,0.047199847739648
101417,10752,0.925340336092673
100856,10752,0.071883540570506
101048,10752,0.080893509937749
101349,10752,0.0557826260909912
100836,10752,0.0664678841234863
101411,10752,0.0597318306181385
101179,10752,0.0382025810247259
103458,10752,0.0447905853681767
100077,10752,0.0187486341896052
100969,10752,0.0408124703354337
30029,10752,0.0329186927048651
30030,10752,0.0405180330131276
101610,10752,0.0363844985942541
103102,10752,0.0098343530363367
102421,10752,0.0660335140851086
101045,10752,0.0579911921042891
101191,10752,0.062840813790452
101359,10752,0.0439468362610773
101270,10752,0.038397216661147
10752,10781,0.0696876476501092
10781,10781,1
30017,10781,0.123862975731202
12915,10781,0.055468596603995
10044,10781,0.0746971589094342
30000,10781,0.0253209291163553
30003,10781,0.157396660592297
30041,10781,0.109031956643727
101073,10781,0.0645235150810769
30038,10781,0.136811018555746
100411,10781,0.0371420263835578
100412,10781,0.159032178649984
30042,10781,0.0261407377074545
30004,10781,0.0716735024816458
10907,10781,0.149204644792828
20171,10781,0.71735525904529
10751,10781,0.0725223957443182
12780,10781,0.080618739682131
30032,10781,0.103642492020182
100098,10781,0.0363969402621065
20020,10781,0.0254243952905713
101069,10781,0.0523787438449598
100843,10781,0.0703156641254283
20014,10781,0.534367439609639
30011,10781,0.0577892405046132
30033,10781,0.0567494089691062
100925,10781,0.0317969545715871
101333,10781,0.0733014006054089
102667,10781,0.043330705273111
102669,10781,0.0338864003018856
102473,10781,0.0855228873006876
101417,10781,0.0703210021045379
100856,10781,0.0579891608650412
101048,10781,0.186937965615289
101349,10781,0.0790827869644911
100836,10781,0.139175343351449
101411,10781,0.0925843575447413
101179,10781,0.0637817068208895
103458,10781,0.109811024520356
100077,10781,0.0276622949681601
100969,10781,0.0624461578624327
30029,10781,0.109968051190014
30030,10781,0.0793820134709248
101610,10781,0.157547277841548
103102,10781,0.0119706660604094
102421,10781,0.128386191820166
101045,10781,0.108583086251345
101191,10781,0.0904792122174552
101359,10781,0.0829490762022821
101270,10781,0.0428238618073506
10752,30017,0.0608724250309379
10781,30017,0.123862975731202
30017,30017,1
12915,30017,0.055057263220566
10044,30017,0.0528859459464393
30000,30017,0.0383673770718635
30003,30017,0.078354713383986
30041,30017,0.0840487159545818
101073,30017,0.0278401211604709
30038,30017,0.210025173421233
100411,30017,0.0556013184945982
100412,30017,0.101972150225251
30042,30017,0.0351379351797165
30004,30017,0.0514985576559936
10907,30017,0.0995222845081228
20171,30017,0.139054865488124
10751,30017,0.0573610772161881
12780,30017,0.0632155609809546
30032,30017,0.0604224178489574
100098,30017,0.0415170571256555
20020,30017,0.0302618673766452
101069,30017,0.0494636354883075
100843,30017,0.0562945479668642
20014,30017,0.129766975864961
30011,30017,0.0342875134925494
30033,30017,0.0514708577350111
100925,30017,0.02906643962321
101333,30017,0.0808098686480206
102667,30017,0.0545223453178159
102669,30017,0.0401505928529745
102473,30017,0.145421763152078
101417,30017,0.0594365453537577
100856,30017,0.0463178614794991
101048,30017,0.122378547145396
101349,30017,0.149500243543709
100836,30017,0.208118562250553
101411,30017,0.0647568671691714
101179,30017,0.0384000715949684
103458,30017,0.0510102985049381
100077,30017,0.021607405178607
100969,30017,0.0404820620660666
30029,30017,0.0576740904905664
30030,30017,0.127730996992667
101610,30017,0.105221590891444
103102,30017,0.0110100590362329
102421,30017,0.193862559643005
101045,30017,0.169203386006937
101191,30017,0.066215050533347
101359,30017,0.128803159836212
101270,30017,0.03145922662594
10752,12915,0.0812364707413961
10781,12915,0.055468596603995
30017,12915,0.055057263220566
12915,12915,1
10044,12915,0.0278340571243373
30000,12915,0.022677098522946
30003,12915,0.0361203076469684
30041,12915,0.0411654055821913
101073,12915,0.0347115740114626
30038,12915,0.044987401149595
100411,12915,0.0288691795369188
100412,12915,0.0464496389114981
30042,12915,0.0206620957603053
30004,12915,0.0519286395253398
10907,12915,0.0429373174854486
20171,12915,0.0624584918311076
10751,12915,0.074091921977862
12780,12915,0.0309605748317529
30032,12915,0.0504626892602898
100098,12915,0.0224181187422773
20020,12915,0.0160562029533246
101069,12915,0.0288564579318182
100843,12915,0.0270196883856774
20014,12915,0.0477684156711396
30011,12915,0.0229951260602751
30033,12915,0.0324938528204013
100925,12915,0.0137440885959042
101333,12915,0.0285063570008287
102667,12915,0.0231657386941148
102669,12915,0.0168607567105318
102473,12915,0.0285767455071202
101417,12915,0.0808402458612534
100856,12915,0.447866815504108
101048,12915,0.0565056524906459
101349,12915,0.0349023122797432
100836,12915,0.0465631235860493
101411,12915,0.0502315817405296
101179,12915,0.0340869931334667
103458,12915,0.0400960155349904
100077,12915,0.0188039735198066
100969,12915,0.0326028947019266
30029,12915,0.0559440937151965
30030,12915,0.0242980493285705
101610,12915,0.0414905484681693
103102,12915,0.0101815541312637
102421,12915,0.0536695801529385
101045,12915,0.0500770108599259
101191,12915,0.0504771237923536
101359,12915,0.0282827742782317
101270,12915,0.0262932087467308
10752,10044,0.0429459901902583
10781,10044,0.0746971589094342
30017,10044,0.0528859459464393
12915,10044,0.0278340571243373
10044,10044,1
30000,10044,0.0161452226041689
30003,10044,0.044895688811918
30041,10044,0.0394698243789305
101073,10044,0.0586269475300665
30038,10044,0.0864197166990481
100411,10044,0.0276904637749338
100412,10044,0.0579274159894527
30042,10044,0.0154005391391908
30004,10044,0.0467010468692449
10907,10044,0.0523373575597674
20171,10044,0.0774927709868485
10751,10044,0.0399203493450586
12780,10044,0.787337134696651
30032,10044,0.0658359159358622
100098,10044,0.0278887297977818
20020,10044,0.0176383344772452
101069,10044,0.0278351424222199
100843,10044,0.717167255876448
20014,10044,0.0777502406260494
30011,10044,0.0256137042071286
30033,10044,0.0410390890892122
100925,10044,0.0210979456146661
101333,10044,0.0411508521897596
102667,10044,0.0384575051861752
102669,10044,0.0226795530437966
102473,10044,0.0425065376216843
101417,10044,0.0432238587532425
100856,10044,0.0231095368403738
101048,10044,0.0817445191036219
101349,10044,0.03901667018218
100836,10044,0.0788045141683078
101411,10044,0.0423989707651092
101179,10044,0.0297194514912279
103458,10044,0.0620487613921393
100077,10044,0.0600162907636689
100969,10044,0.0228620423483706
30029,10044,0.0576452734891085
30030,10044,0.0380540161504627
101610,10044,0.0576404885611844
103102,10044,0.0145360858697353
102421,10044,0.0441242357681732
101045,10044,0.0489858853278197
101191,10044,0.0512466487841879
101359,10044,0.0288518541001076
101270,10044,0.0303467442368815
10752,30000,0.0255167827588335
10781,30000,0.0253209291163553
30017,30000,0.0383673770718635
12915,30000,0.022677098522946
10044,30000,0.0161452226041689
30000,30000,1
30003,30000,0.0175010626330982
30041,30000,0.0198349578791618
101073,30000,0.0149073077189545
30038,30000,0.0414008286148262
100411,30000,0.0230744656332208
100412,30000,0.0153261809309961
30042,30000,0.280514048826269
30004,30000,0.0853423115737787
10907,30000,0.0204607701204955
20171,30000,0.0268235591126079
10751,30000,0.0278563722173372
12780,30000,0.0180568333828839
30032,30000,0.0285558043112107
100098,30000,0.0143806656849785
20020,30000,0.079511439360056
101069,30000,0.0125232069647209
100843,30000,0.0178263331864131
20014,30000,0.0249878632105362
30011,30000,0.0214500902884374
30033,30000,0.0194273824832531
100925,30000,0.0114985052761345
101333,30000,0.0226218293916949
102667,30000,0.0189027357491321
102669,30000,0.0189381492789719
102473,30000,0.0215998305401761
101417,30000,0.0257002095910473
100856,30000,0.0165554254077704
101048,30000,0.0187780665449325
101349,30000,0.0269590334326665
100836,30000,0.0417638545657188
101411,30000,0.0157240020850238
101179,30000,0.0252551961300455
103458,30000,0.0182678786008472
100077,30000,0.0166721964900375
100969,30000,0.0271073100523602
30029,30000,0.0301013793550423
30030,30000,0.0202795200967706
101610,30000,0.0175841652279564
103102,30000,0.00852655494278506
102421,30000,0.0458237146530238
101045,30000,0.0360748850819456
101191,30000,0.0175351053512294
101359,30000,0.030806039956051
101270,30000,0.0185510415720337
10752,30003,0.0308629651752905
10781,30003,0.157396660592297
30017,30003,0.078354713383986
12915,30003,0.0361203076469684
10044,30003,0.044895688811918
30000,30003,0.0175010626330982
30003,30003,1
30041,30003,0.0613252010187047
101073,30003,0.0256768924086928
30038,30003,0.0949912653724979
100411,30003,0.0272871341654804
100412,30003,0.139743778555354
30042,30003,0.0143484264399925
30004,30003,0.0368701651814067
10907,30003,0.12984206225676
20171,30003,0.159046932071347
10751,30003,0.0282618820936382
12780,30003,0.0448713439384104
30032,30003,0.0714617915315972
100098,30003,0.0258298477228885
20020,30003,0.0222585954213113
101069,30003,0.0286819311588891
100843,30003,0.0439714888470903
20014,30003,0.152154406168811
30011,30003,0.0410160139205485
30033,30003,0.0387527983954075
100925,30003,0.0177654853510026
101333,30003,0.0487631345833619
102667,30003,0.0238942770424892
102669,30003,0.0251923696782043
102473,30003,0.0629620015267487
101417,30003,0.0319285312485439
100856,30003,0.0337039384872135
101048,30003,0.103861653369827
101349,30003,0.0677118463489302
100836,30003,0.102706345750336
101411,30003,0.0651410043199912
101179,30003,0.0400647065945702
103458,30003,0.0275836872510995
100077,30003,0.0214142085598603
100969,30003,0.041490985382175
30029,30003,0.0741208309804941
30030,30003,0.0612295667564258
101610,30003,0.129338189513891
103102,30003,0.0110430808967103
102421,30003,0.0932135461962619
101045,30003,0.0787861521105278
101191,30003,0.065459426621348
101359,30003,0.0620667368959127
101270,30003,0.0359471170738109
10752,30041,0.0424770524291756
10781,30041,0.109031956643727
30017,30041,0.0840487159545818
12915,30041,0.0411654055821913
10044,30041,0.0394698243789305
30000,30041,0.0198349578791618
30003,30041,0.0613252010187047
30041,30041,1
101073,30041,0.0389701614726021
30038,30041,0.10342273042852
100411,30041,0.0275107596771049
100412,30041,0.0628959497288892
30042,30041,0.0183547296113064
30004,30041,0.0386127633166223
10907,30041,0.0640061578320172
20171,30041,0.128841129928789
10751,30041,0.0433797548558787
12780,30041,0.0422992770903823
30032,30041,0.0551873702950022
100098,30041,0.026169762209222
20020,30041,0.0236913895800535
101069,30041,0.0248748278817541
100843,30041,0.0459352473418486
20014,30041,0.103075746146059
30011,30041,0.0384904502213772
30033,30041,0.0441851746631208
100925,30041,0.0177777452624984
101333,30041,0.0374899991019009
102667,30041,0.0267044642101989
102669,30041,0.0215294986775057
102473,30041,0.0624053995086421
101417,30041,0.043375312536703
100856,30041,0.0365377972704443
101048,30041,0.0990086634271877
101349,30041,0.0681718230309704
100836,30041,0.101233810886606
101411,30041,0.0564944968847468
101179,30041,0.0370503569193783
103458,30041,0.0527320831052839
100077,30041,0.0192430577072232
100969,30041,0.0377155034437406
30029,30041,0.0619103403259164
30030,30041,0.0497199363643204
101610,30041,0.0664564621083844
103102,30041,0.00901390569695908
102421,30041,0.0912110742590589
101045,30041,0.0717051493689441
101191,30041,0.0625635771310429
101359,30041,0.0601788220757843
101270,30041,0.0228621561919505
10752,101073,0.0313412743699352
10781,101073,0.0645235150810769
30017,101073,0.0278401211604709
12915,101073,0.0347115740114626
10044,101073,0.0586269475300665
30000,101073,0.0149073077189545
30003,101073,0.0256768924086928
30041,101073,0.0389701614726021
101073,101073,1
30038,101073,0.0618046986936973
100411,101073,0.0339045053007517
100412,101073,0.0266976502245024
30042,101073,0.0128595746181206
30004,101073,0.0362751176575962
10907,101073,0.0216064568270035
20171,101073,0.074618211085393
10751,101073,0.0288746855988462
12780,101073,0.0556338259705456
30032,101073,0.0279805350290486
100098,101073,0.0354030122478992
20020,101073,0.0156624002423707
101069,101073,0.0315795772166854
100843,101073,0.0526536656808927
20014,101073,0.0592463759090738
30011,101073,0.0301620704741521
30033,101073,0.0375357929623138
100925,101073,0.0190520440962046
101333,101073,0.0395154881905947
102667,101073,0.0321123275684468
102669,101073,0.0275674070248445
102473,101073,0.0289175342957001
101417,101073,0.0305620039312214
100856,101073,0.0389643893979985
101048,101073,0.0540836799058211
101349,101073,0.0306300498666683
100836,101073,0.0691153744351282
101411,101073,0.0358986367848625
101179,101073,0.0266916086856763
103458,101073,0.235373719559331
100077,101073,0.0306906745273659
100969,101073,0.0285626745619786
30029,101073,0.0316438250822761
30030,101073,0.0200185089069554
101610,101073,0.0227029592857348
103102,101073,0.0141136618061774
102421,101073,0.05402619463701
101045,101073,0.0261245684666793
101191,101073,0.0354521489991631
101359,101073,0.0210232702360982
101270,101073,0.0498985327682136
10752,30038,0.0616881472987323
10781,30038,0.136811018555746
30017,30038,0.210025173421233
12915,30038,0.044987401149595
10044,30038,0.0864197166990481
30000,30038,0.0414008286148262
30003,30038,0.0949912653724979
30041,30038,0.10342273042852
101073,30038,0.0618046986936973
30038,30038,1
100411,30038,0.0751480473955673
100412,30038,0.109509506088068
30042,30038,0.0420043334528019
30004,30038,0.0965462124937964
10907,30038,0.104595049507599
20171,30038,0.14917465670398
10751,30038,0.0614799722020255
12780,30038,0.0975847905655395
30032,30038,0.100753778129974
100098,30038,0.0607228449688949
20020,30038,0.0368587336377601
101069,30038,0.0636531345621713
100843,30038,0.0895725582620115
20014,30038,0.140458202085505
30011,30038,0.0609370396292935
30033,30038,0.0888535688427477
100925,30038,0.0355607591759148
101333,30038,0.0855081545700251
102667,30038,0.0470068214994319
102669,30038,0.058377512242296
102473,30038,0.169953396375892
101417,30038,0.0654599468696414
100856,30038,0.0422716067938154
101048,30038,0.136001973387082
101349,30038,0.164525948986467
100836,30038,0.761950517794404
101411,30038,0.072152350774018
101179,30038,0.058367759133098
103458,30038,0.0540262359534817
100077,30038,0.0299878119536144
100969,30038,0.0577363655628086
30029,30038,0.0934723701959961
30030,30038,0.138018639446137
101610,30038,0.111180008950361
103102,30038,0.0172792126588442
102421,30038,0.200835531504519
101045,30038,0.175614251657367
101191,30038,0.0701875330598015
101359,30038,0.136707830282462
101270,30038,0.0434214369596936
10752,100411,0.0352431775143214
10781,100411,0.0371420263835578
30017,100411,0.0556013184945982
12915,100411,0.0288691795369188
10044,100411,0.0276904637749338
30000,100411,0.0230744656332208
30003,100411,0.0272871341654804
30041,100411,0.0275107596771049
101073,100411,0.0339045053007517
30038,100411,0.0751480473955673
100411,100411,1
100412,100411,0.029623607157362
30042,100411,0.0229837617422825
30004,100411,0.0313218686725014
10907,100411,0.041157288469262
20171,100411,0.0405568115613762
10751,100411,0.033016008179489
12780,100411,0.0315321163580958
30032,100411,0.0367317697112227
100098,100411,0.0388773021030239
20020,100411,0.0236528755096035
101069,100411,0.0407194501828574
100843,100411,0.0328811651105332
20014,100411,0.0354490904034287
30011,100411,0.0211262267436869
30033,100411,0.021118090562219
100925,100411,0.0178803176726785
101333,100411,0.0346903420152289
102667,100411,0.0285806476520746
102669,100411,0.0289777691568667
102473,100411,0.0690395118758581
101417,100411,0.0355717993112221
100856,100411,0.0291827194791669
101048,100411,0.0361698384952572
101349,100411,0.0536350264157274
100836,100411,0.08255505444199
101411,100411,0.025981398490743
101179,100411,0.0383317365303351
103458,100411,0.0282492657145311
100077,100411,0.0241264152394537
100969,100411,0.0357330587834538
30029,100411,0.0440482886439844
30030,100411,0.0243130328854205
101610,100411,0.0329731575132977
103102,100411,0.0127489405871346
102421,100411,0.0715325325323319
101045,100411,0.05274948103128
101191,100411,0.0234645120937868
101359,100411,0.0437776072068101
101270,100411,0.027205543839541
10752,100412,0.0402149514771407
10781,100412,0.159032178649984
30017,100412,0.101972150225251
12915,100412,0.0464496389114981
10044,100412,0.0579274159894527
30000,100412,0.0153261809309961
30003,100412,0.139743778555354
30041,100412,0.0628959497288892
101073,100412,0.0266976502245024
30038,100412,0.109509506088068
100411,100412,0.029623607157362
100412,100412,1
30042,100412,0.0186485412773916
30004,100412,0.0485049120260776
10907,100412,0.313983668619127
20171,100412,0.172745569083262
10751,100412,0.0342966893697046
12780,100412,0.0564793886471555
30032,100412,0.0673372861979299
100098,100412,0.0380924959755957
20020,100412,0.0193893535596968
101069,100412,0.0401421642069825
100843,100412,0.0603074002087257
20014,100412,0.14912131961458
30011,100412,0.0481140703520509
30033,100412,0.0732606819685211
100925,100412,0.0243317957764661
101333,100412,0.059971440799069
102667,100412,0.0304337302006235
102669,100412,0.0328407420116701
102473,100412,0.0886148848390739
101417,100412,0.037417530599718
100856,100412,0.0451279498943469
101048,100412,0.117247898057149
101349,100412,0.0809988288796082
100836,100412,0.116629983191086
101411,100412,0.0796830780503255
101179,100412,0.0473841497683778
103458,100412,0.0413605089993502
100077,100412,0.0299819028704802
100969,100412,0.0466822995860977
30029,100412,0.079292294740729
30030,100412,0.0737058009095451
101610,100412,0.43685727209011
103102,100412,0.009005558390289
102421,100412,0.0977335992165745
101045,100412,0.0952537355967332
101191,100412,0.0712015696866715
101359,100412,0.0757092458774222
101270,100412,0.028663196542384
10752,30042,0.0209757374838965
10781,30042,0.0261407377074545
30017,30042,0.0351379351797165
12915,30042,0.0206620957603053
10044,30042,0.0154005391391908
30000,30042,0.280514048826269
30003,30042,0.0143484264399925
30041,30042,0.0183547296113064
101073,30042,0.0128595746181206
30038,30042,0.0420043334528019
100411,30042,0.0229837617422825
100412,30042,0.0186485412773916
30042,30042,1
30004,30042,0.0747485328749736
10907,30042,0.0227808276734864
20171,30042,0.027373718875235
10751,30042,0.02553065753565
12780,30042,0.0168766521268037
30032,30042,0.0206943326366093
100098,30042,0.0127493344411912
20020,30042,0.0666400026971658
101069,30042,0.0129410510907698
100843,30042,0.0157732808149679
20014,30042,0.0244827002156066
30011,30042,0.0157055859851981
30033,30042,0.0150528356013238
100925,30042,0.0100933545083069
101333,30042,0.0206414304181251
102667,30042,0.0163744406204444
102669,30042,0.0154048591839487
102473,30042,0.0219146938573267
101417,30042,0.0225677017805219
100856,30042,0.0174188578947234
101048,30042,0.0143295564699809
101349,30042,0.0217843631725665
100836,30042,0.0437292145000065
101411,30042,0.0155641099970138
101179,30042,0.0235825468276401
103458,30042,0.0145842662206864
100077,30042,0.0148008254584537
100969,30042,0.0258608957901517
30029,30042,0.0236600711349689
30030,30042,0.0209524589140973
101610,30042,0.0224129436604188
103102,30042,0.00729530164228851
102421,30042,0.0440480173128049
101045,30042,0.0408760546359035
101191,30042,0.0170304296446924
101359,30042,0.0296873869985976
101270,30042,0.0140630571977732
10752,30004,0.0387044606153393
10781,30004,0.0716735024816458
30017,30004,0.0514985576559936
12915,30004,0.0519286395253398
10044,30004,0.0467010468692449
30000,30004,0.0853423115737787
30003,30004,0.0368701651814067
30041,30004,0.0386127633166223
101073,30004,0.0362751176575962
30038,30004,0.0965462124937964
100411,30004,0.0313218686725014
100412,30004,0.0485049120260776
30042,30004,0.0747485328749736
30004,30004,1
10907,30004,0.056550232903135
20171,30004,0.082717057979726
10751,30004,0.0451556156556028
12780,30004,0.048807357839363
30032,30004,0.0646594264272778
100098,30004,0.0353828280550791
20020,30004,0.0765302847505207
101069,30004,0.0447185658909513
100843,30004,0.0447082029081254
20014,30004,0.0739183287586953
30011,30004,0.0501451564226289
30033,30004,0.045942502327469
100925,30004,0.0235966455355143
101333,30004,0.0470129649871771
102667,30004,0.0300156417142655
102669,30004,0.0276022039549239
102473,30004,0.0497981411811062
101417,30004,0.0362749742002856
100856,30004,0.0418242978596412
101048,30004,0.0500218999016582
101349,30004,0.0671431601301452
100836,30004,0.10275764122378
101411,30004,0.0446054938907415
101179,30004,0.0355714169752094
103458,30004,0.03561678097785
100077,30004,0.0346269236549909
100969,30004,0.0340884909978587
30029,30004,0.0734160404729528
30030,30004,0.0451106635664385
101610,30004,0.0569984130052585
103102,30004,0.01376572089162
102421,30004,0.0748662172601251
101045,30004,0.0683525204769783
101191,30004,0.0397682486507059
101359,30004,0.0597292452174762
101270,30004,0.0300944667936626
10752,10907,0.0516993592555129
10781,10907,0.149204644792828
30017,10907,0.0995222845081228
12915,10907,0.0429373174854486
10044,10907,0.0523373575597674
30000,10907,0.0204607701204955
30003,10907,0.12984206225676
30041,10907,0.0640061578320172
101073,10907,0.0216064568270035
30038,10907,0.104595049507599
100411,10907,0.041157288469262
100412,10907,0.313983668619127
30042,10907,0.0227808276734864
30004,10907,0.056550232903135
10907,10907,1
20171,10907,0.152731125579603
10751,10907,0.0441588183466671
12780,10907,0.0491464510885893
30032,10907,0.0817867319333673
100098,10907,0.0269821126142794
20020,10907,0.0274150476062501
101069,10907,0.0331483559994143
100843,10907,0.0571197395278119
20014,10907,0.157556539817758
30011,10907,0.0390055949446927
30033,10907,0.0533523974801955
100925,10907,0.0252649079934105
101333,10907,0.0726498682052587
102667,10907,0.0369198032628408
102669,10907,0.036902921607232
102473,10907,0.0966447594100621
101417,10907,0.0482110993874438
100856,10907,0.0410735738367542
101048,10907,0.110841822091043
101349,10907,0.0786789584514284
100836,10907,0.104183927366843
101411,10907,0.0641648490493927
101179,10907,0.0506070599130214
103458,10907,0.051611341661608
100077,10907,0.0288377795874975
100969,10907,0.0510088964285589
30029,10907,0.100050367164962
30030,10907,0.0752939935151664
101610,10907,0.27812401175834
103102,10907,0.0121011867799843
102421,10907,0.107004443949536
101045,10907,0.093961335348597
101191,10907,0.0676297045808381
101359,10907,0.0737408873151614
101270,10907,0.0301006250862705
10752,20171,0.0845394131608717
10781,20171,0.71735525904529
30017,20171,0.139054865488124
12915,20171,0.0624584918311076
10044,20171,0.0774927709868485
30000,20171,0.0268235591126079
30003,20171,0.159046932071347
30041,20171,0.128841129928789
101073,20171,0.074618211085393
30038,20171,0.14917465670398
100411,20171,0.0405568115613762
100412,20171,0.172745569083262
30042,20171,0.027373718875235
30004,20171,0.082717057979726
10907,20171,0.152731125579603
20171,20171,1
10751,20171,0.0867776913056762
12780,20171,0.081940648773219
30032,20171,0.109344855111681
100098,20171,0.0385568584056444
20020,20171,0.0278309374986453
101069,20171,0.0513599386091876
100843,20171,0.0809913932069292
20014,20171,0.552523097217423
30011,20171,0.0600987970921738
30033,20171,0.070216786560285
100925,20171,0.0350312496866872
101333,20171,0.0916847322432707
102667,20171,0.0463392594241076
102669,20171,0.03948706791831
102473,20171,0.0832639737143775
101417,20171,0.0816265021942977
100856,20171,0.061834582365418
101048,20171,0.194984861412739
101349,20171,0.0860502852127645
100836,20171,0.156765777547067
101411,20171,0.105493507096471
101179,20171,0.0734591774807262
103458,20171,0.122644013846197
100077,20171,0.0288459966099883
100969,20171,0.0767834845098962
30029,20171,0.110183841287452
30030,20171,0.0847849338683805
101610,20171,0.158654857986524
103102,20171,0.0138338684412483
102421,20171,0.129253040316319
101045,20171,0.11705905083719
101191,20171,0.0982193685414138
101359,20171,0.090346811424584
101270,20171,0.0486730526866964
10752,10751,0.472178263549855
10781,10751,0.0725223957443182
30017,10751,0.0573610772161881
12915,10751,0.074091921977862
10044,10751,0.0399203493450586
30000,10751,0.0278563722173372
30003,10751,0.0282618820936382
30041,10751,0.0433797548558787
101073,10751,0.0288746855988462
30038,10751,0.0614799722020255
100411,10751,0.033016008179489
100412,10751,0.0342966893697046
30042,10751,0.02553065753565
30004,10751,0.0451556156556028
10907,10751,0.0441588183466671
20171,10751,0.0867776913056762
10751,10751,1
12780,10751,0.0399900037484382
30032,10751,0.0422709976053479
100098,10751,0.0332629786449675
20020,10751,0.0182425324844721
101069,10751,0.0297197042011192
100843,10751,0.0386932411346348
20014,10751,0.0650630616228367
30011,10751,0.0170064978179667
30033,10751,0.0283917758333741
100925,10751,0.0145247344026244
101333,10751,0.046525310838271
102667,10751,0.0227219122309263
102669,10751,0.0184276020139943
102473,10751,0.0442931373008956
101417,10751,0.46173888103036
100856,10751,0.0726130481490513
101048,10751,0.0690752024152524
101349,10751,0.058135443967231
100836,10751,0.0602759831663577
101411,10751,0.0596907602901126
101179,10751,0.0365501440141529
103458,10751,0.0493128298806498
100077,10751,0.0179222061809076
100969,10751,0.04244818474891
30029,10751,0.0423591850024729
30030,10751,0.0424133527152436
101610,10751,0.0341113565579054
103102,10751,0.00961661840101323
102421,10751,0.071488237322949
101045,10751,0.0646816108189693
101191,10751,0.0582439163366594
101359,10751,0.0456640524097579
101270,10751,0.0379033860738237
10752,12780,0.0439341954804335
10781,12780,0.080618739682131
30017,12780,0.0632155609809546
12915,12780,0.0309605748317529
10044,12780,0.787337134696651
30000,12780,0.0180568333828839
30003,12780,0.0448713439384104
30041,12780,0.0422992770903823
101073,12780,0.0556338259705456
30038,12780,0.0975847905655395
100411,12780,0.0315321163580958
100412,12780,0.0564793886471555
30042,12780,0.0168766521268037
30004,12780,0.048807357839363
10907,12780,0.0491464510885893
20171,12780,0.081940648773219
10751,12780,0.0399900037484382
12780,12780,1
30032,12780,0.068781012182079
100098,12780,0.0263014176683165
20020,12780,0.0186507276993591
101069,12780,0.0294328051471889
100843,12780,0.727535581291606
20014,12780,0.0857435116673648
30011,12780,0.0270838623201852
30033,12780,0.0447367247799483
100925,12780,0.0228102351113197
101333,12780,0.0456884410921453
102667,12780,0.0394449172287148
102669,12780,0.0251955417015591
102473,12780,0.0485580553747296
101417,12780,0.0453362055983533
100856,12780,0.0244359624444222
101048,12780,0.0878534266116351
101349,12780,0.0426665884266888
100836,12780,0.0902716560468692
101411,12780,0.0435785007090359
101179,12780,0.0299636281207046
103458,12780,0.0651205660196023
100077,12780,0.0634610653292007
100969,12780,0.0241742624305462
30029,12780,0.0623084904048968
30030,12780,0.0392724977377421
101610,12780,0.0624822040558028
103102,12780,0.0153704183192969
102421,12780,0.0502458372587304
101045,12780,0.0536879654425245
101191,12780,0.0510376002074644
101359,12780,0.0305078733560103
101270,12780,0.034725982587321
10752,30032,0.0344060198842828
10781,30032,0.103642492020182
30017,30032,0.0604224178489574
12915,30032,0.0504626892602898
10044,30032,0.0658359159358622
30000,30032,0.0285558043112107
30003,30032,0.0714617915315972
30041,30032,0.0551873702950022
101073,30032,0.0279805350290486
30038,30032,0.100753778129974
100411,30032,0.0367317697112227
100412,30032,0.0673372861979299
30042,30032,0.0206943326366093
30004,30032,0.0646594264272778
10907,30032,0.0817867319333673
20171,30032,0.109344855111681
10751,30032,0.0422709976053479
12780,30032,0.068781012182079
30032,30032,1
100098,30032,0.022901525670078
20020,30032,0.0274550458290032
101069,30032,0.0231887894820069
100843,30032,0.0696112562765296
20014,30032,0.113200321673102
30011,30032,0.0604034141001468
30033,30032,0.0465550135573977
100925,30032,0.0243330111808462
101333,30032,0.054067276902332
102667,30032,0.0363173898885549
102669,30032,0.0238102773797437
102473,30032,0.0529812634066241
101417,30032,0.0343493700759253
100856,30032,0.0528435688521312
101048,30032,0.110043523851426
101349,30032,0.0558637633072802
100836,30032,0.103359909571096
101411,30032,0.0499124420114834
101179,30032,0.0473908491489053
103458,30032,0.0532343596967951
100077,30032,0.0287764897309405
100969,30032,0.0455120871956009
30029,30032,0.519653455993856
30030,30032,0.0362488445864929
101610,30032,0.0738274538110436
103102,30032,0.0105486844626606
102421,30032,0.0700286244018595
101045,30032,0.0634219843792781
101191,30032,0.0464864417971267
101359,30032,0.0460437580664182
101270,30032,0.0320887484506739
10752,100098,0.0317952162554156
10781,100098,0.0363969402621065
30017,100098,0.0415170571256555
12915,100098,0.0224181187422773
10044,100098,0.0278887297977818
30000,100098,0.0143806656849785
30003,100098,0.0258298477228885
30041,100098,0.026169762209222
101073,100098,0.0354030122478992
30038,100098,0.0607228449688949
100411,100098,0.0388773021030239
100412,100098,0.0380924959755957
30042,100098,0.0127493344411912
30004,100098,0.0353828280550791
10907,100098,0.0269821126142794
20171,100098,0.0385568584056444
10751,100098,0.0332629786449675
12780,100098,0.0263014176683165
30032,100098,0.022901525670078
100098,100098,1
20020,100098,0.00991996850745664
101069,100098,0.335371846460993
100843,100098,0.0273537752254588
20014,100098,0.0378200236420268
30011,100098,0.0175296394955555
30033,100098,0.101964886132249
100925,100098,0.0247507342784195
101333,100098,0.0358581679521575
102667,100098,0.0401530956255256
102669,100098,0.0331292054193962
102473,100098,0.0443925672673111
101417,100098,0.0301009928219957
100856,100098,0.022886428348139
101048,100098,0.0434826019135836
101349,100098,0.0411008002581634
100836,100098,0.0657304067092996
101411,100098,0.0260689527113752
101179,100098,0.02360194945373
103458,100098,0.0370778697792559
100077,100098,0.0284584784612692
100969,100098,0.023929853856895
30029,100098,0.0278223822255647
30030,100098,0.0353702789877606
101610,100098,0.0361426951557179
103102,100098,0.0140650467066966
102421,100098,0.045963091135898
101045,100098,0.0440693182044253
101191,100098,0.0271319680902021
101359,100098,0.0371794871794872
101270,100098,0.0248021381051679
10752,20020,0.0187635766622092
10781,20020,0.0254243952905713
30017,20020,0.0302618673766452
12915,20020,0.0160562029533246
10044,20020,0.0176383344772452
30000,20020,0.079511439360056
30003,20020,0.0222585954213113
30041,20020,0.0236913895800535
101073,20020,0.0156624002423707
30038,20020,0.0368587336377601
100411,20020,0.0236528755096035
100412,20020,0.0193893535596968
30042,20020,0.0666400026971658
30004,20020,0.0765302847505207
10907,20020,0.0274150476062501
20171,20020,0.0278309374986453
10751,20020,0.0182425324844721
12780,20020,0.0186507276993591
30032,20020,0.0274550458290032
100098,20020,0.00991996850745664
20020,20020,1
101069,20020,0.0112820124407861
100843,20020,0.0168259749931025
20014,20020,0.0224949291565215
30011,20020,0.017827277424827
30033,20020,0.01670438595649
100925,20020,0.00922955052768049
101333,20020,0.0209862007594883
102667,20020,0.0177146442236517
102669,20020,0.0163724163659666
102473,20020,0.0224767494677755
101417,20020,0.0196884313669553
100856,20020,0.0097480989812062
101048,20020,0.0154319264279862
101349,20020,0.0334647412657474
100836,20020,0.0378121341592709
101411,20020,0.0157711387364053
101179,20020,0.0208452479240657
103458,20020,0.0172666971639477
100077,20020,0.0106022041128669
100969,20020,0.0197549743347204
30029,20020,0.0231812671101219
30030,20020,0.0138560875469267
101610,20020,0.0226624793519047
103102,20020,0.00704424840032275
102421,20020,0.0453680914498146
101045,20020,0.0303916398236744
101191,20020,0.016174998881613
101359,20020,0.0301502746534504
101270,20020,0.0136776830551397
10752,101069,0.0293393937828579
10781,101069,0.0523787438449598
30017,101069,0.0494636354883075
12915,101069,0.0288564579318182
10044,101069,0.0278351424222199
30000,101069,0.0125232069647209
30003,101069,0.0286819311588891
30041,101069,0.0248748278817541
101073,101069,0.0315795772166854
30038,101069,0.0636531345621713
100411,101069,0.0407194501828574
100412,101069,0.0401421642069825
30042,101069,0.0129410510907698
30004,101069,0.0447185658909513
10907,101069,0.0331483559994143
20171,101069,0.0513599386091876
10751,101069,0.0297197042011192
12780,101069,0.0294328051471889
30032,101069,0.0231887894820069
100098,101069,0.335371846460993
20020,101069,0.0112820124407861
101069,101069,1
100843,101069,0.0310275984311835
20014,101069,0.0448916726137694
30011,101069,0.015452524512341
30033,101069,0.0917232239528683
100925,101069,0.0245012871550581
101333,101069,0.0401116428413219
102667,101069,0.0407178913688748
102669,101069,0.0316018365728948
102473,101069,0.0538961868268222
101417,101069,0.0292910862180563
100856,101069,0.0253939603719779
101048,101069,0.0457932019370401
101349,101069,0.0392306951195982
100836,101069,0.0735770232759202
101411,101069,0.0214265059092342
101179,101069,0.0241020541500259
103458,101069,0.0404664665675845
100077,101069,0.0240311668147825
100969,101069,0.0238681395683234
30029,101069,0.0304987814713838
30030,101069,0.037860454878191
101610,101069,0.0417334917845756
103102,101069,0.0124987139204211
102421,101069,0.0552597839143805
101045,101069,0.0501765148036291
101191,101069,0.0250363290347738
101359,101069,0.0402544740689725
101270,101069,0.0265482845339814
10752,100843,0.0438753864416532
10781,100843,0.0703156641254283
30017,100843,0.0562945479668642
12915,100843,0.0270196883856774
10044,100843,0.717167255876448
30000,100843,0.0178263331864131
30003,100843,0.0439714888470903
30041,100843,0.0459352473418486
101073,100843,0.0526536656808927
30038,100843,0.0895725582620115
100411,100843,0.0328811651105332
100412,100843,0.0603074002087257
30042,100843,0.0157732808149679
30004,100843,0.0447082029081254
10907,100843,0.0571197395278119
20171,100843,0.0809913932069292
10751,100843,0.0386932411346348
12780,100843,0.727535581291606
30032,100843,0.0696112562765296
100098,100843,0.0273537752254588
20020,100843,0.0168259749931025
101069,100843,0.0310275984311835
100843,100843,1
20014,100843,0.0764753210824506
30011,100843,0.0284585802753513
30033,100843,0.0426240176609128
100925,100843,0.0223416308005509
101333,100843,0.0481446512571024
102667,100843,0.0391610580625837
102669,100843,0.0245685738694594
102473,100843,0.0427579134423602
101417,100843,0.0441807585606536
100856,100843,0.024649227609583
101048,100843,0.0769396372022995
101349,100843,0.0393764260045578
100836,100843,0.0841826134912865
101411,100843,0.0452880733935709
101179,100843,0.0243333078961609
103458,100843,0.0777509085597681
100077,100843,0.0663241857097432
100969,100843,0.0213890453500751
30029,100843,0.0578209742170013
30030,100843,0.0402342372134226
101610,100843,0.0585143322861292
103102,100843,0.0146482071122375
102421,100843,0.0473398130111645
101045,100843,0.0553900666975296
101191,100843,0.050028119436918
101359,100843,0.0294858273574597
101270,100843,0.0324240452658902
10752,20014,0.0645258687869716
10781,20014,0.534367439609639
30017,20014,0.129766975864961
12915,20014,0.0477684156711396
10044,20014,0.0777502406260494
30000,20014,0.0249878632105362
30003,20014,0.152154406168811
30041,20014,0.103075746146059
101073,20014,0.0592463759090738
30038,20014,0.140458202085505
100411,20014,0.0354490904034287
100412,20014,0.14912131961458
30042,20014,0.0244827002156066
30004,20014,0.0739183287586953
10907,20014,0.157556539817758
20171,20014,0.552523097217423
10751,20014,0.0650630616228367
12780,20014,0.0857435116673648
30032,20014,0.113200321673102
100098,20014,0.0378200236420268
20020,20014,0.0224949291565215
101069,20014,0.0448916726137694
100843,20014,0.0764753210824506
20014,20014,1
30011,20014,0.0525299600545199
30033,20014,0.0622144263407007
100925,20014,0.0275574755596415
101333,20014,0.0744138250203751
102667,20014,0.0363001249462506
102669,20014,0.0313764274340353
102473,20014,0.0938945668068159
101417,20014,0.0640732843103759
100856,20014,0.0596991292571034
101048,20014,0.181967914427027
101349,20014,0.0841591740576849
100836,20014,0.147897528023245
101411,20014,0.0936806302963102
101179,20014,0.0607741666171123
103458,20014,0.0883350286568363
100077,20014,0.0292152192503109
100969,20014,0.0609182982762842
30029,20014,0.113702008613891
30030,20014,0.0786442980527211
101610,20014,0.149119444564446
103102,20014,0.0107481176075044
102421,20014,0.129836853161017
101045,20014,0.106935104278693
101191,20014,0.0905861615254645
101359,20014,0.0795094226401685
101270,20014,0.043369253886294
10752,30011,0.0188673826534773
10781,30011,0.0577892405046132
30017,30011,0.0342875134925494
12915,30011,0.0229951260602751
10044,30011,0.0256137042071286
30000,30011,0.0214500902884374
30003,30011,0.0410160139205485
30041,30011,0.0384904502213772
101073,30011,0.0301620704741521
30038,30011,0.0609370396292935
100411,30011,0.0211262267436869
100412,30011,0.0481140703520509
30042,30011,0.0157055859851981
30004,30011,0.0501451564226289
10907,30011,0.0390055949446927
20171,30011,0.0600987970921738
10751,30011,0.0170064978179667
12780,30011,0.0270838623201852
30032,30011,0.0604034141001468
100098,30011,0.0175296394955555
20020,30011,0.017827277424827
101069,30011,0.015452524512341
100843,30011,0.0284585802753513
20014,30011,0.0525299600545199
30011,30011,1
30033,30011,0.0263350670080471
100925,30011,0.0214038131084921
101333,30011,0.029836766518247
102667,30011,0.0218336456083591
102669,30011,0.0235643629517841
102473,30011,0.0337480059998128
101417,30011,0.0188363173452806
100856,30011,0.0274804212292129
101048,30011,0.0666087224911414
101349,30011,0.033303068727352
100836,30011,0.0542779783211631
101411,30011,0.0296100533366352
101179,30011,0.0458575792801124
103458,30011,0.0256554947553795
100077,30011,0.0300314593979119
100969,30011,0.0457293949773861
30029,30011,0.0598757344578147
30030,30011,0.0274872614607483
101610,30011,0.0428986563051239
103102,30011,0.00924924051173261
102421,30011,0.0490453252479106
101045,30011,0.033262612763976
101191,30011,0.028735793451587
101359,30011,0.0238311438893826
101270,30011,0.0315630730351415
10752,30033,0.0316934839362131
10781,30033,0.0567494089691062
30017,30033,0.0514708577350111
12915,30033,0.0324938528204013
10044,30033,0.0410390890892122
30000,30033,0.0194273824832531
30003,30033,0.0387527983954075
30041,30033,0.0441851746631208
101073,30033,0.0375357929623138
30038,30033,0.0888535688427477
100411,30033,0.021118090562219
100412,30033,0.0732606819685211
30042,30033,0.0150528356013238
30004,30033,0.045942502327469
10907,30033,0.0533523974801955
20171,30033,0.070216786560285
10751,30033,0.0283917758333741
12780,30033,0.0447367247799483
30032,30033,0.0465550135573977
100098,30033,0.101964886132249
20020,30033,0.01670438595649
101069,30033,0.0917232239528683
100843,30033,0.0426240176609128
20014,30033,0.0622144263407007
30011,30033,0.0263350670080471
30033,30033,1
100925,30033,0.0296656422060304
101333,30033,0.0583875104009537
102667,30033,0.0342308536152173
102669,30033,0.0250471226829859
