Var1,Var2,Freq
10752,10752,1
10781,10752,0.299065420560748
30017,10752,0.287037037037037
12915,10752,0.28494623655914
10044,10752,0.326530612244898
30000,10752,0.387755102040816
30003,10752,0.263414634146341
30041,10752,0.323809523809524
101073,10752,0.264285714285714
30038,10752,0.25
100411,10752,0.277777777777778
100412,10752,0.295454545454545
30042,10752,0.36
30004,10752,0.265116279069767
10907,10752,0.326829268292683
20171,10752,0.321266968325792
10751,10752,0.511348464619493
12780,10752,0.306122448979592
30032,10752,0.307086614173228
100098,10752,0.268115942028986
20020,10752,0.26056338028169
101069,10752,0.25
100843,10752,0.316326530612245
20014,10752,0.305164319248826
30011,10752,0.305555555555556
30033,10752,0.280788177339901
100925,10752,0.375
101333,10752,0.32258064516129
102667,10752,0.26984126984127
102669,10752,0.259036144578313
102473,10752,0.276699029126214
101417,10752,0.920529801324503
100856,10752,0.280898876404494
101048,10752,0.326923076923077
101349,10752,0.326633165829146
100836,10752,0.265765765765766
101411,10752,0.349775784753363
101179,10752,0.33160621761658
103458,10752,0.280373831775701
100077,10752,0.282608695652174
100969,10752,0.34375
30029,10752,0.295238095238095
30030,10752,0.321951219512195
101610,10752,0.287804878048781
103102,10752,0.347826086956522
102421,10752,0.296116504854369
101045,10752,0.291079812206573
101191,10752,0.36697247706422
101359,10752,0.308457711442786
101270,10752,0.384615384615385
10752,10781,0.299065420560748
10781,10781,1
30017,10781,0.292134831460674
12915,10781,0.30672268907563
10044,10781,0.271493212669683
30000,10781,0.307692307692308
30003,10781,0.367816091954023
30041,10781,0.310861423220974
101073,10781,0.303703703703704
30038,10781,0.293023255813953
100411,10781,0.271186440677966
100412,10781,0.34412955465587
30042,10781,0.288732394366197
30004,10781,0.271889400921659
10907,10781,0.315217391304348
20171,10781,0.844444444444444
10751,10781,0.296650717703349
12780,10781,0.271493212669683
30032,10781,0.304721030042918
100098,10781,0.211678832116788
20020,10781,0.281407035175879
101069,10781,0.246153846153846
100843,10781,0.258536585365854
20014,10781,0.727272727272727
30011,10781,0.244604316546763
30033,10781,0.24468085106383
100925,10781,0.352112676056338
101333,10781,0.31404958677686
102667,10781,0.371428571428571
102669,10781,0.266666666666667
102473,10781,0.261538461538462
101417,10781,0.308411214953271
100856,10781,0.311004784688995
101048,10781,0.35632183908046
101349,10781,0.251968503937008
100836,10781,0.29951690821256
101411,10781,0.306620209059233
101179,10781,0.304195804195804
103458,10781,0.322429906542056
100077,10781,0.263513513513513
100969,10781,0.315412186379928
30029,10781,0.314159292035398
30030,10781,0.303482587064677
101610,10781,0.327935222672065
103102,10781,0.346153846153846
102421,10781,0.272058823529412
101045,10781,0.266423357664234
101191,10781,0.306273062730627
101359,10781,0.260377358490566
101270,10781,0.28735632183908
10752,30017,0.287037037037037
10781,30017,0.292134831460674
30017,30017,1
12915,30017,0.288990825688073
10044,30017,0.257009345794392
30000,30017,0.297872340425532
30003,30017,0.291512915129151
30041,30017,0.352059925093633
101073,30017,0.373134328358209
30038,30017,0.376923076923077
100411,30017,0.259668508287293
100412,30017,0.30859375
30042,30017,0.303964757709251
30004,30017,0.236363636363636
10907,30017,0.28125
20171,30017,0.302238805970149
10751,30017,0.286995515695067
12780,30017,0.275700934579439
30032,30017,0.261061946902655
100098,30017,0.270833333333333
20020,30017,0.311224489795918
101069,30017,0.28476821192053
100843,30017,0.257009345794392
20014,30017,0.322097378277154
30011,30017,0.322368421052632
30033,30017,0.287081339712919
100925,30017,0.308411214953271
101333,30017,0.335135135135135
102667,30017,0.317073170731707
102669,30017,0.346666666666667
102473,30017,0.318066157760814
101417,30017,0.287037037037037
100856,30017,0.270642201834862
101048,30017,0.309090909090909
101349,30017,0.409090909090909
100836,30017,0.358490566037736
101411,30017,0.297397769516729
101179,30017,0.295454545454545
103458,30017,0.254807692307692
100077,30017,0.428571428571429
100969,30017,0.297142857142857
30029,30017,0.256637168141593
30030,30017,0.367003367003367
101610,30017,0.298507462686567
103102,30017,0.230769230769231
102421,30017,0.411111111111111
101045,30017,0.40590405904059
101191,30017,0.291828793774319
101359,30017,0.423220973782772
101270,30017,0.344827586206897
10752,12915,0.28494623655914
10781,12915,0.30672268907563
30017,12915,0.288990825688073
12915,12915,1
10044,12915,0.248062015503876
30000,12915,0.243243243243243
30003,12915,0.297169811320755
30041,12915,0.325581395348837
101073,12915,0.269230769230769
30038,12915,0.251184834123223
100411,12915,0.263157894736842
100412,12915,0.312796208530806
30042,12915,0.288135593220339
30004,12915,0.304964539007092
10907,12915,0.298578199052133
20171,12915,0.315789473684211
10751,12915,0.336405529953917
12780,12915,0.2578125
30032,12915,0.3125
100098,12915,0.256944444444444
20020,12915,0.275641025641026
101069,12915,0.251908396946565
100843,12915,0.224806201550388
20014,12915,0.301435406698565
30011,12915,0.293577981651376
30033,12915,0.287804878048781
100925,12915,0.355932203389831
101333,12915,0.27
102667,12915,0.392857142857143
102669,12915,0.350877192982456
102473,12915,0.28
101417,12915,0.285340314136126
100856,12915,0.492307692307692
101048,12915,0.322274881516588
101349,12915,0.258536585365854
100836,12915,0.246445497630332
101411,12915,0.323008849557522
101179,12915,0.289592760180996
103458,12915,0.309352517985612
100077,12915,0.355555555555556
100969,12915,0.278538812785388
30029,12915,0.325842696629214
30030,12915,0.248554913294798
101610,12915,0.293838862559242
103102,12915,0.529411764705882
102421,12915,0.287081339712919
101045,12915,0.30622009569378
101191,12915,0.312775330396476
101359,12915,0.279411764705882
101270,12915,0.341772151898734
10752,10044,0.326530612244898
10781,10044,0.271493212669683
30017,10044,0.257009345794392
12915,10044,0.248062015503876
10044,10044,1
30000,10044,0.282608695652174
30003,10044,0.248780487804878
30041,10044,0.221674876847291
101073,10044,0.28030303030303
30038,10044,0.278846153846154
100411,10044,0.261904761904762
100412,10044,0.272277227722772
30042,10044,0.473684210526316
30004,10044,0.275862068965517
10907,10044,0.247524752475248
20171,10044,0.258536585365854
10751,10044,0.293577981651376
12780,10044,0.853293413173653
30032,10044,0.290123456790123
100098,10044,0.314285714285714
20020,10044,0.307692307692308
101069,10044,0.314285714285714
100843,10044,0.775700934579439
20014,10044,0.27906976744186
30011,10044,0.231788079470199
30033,10044,0.293103448275862
100925,10044,0.439024390243902
101333,10044,0.272727272727273
102667,10044,0.390243902439024
102669,10044,0.5
102473,10044,0.271929824561403
101417,10044,0.326530612244898
100856,10044,0.277777777777778
101048,10044,0.300970873786408
101349,10044,0.285714285714286
100836,10044,0.256038647342995
101411,10044,0.283132530120482
101179,10044,0.262295081967213
103458,10044,0.287671232876712
100077,10044,0.275167785234899
100969,10044,0.242798353909465
30029,10044,0.240740740740741
30030,10044,0.277227722772277
101610,10044,0.262626262626263
103102,10044,0.380952380952381
102421,10044,0.237113402061856
101045,10044,0.235576923076923
101191,10044,0.292682926829268
101359,10044,0.277227722772277
101270,10044,0.306122448979592
10752,30000,0.387755102040816
10781,30000,0.307692307692308
30017,30000,0.297872340425532
12915,30000,0.243243243243243
10044,30000,0.282608695652174
30000,30000,1
30003,30000,0.267123287671233
30041,30000,0.31981981981982
101073,30000,0.428571428571429
30038,30000,0.273127753303965
100411,30000,0.236994219653179
100412,30000,0.318681318681319
30042,30000,0.592526690391459
30004,30000,0.30188679245283
10907,30000,0.277486910994764
20171,30000,0.31304347826087
10751,30000,0.351351351351351
12780,30000,0.428571428571429
30032,30000,0.271739130434783
100098,30000,0.242424242424242
20020,30000,0.385906040268456
101069,30000,0.295454545454545
100843,30000,0.523809523809524
20014,30000,0.271794871794872
30011,30000,0.324675324675325
30033,30000,0.301282051282051
100925,30000,0.284090909090909
101333,30000,0.294736842105263
102667,30000,0.3125
102669,30000,0.274611398963731
102473,30000,0.247368421052632
101417,30000,0.397959183673469
100856,30000,0.243243243243243
101048,30000,0.255208333333333
101349,30000,0.274436090225564
100836,30000,0.247232472324723
101411,30000,0.27891156462585
101179,30000,0.287671232876712
103458,30000,0.625
100077,30000,0.392156862745098
100969,30000,0.294520547945205
30029,30000,0.284810126582278
30030,30000,0.282722513089005
101610,30000,0.262376237623762
103102,30000,0.5
102421,30000,0.315508021390374
101045,30000,0.275092936802974
101191,30000,0.24
101359,30000,0.293233082706767
101270,30000,0.34375
10752,30003,0.263414634146341
10781,30003,0.367816091954023
30017,30003,0.291512915129151
12915,30003,0.297169811320755
10044,30003,0.248780487804878
30000,30003,0.267123287671233
30003,30003,1
30041,30003,0.313953488372093
101073,30003,0.2421875
30038,30003,0.285714285714286
100411,30003,0.305785123966942
100412,30003,0.41897233201581
30042,30003,0.294871794871795
30004,30003,0.280373831775701
10907,30003,0.376984126984127
20171,30003,0.348659003831418
10751,30003,0.259803921568627
12780,30003,0.256038647342995
30032,30003,0.309734513274336
100098,30003,0.240601503759398
20020,30003,0.263843648208469
101069,30003,0.237762237762238
100843,30003,0.224390243902439
20014,30003,0.377358490566038
30011,30003,0.291666666666667
30033,30003,0.232804232804233
100925,30003,0.325
101333,30003,0.303370786516854
102667,30003,0.408163265306122
102669,30003,0.291666666666667
102473,30003,0.279527559055118
101417,30003,0.273170731707317
100856,30003,0.271028037383178
101048,30003,0.318840579710145
101349,30003,0.306201550387597
100836,30003,0.276923076923077
101411,30003,0.328947368421053
101179,30003,0.303249097472924
103458,30003,0.231527093596059
100077,30003,0.345454545454545
100969,30003,0.297872340425532
30029,30003,0.31981981981982
30030,30003,0.323943661971831
101610,30003,0.416
103102,30003,0.325581395348837
102421,30003,0.306513409961686
101045,30003,0.323076923076923
101191,30003,0.322857142857143
101359,30003,0.305555555555556
101270,30003,0.340909090909091
10752,30041,0.323809523809524
10781,30041,0.310861423220974
30017,30041,0.352059925093633
12915,30041,0.325581395348837
10044,30041,0.221674876847291
30000,30041,0.31981981981982
30003,30041,0.313953488372093
30041,30041,1
101073,30041,0.338235294117647
30038,30041,0.376811594202899
100411,30041,0.285714285714286
100412,30041,0.298387096774194
30042,30041,0.373913043478261
30004,30041,0.268382352941176
10907,30041,0.294354838709677
20171,30041,0.357142857142857
10751,30041,0.325358851674641
12780,30041,0.239024390243902
30032,30041,0.290909090909091
100098,30041,0.251798561151079
20020,30041,0.292418772563177
101069,30041,0.253623188405797
100843,30041,0.248780487804878
20014,30041,0.332046332046332
30011,30041,0.275092936802974
30033,30041,0.28125
100925,30041,0.283333333333333
101333,30041,0.351351351351351
102667,30041,0.375
102669,30041,0.386138613861386
102473,30041,0.309160305343511
101417,30041,0.333333333333333
100856,30041,0.289099526066351
101048,30041,0.379310344827586
101349,30041,0.332089552238806
100836,30041,0.357487922705314
101411,30041,0.343065693430657
101179,30041,0.311864406779661
103458,30041,0.323943661971831
100077,30041,0.253424657534247
100969,30041,0.352941176470588
30029,30041,0.304147465437788
30030,30041,0.326848249027237
101610,30041,0.295275590551181
103102,30041,0.526315789473684
102421,30041,0.366795366795367
101045,30041,0.335907335907336
101191,30041,0.37218045112782
101359,30041,0.365671641791045
101270,30041,0.408163265306122
10752,101073,0.264285714285714
10781,101073,0.303703703703704
30017,101073,0.373134328358209
12915,101073,0.269230769230769
10044,101073,0.28030303030303
30000,101073,0.428571428571429
30003,101073,0.2421875
30041,101073,0.338235294117647
101073,101073,1
30038,101073,0.421686746987952
100411,101073,0.315789473684211
100412,101073,0.326923076923077
30042,101073,0.209677419354839
30004,101073,0.37037037037037
10907,101073,0.25
20171,101073,0.311111111111111
10751,101073,0.290322580645161
12780,101073,0.283783783783784
30032,101073,0.255555555555556
100098,101073,0.246376811594203
20020,101073,0.315789473684211
101069,101073,0.314285714285714
100843,101073,0.263513513513513
20014,101073,0.296296296296296
30011,101073,0.217142857142857
30033,101073,0.27741935483871
100925,101073,0.432432432432432
101333,101073,0.346153846153846
102667,101073,0.3125
102669,101073,0.444444444444444
102473,101073,0.258823529411765
101417,101073,0.271428571428571
100856,101073,0.294573643410853
101048,101073,0.276315789473684
101349,101073,0.28476821192053
100836,101073,0.317073170731707
101411,101073,0.390625
101179,101073,0.278481012658228
103458,101073,0.392857142857143
100077,101073,0.387755102040816
100969,101073,0.30379746835443
30029,101073,0.27906976744186
30030,101073,0.275862068965517
101610,101073,0.27536231884058
103102,101073,0.37037037037037
102421,101073,0.242290748898678
101045,101073,0.222222222222222
101191,101073,0.375
101359,101073,0.246753246753247
101270,101073,0.342857142857143
10752,30038,0.25
10781,30038,0.293023255813953
30017,30038,0.376923076923077
12915,30038,0.251184834123223
10044,30038,0.278846153846154
30000,30038,0.273127753303965
30003,30038,0.285714285714286
30041,30038,0.376811594202899
101073,30038,0.421686746987952
30038,30038,1
100411,30038,0.268292682926829
100412,30038,0.282868525896414
30042,30038,0.273722627737226
30004,30038,0.261363636363636
10907,30038,0.250909090909091
20171,30038,0.30622009569378
10751,30038,0.260663507109005
12780,30038,0.276995305164319
30032,30038,0.279620853080569
100098,30038,0.256944444444444
20020,30038,0.299559471365639
101069,30038,0.27536231884058
100843,30038,0.269230769230769
20014,30038,0.279245283018868
30011,30038,0.307116104868914
30033,30038,0.286852589641434
100925,30038,0.261261261261261
101333,30038,0.349593495934959
102667,30038,0.359223300970874
102669,30038,0.374193548387097
102473,30038,0.345238095238095
101417,30038,0.264150943396226
100856,30038,0.256410256410256
101048,30038,0.302884615384615
101349,30038,0.3828125
100836,30038,0.853479853479853
101411,30038,0.290322580645161
101179,30038,0.291925465838509
103458,30038,0.292993630573248
100077,30038,0.354838709677419
100969,30038,0.271889400921659
30029,30038,0.278048780487805
30030,30038,0.388663967611336
101610,30038,0.296482412060302
103102,30038,0.292307692307692
102421,30038,0.387351778656126
101045,30038,0.37890625
101191,30038,0.3
101359,30038,0.382470119521912
101270,30038,0.345679012345679
10752,100411,0.277777777777778
10781,100411,0.271186440677966
30017,100411,0.259668508287293
12915,100411,0.263157894736842
10044,100411,0.261904761904762
30000,100411,0.236994219653179
30003,100411,0.305785123966942
30041,100411,0.285714285714286
101073,100411,0.315789473684211
30038,100411,0.268292682926829
100411,100411,1
100412,100411,0.275862068965517
30042,100411,0.244274809160305
30004,100411,0.316666666666667
10907,100411,0.293103448275862
20171,100411,0.265536723163842
10751,100411,0.267045454545455
12780,100411,0.285714285714286
30032,100411,0.326086956521739
100098,100411,0.349397590361446
20020,100411,0.303571428571429
101069,100411,0.337349397590361
100843,100411,0.261904761904762
20014,100411,0.263803680981595
30011,100411,0.25
30033,100411,0.428571428571429
100925,100411,0.252336448598131
101333,100411,0.316455696202532
102667,100411,0.274509803921569
102669,100411,0.309090909090909
102473,100411,0.317535545023697
101417,100411,0.272222222222222
100856,100411,0.313559322033898
101048,100411,0.272727272727273
101349,100411,0.31875
100836,100411,0.274390243902439
101411,100411,0.319587628865979
101179,100411,0.27007299270073
103458,100411,0.20353982300885
100077,100411,0.270833333333333
100969,100411,0.248175182481752
30029,100411,0.363636363636364
30030,100411,0.236363636363636
101610,100411,0.258620689655172
103102,100411,1
102421,100411,0.327160493827161
101045,100411,0.302469135802469
101191,100411,0.304761904761905
101359,100411,0.352201257861635
101270,100411,0.523809523809524
10752,100412,0.295454545454545
10781,100412,0.34412955465587
30017,100412,0.30859375
12915,100412,0.312796208530806
10044,100412,0.272277227722772
30000,100412,0.318681318681319
30003,100412,0.41897233201581
30041,100412,0.298387096774194
101073,100412,0.326923076923077
30038,100412,0.282868525896414
100411,100412,0.275862068965517
100412,100412,1
30042,100412,0.311475409836066
30004,100412,0.261818181818182
10907,100412,0.406099518459069
20171,100412,0.356275303643725
10751,100412,0.259259259259259
12780,100412,0.252475247524752
30032,100412,0.255707762557078
100098,100412,0.287878787878788
20020,100412,0.290178571428571
101069,100412,0.27891156462585
100843,100412,0.327102803738318
20014,100412,0.318725099601594
30011,100412,0.271062271062271
30033,100412,0.307377049180328
100925,100412,0.358974358974359
101333,100412,0.312849162011173
102667,100412,0.441860465116279
102669,100412,0.347368421052632
102473,100412,0.305019305019305
101417,100412,0.292682926829268
100856,100412,0.3
101048,100412,0.32046332046332
101349,100412,0.315384615384615
100836,100412,0.286852589641434
101411,100412,0.329749103942652
101179,100412,0.285140562248996
103458,100412,0.27536231884058
100077,100412,0.407407407407407
100969,100412,0.278225806451613
30029,100412,0.278538812785388
30030,100412,0.323076923076923
101610,100412,0.516233766233766
103102,100412,0.36
102421,100412,0.302788844621514
101045,100412,0.329365079365079
101191,100412,0.303249097472924
101359,100412,0.310077519379845
101270,100412,0.4375
10752,30042,0.36
10781,30042,0.288732394366197
30017,30042,0.303964757709251
12915,30042,0.288135593220339
10044,30042,0.473684210526316
30000,30042,0.592526690391459
30003,30042,0.294871794871795
30041,30042,0.373913043478261
101073,30042,0.209677419354839
30038,30042,0.273722627737226
100411,30042,0.244274809160305
100412,30042,0.311475409836066
30042,30042,1
30004,30042,0.299242424242424
10907,30042,0.258389261744966
20171,30042,0.288732394366197
10751,30042,0.307339449541284
12780,30042,0.434782608695652
30032,30042,0.267281105990783
100098,30042,0.238805970149254
20020,30042,0.40133779264214
101069,30042,0.242424242424242
100843,30042,0.571428571428572
20014,30042,0.288732394366197
30011,30042,0.369369369369369
30033,30042,0.387755102040816
100925,30042,0.282352941176471
101333,30042,0.306818181818182
102667,30042,0.314814814814815
102669,30042,0.264248704663212
102473,30042,0.230240549828179
101417,30042,0.333333333333333
100856,30042,0.270742358078603
101048,30042,0.342105263157895
101349,30042,0.281914893617021
100836,30042,0.272058823529412
101411,30042,0.288590604026846
101179,30042,0.294520547945205
103458,30042,0.6
100077,30042,0.4
100969,30042,0.301369863013699
30029,30042,0.285714285714286
30030,30042,0.270627062706271
101610,30042,0.301587301587302
103102,30042,0.615384615384615
102421,30042,0.32620320855615
101045,30042,0.300380228136882
101191,30042,0.304054054054054
101359,30042,0.301526717557252
101270,30042,0.518518518518519
10752,30004,0.265116279069767
10781,30004,0.271889400921659
30017,30004,0.236363636363636
12915,30004,0.304964539007092
10044,30004,0.275862068965517
30000,30004,0.30188679245283
30003,30004,0.280373831775701
30041,30004,0.268382352941176
101073,30004,0.37037037037037
30038,30004,0.261363636363636
100411,30004,0.316666666666667
100412,30004,0.261818181818182
30042,30004,0.299242424242424
30004,30004,1
10907,30004,0.282485875706215
20171,30004,0.28110599078341
10751,30004,0.262910798122066
12780,30004,0.268292682926829
30032,30004,0.261061946902655
100098,30004,0.267605633802817
20020,30004,0.288659793814433
101069,30004,0.272727272727273
100843,30004,0.325
20014,30004,0.273148148148148
30011,30004,0.285714285714286
30033,30004,0.26530612244898
100925,30004,0.388888888888889
101333,30004,0.391891891891892
102667,30004,0.391304347826087
102669,30004,0.277777777777778
102473,30004,0.24907063197026
101417,30004,0.255813953488372
100856,30004,0.300970873786408
101048,30004,0.281879194630872
101349,30004,0.275735294117647
100836,30004,0.265151515151515
101411,30004,0.32051282051282
101179,30004,0.243478260869565
103458,30004,0.358974358974359
100077,30004,0.361702127659574
100969,30004,0.240174672489083
30029,30004,0.290909090909091
30030,30004,0.256227758007117
101610,30004,0.251851851851852
103102,30004,0.36
102421,30004,0.269372693726937
101045,30004,0.274725274725275
101191,30004,0.318181818181818
101359,30004,0.281021897810219
101270,30004,0.368421052631579
10752,10907,0.326829268292683
10781,10907,0.315217391304348
30017,10907,0.28125
12915,10907,0.298578199052133
10044,10907,0.247524752475248
30000,10907,0.277486910994764
30003,10907,0.376984126984127
30041,10907,0.294354838709677
101073,10907,0.25
30038,10907,0.250909090909091
100411,10907,0.293103448275862
100412,10907,0.406099518459069
30042,10907,0.258389261744966
30004,10907,0.282485875706215
10907,10907,1
20171,10907,0.33469387755102
10751,10907,0.325714285714286
12780,10907,0.231481481481481
30032,10907,0.312796208530806
100098,10907,0.25
20020,10907,0.339506172839506
101069,10907,0.314606741573034
100843,10907,0.271028037383178
20014,10907,0.337301587301587
30011,10907,0.258687258687259
30033,10907,0.270718232044199
100925,10907,0.373333333333333
101333,10907,0.370786516853933
102667,10907,0.313253012048193
102669,10907,0.286407766990291
102473,10907,0.307392996108949
101417,10907,0.321951219512195
100856,10907,0.290909090909091
101048,10907,0.303846153846154
101349,10907,0.300925925925926
100836,10907,0.264227642276423
101411,10907,0.318367346938776
101179,10907,0.331858407079646
103458,10907,0.293838862559242
100077,10907,0.463414634146341
100969,10907,0.295774647887324
30029,10907,0.346341463414634
30030,10907,0.280575539568345
101610,10907,0.385220125786164
103102,10907,0.333333333333333
102421,10907,0.28968253968254
101045,10907,0.292490118577075
101191,10907,0.311688311688312
101359,10907,0.272373540856031
101270,10907,0.285714285714286
10752,20171,0.321266968325792
10781,20171,0.844444444444444
30017,20171,0.302238805970149
12915,20171,0.315789473684211
10044,20171,0.258536585365854
30000,20171,0.31304347826087
30003,20171,0.348659003831418
30041,20171,0.357142857142857
101073,20171,0.311111111111111
30038,20171,0.30622009569378
100411,20171,0.265536723163842
100412,20171,0.356275303643725
30042,20171,0.288732394366197
30004,20171,0.28110599078341
10907,20171,0.33469387755102
20171,20171,1
10751,20171,0.310502283105023
12780,20171,0.258536585365854
30032,20171,0.309012875536481
100098,20171,0.208333333333333
20020,20171,0.346666666666667
101069,20171,0.259541984732824
100843,20171,0.263414634146341
20014,20171,0.68978102189781
30011,20171,0.23826714801444
30033,20171,0.263636363636364
100925,20171,0.366197183098592
101333,20171,0.355371900826446
102667,20171,0.317829457364341
102669,20171,0.289308176100629
102473,20171,0.241992882562278
101417,20171,0.312217194570136
100856,20171,0.301435406698565
101048,20171,0.360153256704981
101349,20171,0.255905511811024
100836,20171,0.307339449541284
101411,20171,0.340425531914894
101179,20171,0.325
103458,20171,0.336448598130841
100077,20171,0.326923076923077
100969,20171,0.326164874551971
30029,20171,0.309734513274336
30030,20171,0.308457711442786
101610,20171,0.315789473684211
103102,20171,0.235294117647059
102421,20171,0.267657992565056
101045,20171,0.287822878228782
101191,20171,0.316176470588235
101359,20171,0.282442748091603
101270,20171,0.275862068965517
10752,10751,0.511348464619493
10781,10751,0.296650717703349
30017,10751,0.286995515695067
12915,10751,0.336405529953917
10044,10751,0.293577981651376
30000,10751,0.351351351351351
30003,10751,0.259803921568627
30041,10751,0.325358851674641
101073,10751,0.290322580645161
30038,10751,0.260663507109005
100411,10751,0.267045454545455
100412,10751,0.259259259259259
30042,10751,0.307339449541284
30004,10751,0.262910798122066
10907,10751,0.325714285714286
20171,10751,0.310502283105023
10751,10751,1
12780,10751,0.275229357798165
30032,10751,0.317204301075269
100098,10751,0.353846153846154
20020,10751,0.312925170068027
101069,10751,0.292307692307692
100843,10751,0.275229357798165
20014,10751,0.287081339712919
30011,10751,0.303030303030303
30033,10751,0.29
100925,10751,0.366666666666667
101333,10751,0.338709677419355
102667,10751,0.336538461538462
102669,10751,0.238095238095238
102473,10751,0.273170731707317
101417,10751,0.497997329773031
100856,10751,0.347222222222222
101048,10751,0.301369863013699
101349,10751,0.333333333333333
100836,10751,0.260663507109005
101411,10751,0.350467289719626
101179,10751,0.328205128205128
103458,10751,0.276995305164319
100077,10751,0.341463414634146
100969,10751,0.354260089686099
30029,10751,0.315508021390374
30030,10751,0.305418719211823
101610,10751,0.27810650887574
103102,10751,0.375
102421,10751,0.311881188118812
101045,10751,0.311004784688995
101191,10751,0.355140186915888
101359,10751,0.319796954314721
101270,10751,0.384615384615385
10752,12780,0.306122448979592
10781,12780,0.271493212669683
30017,12780,0.275700934579439
12915,12780,0.2578125
10044,12780,0.853293413173653
30000,12780,0.428571428571429
30003,12780,0.256038647342995
30041,12780,0.239024390243902
101073,12780,0.283783783783784
30038,12780,0.276995305164319
100411,12780,0.285714285714286
100412,12780,0.252475247524752
30042,12780,0.434782608695652
30004,12780,0.268292682926829
10907,12780,0.231481481481481
20171,12780,0.258536585365854
10751,12780,0.275229357798165
12780,12780,1
30032,12780,0.277777777777778
100098,12780,0.238095238095238
20020,12780,0.30188679245283
101069,12780,0.27027027027027
100843,12780,0.741433021806854
20014,12780,0.287804878048781
30011,12780,0.231788079470199
30033,12780,0.295652173913043
100925,12780,0.439024390243902
101333,12780,0.284090909090909
102667,12780,0.390243902439024
102669,12780,0.5
102473,12780,0.289473684210526
101417,12780,0.316326530612245
100856,12780,0.277777777777778
101048,12780,0.299065420560748
101349,12780,0.276785714285714
100836,12780,0.312
101411,12780,0.271084337349398
101179,12780,0.262295081967213
103458,12780,0.294520547945205
100077,12780,0.288590604026846
100969,12780,0.317073170731707
30029,12780,0.240740740740741
30030,12780,0.238938053097345
101610,12780,0.255
103102,12780,0.380952380952381
102421,12780,0.285714285714286
101045,12780,0.230769230769231
101191,12780,0.295180722891566
101359,12780,0.257425742574257
101270,12780,0.326530612244898
10752,30032,0.307086614173228
10781,30032,0.304721030042918
30017,30032,0.261061946902655
12915,30032,0.3125
10044,30032,0.290123456790123
30000,30032,0.271739130434783
30003,30032,0.309734513274336
30041,30032,0.290909090909091
101073,30032,0.255555555555556
30038,30032,0.279620853080569
100411,30032,0.326086956521739
100412,30032,0.255707762557078
30042,30032,0.267281105990783
30004,30032,0.261061946902655
10907,30032,0.312796208530806
20171,30032,0.309012875536481
10751,30032,0.317204301075269
12780,30032,0.277777777777778
30032,30032,1
100098,30032,0.434782608695652
20020,30032,0.308139534883721
101069,30032,0.454545454545455
100843,30032,0.283950617283951
20014,30032,0.324675324675325
30011,30032,0.298701298701299
30033,30032,0.350515463917526
100925,30032,0.296296296296296
101333,30032,0.375
102667,30032,0.465116279069767
102669,30032,0.390243902439024
102473,30032,0.292237442922374
101417,30032,0.307086614173228
100856,30032,0.308571428571429
101048,30032,0.339285714285714
101349,30032,0.299539170506912
100836,30032,0.294685990338164
101411,30032,0.300448430493274
101179,30032,0.280172413793103
103458,30032,0.269230769230769
100077,30032,0.435897435897436
100969,30032,0.277056277056277
30029,30032,0.668981481481482
30030,30032,0.238372093023256
101610,30032,0.285046728971963
103102,30032,0.27906976744186
102421,30032,0.281746031746032
101045,30032,0.286363636363636
101191,30032,0.300448430493274
101359,30032,0.276995305164319
101270,30032,0.296296296296296
10752,100098,0.268115942028986
10781,100098,0.211678832116788
30017,100098,0.270833333333333
12915,100098,0.256944444444444
10044,100098,0.314285714285714
30000,100098,0.242424242424242
30003,100098,0.240601503759398
30041,100098,0.251798561151079
101073,100098,0.246376811594203
30038,100098,0.256944444444444
100411,100098,0.349397590361446
100412,100098,0.287878787878788
30042,100098,0.238805970149254
30004,100098,0.267605633802817
10907,100098,0.25
20171,100098,0.208333333333333
10751,100098,0.353846153846154
12780,100098,0.238095238095238
30032,100098,0.434782608695652
100098,100098,1
20020,100098,0.28125
101069,100098,0.505197505197505
100843,100098,0.285714285714286
20014,100098,0.221476510067114
30011,100098,0.24812030075188
30033,100098,0.347517730496454
100925,100098,0.381578947368421
101333,100098,0.4
102667,100098,0.419753086419753
102669,100098,0.421686746987952
102473,100098,0.261194029850746
101417,100098,0.260869565217391
100856,100098,0.290076335877863
101048,100098,0.271428571428571
101349,100098,0.255102040816327
100836,100098,0.270833333333333
101411,100098,0.308641975308642
101179,100098,0.285714285714286
103458,100098,0.27972027972028
100077,100098,0.261194029850746
100969,100098,0.295918367346939
30029,100098,0.432432432432432
30030,100098,0.27536231884058
101610,100098,0.25
103102,100098,0.454545454545455
102421,100098,0.273381294964029
101045,100098,0.26056338028169
101191,100098,0.308641975308642
101359,100098,0.294964028776978
101270,100098,0.368421052631579
10752,20020,0.26056338028169
10781,20020,0.281407035175879
30017,20020,0.311224489795918
12915,20020,0.275641025641026
10044,20020,0.307692307692308
30000,20020,0.385906040268456
30003,20020,0.263843648208469
30041,20020,0.292418772563177
101073,20020,0.315789473684211
30038,20020,0.299559471365639
100411,20020,0.303571428571429
100412,20020,0.290178571428571
30042,20020,0.40133779264214
30004,20020,0.288659793814433
10907,20020,0.339506172839506
20171,20020,0.346666666666667
10751,20020,0.312925170068027
12780,20020,0.30188679245283
30032,20020,0.308139534883721
100098,20020,0.28125
20020,20020,1
101069,20020,0.278688524590164
100843,20020,0.473684210526316
20014,20020,0.6
30011,20020,0.27891156462585
30033,20020,0.3
100925,20020,0.5
101333,20020,0.304878048780488
102667,20020,0.267857142857143
102669,20020,0.251533742331288
102473,20020,0.285
101417,20020,0.274647887323944
100856,20020,0.378378378378378
101048,20020,0.303571428571429
101349,20020,0.291970802919708
100836,20020,0.307017543859649
101411,20020,0.267489711934156
101179,20020,0.275862068965517
103458,20020,0.4
100077,20020,0.285714285714286
100969,20020,0.267241379310345
30029,20020,0.294871794871795
30030,20020,0.282352941176471
101610,20020,0.275735294117647
103102,20020,0.173913043478261
102421,20020,0.298507462686567
101045,20020,0.300724637681159
101191,20020,0.282758620689655
101359,20020,0.298892988929889
101270,20020,0.298245614035088
10752,101069,0.25
10781,101069,0.246153846153846
30017,101069,0.28476821192053
12915,101069,0.251908396946565
10044,101069,0.314285714285714
30000,101069,0.295454545454545
30003,101069,0.237762237762238
30041,101069,0.253623188405797
101073,101069,0.314285714285714
30038,101069,0.27536231884058
100411,101069,0.337349397590361
100412,101069,0.27891156462585
30042,101069,0.242424242424242
30004,101069,0.272727272727273
10907,101069,0.314606741573034
20171,101069,0.259541984732824
10751,101069,0.292307692307692
12780,101069,0.27027027027027
30032,101069,0.454545454545455
100098,101069,0.505197505197505
20020,101069,0.278688524590164
101069,101069,1
100843,101069,0.27027027027027
20014,101069,0.230769230769231
30011,101069,0.231884057971014
30033,101069,0.321554770318021
100925,101069,0.344444444444444
101333,101069,0.328947368421053
102667,101069,0.385542168674699
102669,101069,0.373493975903614
102473,101069,0.278571428571429
101417,101069,0.27536231884058
100856,101069,0.275
101048,101069,0.277372262773723
101349,101069,0.290076335877863
100836,101069,0.300751879699248
101411,101069,0.265822784810127
101179,101069,0.25
103458,101069,0.277027027027027
100077,101069,0.240875912408759
100969,101069,0.246575342465753
30029,101069,0.432432432432432
30030,101069,0.269461077844311
101610,101069,0.277777777777778
103102,101069,0.6
102421,101069,0.291970802919708
101045,101069,0.323308270676692
101191,101069,0.258426966292135
101359,101069,0.318840579710145
101270,101069,0.352941176470588
10752,100843,0.316326530612245
10781,100843,0.258536585365854
30017,100843,0.257009345794392
12915,100843,0.224806201550388
10044,100843,0.775700934579439
30000,100843,0.523809523809524
30003,100843,0.224390243902439
30041,100843,0.248780487804878
101073,100843,0.263513513513513
30038,100843,0.269230769230769
100411,100843,0.261904761904762
100412,100843,0.327102803738318
30042,100843,0.571428571428572
30004,100843,0.325
10907,100843,0.271028037383178
20171,100843,0.263414634146341
10751,100843,0.275229357798165
12780,100843,0.741433021806854
30032,100843,0.283950617283951
100098,100843,0.285714285714286
20020,100843,0.473684210526316
101069,100843,0.27027027027027
100843,100843,1
20014,100843,0.274418604651163
30011,100843,0.327586206896552
30033,100843,0.32258064516129
100925,100843,0.414634146341463
101333,100843,0.303370786516854
102667,100843,0.390243902439024
102669,100843,0.392857142857143
102473,100843,0.271929824561403
101417,100843,0.316326530612245
100856,100843,0.277777777777778
101048,100843,0.286407766990291
101349,100843,0.273584905660377
100836,100843,0.259615384615385
101411,100843,0.274509803921569
101179,100843,0.231759656652361
103458,100843,0.308219178082192
100077,100843,0.296052631578947
100969,100843,0.22488038277512
30029,100843,0.246913580246914
30030,100843,0.267326732673267
101610,100843,0.265
103102,100843,0.466666666666667
102421,100843,0.277227722772277
101045,100843,0.227053140096618
101191,100843,0.289099526066351
101359,100843,0.257425742574257
101270,100843,0.306122448979592
10752,20014,0.305164319248826
10781,20014,0.727272727272727
30017,20014,0.322097378277154
12915,20014,0.301435406698565
10044,20014,0.27906976744186
30000,20014,0.271794871794872
30003,20014,0.377358490566038
30041,20014,0.332046332046332
101073,20014,0.296296296296296
30038,20014,0.279245283018868
100411,20014,0.263803680981595
100412,20014,0.318725099601594
30042,20014,0.288732394366197
30004,20014,0.273148148148148
10907,20014,0.337301587301587
20171,20014,0.68978102189781
10751,20014,0.287081339712919
12780,20014,0.287804878048781
30032,20014,0.324675324675325
100098,20014,0.221476510067114
20020,20014,0.6
101069,20014,0.230769230769231
100843,20014,0.274418604651163
20014,20014,1
30011,20014,0.259259259259259
30033,20014,0.253658536585366
100925,20014,0.352112676056338
101333,20014,0.293785310734463
102667,20014,0.346938775510204
102669,20014,0.343434343434343
102473,20014,0.288461538461538
101417,20014,0.305164319248826
100856,20014,0.30622009569378
101048,20014,0.352490421455939
101349,20014,0.272727272727273
100836,20014,0.295275590551181
101411,20014,0.333333333333333
101179,20014,0.298969072164948
103458,20014,0.311004784688995
100077,20014,0.357142857142857
100969,20014,0.277602523659306
30029,20014,0.316964285714286
30030,20014,0.293650793650794
101610,20014,0.315789473684211
103102,20014,0.5
102421,20014,0.28740157480315
101045,20014,0.283524904214559
101191,20014,0.325842696629214
101359,20014,0.271698113207547
101270,20014,0.264367816091954
10752,30011,0.305555555555556
10781,30011,0.244604316546763
30017,30011,0.322368421052632
12915,30011,0.293577981651376
10044,30011,0.231788079470199
30000,30011,0.324675324675325
30003,30011,0.291666666666667
30041,30011,0.275092936802974
101073,30011,0.217142857142857
30038,30011,0.307116104868914
100411,30011,0.25
100412,30011,0.271062271062271
30042,30011,0.369369369369369
30004,30011,0.285714285714286
10907,30011,0.258687258687259
20171,30011,0.23826714801444
10751,30011,0.303030303030303
12780,30011,0.231788079470199
30032,30011,0.298701298701299
100098,30011,0.24812030075188
20020,30011,0.27891156462585
101069,30011,0.231884057971014
100843,30011,0.327586206896552
20014,30011,0.259259259259259
30011,30011,1
30033,30011,0.274285714285714
100925,30011,0.27363184079602
101333,30011,0.281818181818182
102667,30011,0.441860465116279
102669,30011,0.289855072463768
102473,30011,0.256227758007117
101417,30011,0.305555555555556
100856,30011,0.242290748898678
101048,30011,0.287234042553192
101349,30011,0.276363636363636
100836,30011,0.307692307692308
101411,30011,0.252830188679245
101179,30011,0.292682926829268
103458,30011,0.228971962616822
100077,30011,0.375
100969,30011,0.29020979020979
30029,30011,0.324675324675325
30030,30011,0.263779527559055
101610,30011,0.242647058823529
103102,30011,0.333333333333333
102421,30011,0.305147058823529
101045,30011,0.238095238095238
101191,30011,0.266903914590747
101359,30011,0.255474452554745
101270,30011,0.350515463917526
10752,30033,0.280788177339901
10781,30033,0.24468085106383
30017,30033,0.287081339712919
12915,30033,0.287804878048781
10044,30033,0.293103448275862
30000,30033,0.301282051282051
30003,30033,0.232804232804233
30041,30033,0.28125
101073,30033,0.27741935483871
30038,30033,0.286852589641434
100411,30033,0.428571428571429
100412,30033,0.307377049180328
30042,30033,0.387755102040816
30004,30033,0.26530612244898
10907,30033,0.270718232044199
20171,30033,0.263636363636364
10751,30033,0.29
12780,30033,0.295652173913043
30032,30033,0.350515463917526
100098,30033,0.347517730496454
20020,30033,0.3
101069,30033,0.321554770318021
100843,30033,0.32258064516129
20014,30033,0.253658536585366
30011,30033,0.274285714285714
30033,30033,1
100925,30033,0.373333333333333
101333,30033,0.341666666666667
102667,30033,0.368421052631579
102669,30033,0.372340425531915
102473,30033,0.256140350877193
101417,30033,0.280788177339901
100856,30033,0.27906976744186
101048,30033,0.267441860465116
101349,30033,0.291828793774319
100836,30033,0.282868525896414
101411,30033,0.285714285714286
101179,30033,0.448275862068966
103458,30033,0.406779661016949
100077,30033,0.403846153846154
100969,30033,0.448275862068966
30029,30033,0.4
30030,30033,0.296875
101610,30033,0.276243093922652
103102,30033,0.421052631578947
102421,30033,0.276264591439689
101045,30033,0.272030651340996
101191,30033,0.271375464684015
101359,30033,0.290196078431373
101270,30033,0.5
10752,100925,0.375
10781,100925,0.352112676056338
30017,100925,0.308411214953271
12915,100925,0.355932203389831
10044,100925,0.439024390243902
30000,100925,0.284090909090909
30003,100925,0.325
30041,100925,0.283333333333333
101073,100925,0.432432432432432
30038,100925,0.261261261261261
100411,100925,0.252336448598131
100412,100925,0.358974358974359
30042,100925,0.282352941176471
30004,100925,0.388888888888889
10907,100925,0.373333333333333
20171,100925,0.366197183098592
10751,100925,0.366666666666667
12780,100925,0.439024390243902
30032,100925,0.296296296296296
100098,100925,0.381578947368421
20020,100925,0.5
101069,100925,0.344444444444444
100843,100925,0.414634146341463
20014,100925,0.352112676056338
30011,100925,0.27363184079602
30033,100925,0.373333333333333
100925,100925,1
101333,100925,0.340163934426229
102667,100925,0.317460317460317
102669,100925,0.370731707317073
102473,100925,0.25
101417,100925,0.375
100856,100925,0.346938775510204
101048,100925,0.32
101349,100925,0.40625
100836,100925,0.281553398058252
101411,100925,0.397058823529412
101179,100925,0.290780141843972
103458,100925,0.350649350649351
100077,100925,0.306666666666667
100969,100925,0.304964539007092
30029,100925,0.476190476190476
30030,100925,0.394736842105263
101610,100925,0.356164383561644
103102,100925,0.25531914893617
102421,100925,0.4125
101045,100925,0.394736842105263
101191,100925,0.378787878787879
101359,100925,0.386666666666667
