Var1,Var2,Freq
11126,11126,1
11402,11126,0.245379787020127
12186,11126,0.23425705585525
12998,11126,0.00850143402791146
102718,11126,0.0098438478211515
11337,11126,0.165303265874867
11126,11402,0.245379787020127
11402,11402,1
12186,11402,0.344092107702878
12998,11402,0.0101693400473466
102718,11402,0.0145144751855373
11337,11402,0.245688715778578
11126,12186,0.23425705585525
11402,12186,0.344092107702878
12186,12186,1
12998,12186,0.00890474785697325
102718,12186,0.014043664989423
11337,12186,0.349050288537318
11126,12998,0.00850143402791146
11402,12998,0.0101693400473466
12186,12998,0.00890474785697325
12998,12998,1
102718,12998,0.0173843101996371
11337,12998,0.00569594024017424
11126,102718,0.0098438478211515
11402,102718,0.0145144751855373
12186,102718,0.014043664989423
12998,102718,0.0173843101996371
102718,102718,1
11337,102718,0.00953234791829865
11126,11337,0.165303265874867
11402,11337,0.245688715778578
12186,11337,0.349050288537318
12998,11337,0.00569594024017424
102718,11337,0.00953234791829865
11337,11337,1
