Var1,Var2,Freq
11922,11922,1
11160,11922,0.393939393939394
10332,11922,0.592783505154639
11045,11922,0.5
20008,11922,0.8
11565,11922,0.498054474708171
11922,11160,0.393939393939394
11160,11160,1
10332,11160,0.333333333333333
11045,11160,0.258064516129032
20008,11160,0.354609929078014
11565,11160,0.384615384615385
11922,10332,0.592783505154639
11160,10332,0.333333333333333
10332,10332,1
11045,10332,0.492462311557789
20008,10332,0.333333333333333
11565,10332,0.475336322869955
11922,11045,0.5
11160,11045,0.258064516129032
10332,11045,0.492462311557789
11045,11045,1
20008,11045,0.625
11565,11045,0.810671256454389
11922,20008,0.8
11160,20008,0.354609929078014
10332,20008,0.333333333333333
11045,20008,0.625
20008,20008,1
11565,20008,0.625
11922,11565,0.498054474708171
11160,11565,0.384615384615385
10332,11565,0.475336322869955
11045,11565,0.810671256454389
20008,11565,0.625
11565,11565,1
