Var1,Var2,Freq
11922,11922,1
11160,11922,0.0259853798009957
10332,11922,0.237599307801858
11045,11922,0.239160936710891
20008,11922,0.016690086665506
11565,11922,0.238018020793565
11922,11160,0.0259853798009957
11160,11160,1
10332,11160,0.0178261323143693
11045,11160,0.021945139615432
20008,11160,0.152579628346727
11565,11160,0.020628073812014
11922,10332,0.237599307801858
11160,10332,0.0178261323143693
10332,10332,1
11045,10332,0.307862165715864
20008,10332,0.0170072198391036
11565,10332,0.310405364380808
11922,11045,0.239160936710891
11160,11045,0.021945139615432
10332,11045,0.307862165715864
11045,11045,1
20008,11045,0.0146518613104695
11565,11045,0.79169635772003
11922,20008,0.016690086665506
11160,20008,0.152579628346727
10332,20008,0.0170072198391036
11045,20008,0.0146518613104695
20008,20008,1
11565,20008,0.0168890334805198
11922,11565,0.238018020793565
11160,11565,0.020628073812014
10332,11565,0.310405364380808
11045,11565,0.79169635772003
20008,11565,0.0168890334805198
11565,11565,1
