Var1,Var2,Freq
11140,11140,1
38,11140,0.3125
10331,11140,0.24390243902439
11727,11140,0.368421052631579
11968,11140,0.340909090909091
11107,11140,0.883812010443864
12268,11140,0.225
11119,11140,0.84765625
20151,11140,0.347107438016529
10962,11140,0.340909090909091
10964,11140,0.340909090909091
100042,11140,0.380952380952381
100186,11140,0.514993481095176
12673,11140,0.290322580645161
11920,11140,0.340909090909091
101548,11140,0.514993481095176
20154,11140,0.355371900826446
102753,11140,0.207547169811321
11140,38,0.3125
38,38,1
10331,38,0.5
11727,38,0.228571428571429
11968,38,0.461538461538462
11107,38,0.454545454545455
12268,38,0.454545454545455
11119,38,0.375
20151,38,0.21875
10962,38,0.461538461538462
10964,38,0.461538461538462
100042,38,0.318181818181818
100186,38,0.243243243243243
12673,38,0.228571428571429
11920,38,0.461538461538462
101548,38,0.324324324324324
20154,38,0.291666666666667
102753,38,0.25
11140,10331,0.24390243902439
38,10331,0.5
10331,10331,1
11727,10331,0.303030303030303
11968,10331,0.391304347826087
11107,10331,0.24390243902439
12268,10331,0.431767337807606
11119,10331,0.268292682926829
20151,10331,0.361111111111111
10962,10331,0.347826086956522
10964,10331,0.347826086956522
100042,10331,0.430493273542601
100186,10331,0.315789473684211
12673,10331,0.206896551724138
11920,10331,0.347826086956522
101548,10331,0.263157894736842
20154,10331,0.333333333333333
102753,10331,0.26530612244898
11140,11727,0.368421052631579
38,11727,0.228571428571429
10331,11727,0.303030303030303
11727,11727,1
11968,11727,0.28
11107,11727,0.545454545454545
12268,11727,0.297297297297297
11119,11727,0.5
20151,11727,0.529411764705882
10962,11727,0.24
10964,11727,0.24
100042,11727,0.324324324324324
100186,11727,0.254901960784314
12673,11727,0.73021582733813
11920,11727,0.24
101548,11727,0.254901960784314
20154,11727,0.368421052631579
102753,11727,0.258064516129032
11140,11968,0.340909090909091
38,11968,0.461538461538462
10331,11968,0.391304347826087
11727,11968,0.28
11968,11968,1
11107,11968,0.318181818181818
12268,11968,0.4
11119,11968,0.340909090909091
20151,11968,0.248322147651007
10962,11968,0.954866008462623
10964,11968,0.971830985915493
100042,11968,0.4
100186,11968,0.326530612244898
12673,11968,0.32
11920,11968,0.95345557122708
101548,11968,0.236842105263158
20154,11968,0.224242424242424
102753,11968,0.351351351351351
11140,11107,0.883812010443864
38,11107,0.454545454545455
10331,11107,0.24390243902439
11727,11107,0.545454545454545
11968,11107,0.318181818181818
11107,11107,1
12268,11107,0.209302325581395
11119,11107,0.821614583333333
20151,11107,0.345833333333333
10962,11107,0.318181818181818
10964,11107,0.318181818181818
100042,11107,0.368421052631579
100186,11107,0.51890482398957
12673,11107,0.315789473684211
11920,11107,0.318181818181818
101548,11107,0.525423728813559
20154,11107,0.367768595041322
102753,11107,0.34375
11140,12268,0.225
38,12268,0.454545454545455
10331,12268,0.431767337807606
11727,12268,0.297297297297297
11968,12268,0.4
11107,12268,0.209302325581395
12268,12268,1
11119,12268,0.232558139534884
20151,12268,0.347826086956522
10962,12268,0.4
10964,12268,0.4
100042,12268,0.801670146137787
100186,12268,0.434782608695652
12673,12268,0.2
11920,12268,0.4
101548,12268,0.434782608695652
20154,12268,0.30188679245283
102753,12268,0.6
11140,11119,0.84765625
38,11119,0.375
10331,11119,0.268292682926829
11727,11119,0.5
11968,11119,0.340909090909091
11107,11119,0.821614583333333
12268,11119,0.232558139534884
11119,11119,1
20151,11119,0.355371900826446
10962,11119,0.340909090909091
10964,11119,0.340909090909091
100042,11119,0.2
100186,11119,0.52405721716515
12673,11119,0.28
11920,11119,0.363636363636364
101548,11119,0.52405721716515
20154,11119,0.341085271317829
102753,11119,0.275862068965517
11140,20151,0.347107438016529
38,20151,0.21875
10331,20151,0.361111111111111
11727,20151,0.529411764705882
11968,20151,0.248322147651007
11107,20151,0.345833333333333
12268,20151,0.347826086956522
11119,20151,0.355371900826446
20151,20151,1
10962,20151,0.25503355704698
10964,20151,0.25503355704698
100042,20151,0.37037037037037
100186,20151,0.342857142857143
12673,20151,0.647058823529412
11920,20151,0.248322147651007
101548,20151,0.345528455284553
20154,20151,0.615476190476191
102753,20151,0.384615384615385
11140,10962,0.340909090909091
38,10962,0.461538461538462
10331,10962,0.347826086956522
11727,10962,0.24
11968,10962,0.954866008462623
11107,10962,0.318181818181818
12268,10962,0.4
11119,10962,0.340909090909091
20151,10962,0.25503355704698
10962,10962,1
10964,10962,0.974612129760226
100042,10962,0.4
100186,10962,0.326530612244898
12673,10962,0.28
11920,10962,0.940845070422535
101548,10962,0.306122448979592
20154,10962,0.218181818181818
102753,10962,0.351351351351351
11140,10964,0.340909090909091
38,10964,0.461538461538462
10331,10964,0.347826086956522
11727,10964,0.24
11968,10964,0.971830985915493
11107,10964,0.318181818181818
12268,10964,0.4
11119,10964,0.340909090909091
20151,10964,0.25503355704698
10962,10964,0.974612129760226
10964,10964,1
100042,10964,0.4
100186,10964,0.326530612244898
12673,10964,0.28
11920,10964,0.952045133991537
101548,10964,0.236842105263158
20154,10964,0.218181818181818
102753,10964,0.351351351351351
11140,100042,0.380952380952381
38,100042,0.318181818181818
10331,100042,0.430493273542601
11727,100042,0.324324324324324
11968,100042,0.4
11107,100042,0.368421052631579
12268,100042,0.801670146137787
11119,100042,0.2
20151,100042,0.37037037037037
10962,100042,0.4
10964,100042,0.4
100042,100042,1
100186,100042,0.434782608695652
12673,100042,0.212121212121212
11920,100042,0.4
101548,100042,0.434782608695652
20154,100042,0.30188679245283
102753,100042,0.37037037037037
11140,100186,0.514993481095176
38,100186,0.243243243243243
10331,100186,0.315789473684211
11727,100186,0.254901960784314
11968,100186,0.326530612244898
11107,100186,0.51890482398957
12268,100186,0.434782608695652
11119,100186,0.52405721716515
20151,100186,0.342857142857143
10962,100186,0.326530612244898
10964,100186,0.326530612244898
100042,100186,0.434782608695652
100186,100186,1
12673,100186,0.3125
11920,100186,0.326530612244898
101548,100186,0.894875164257556
20154,100186,0.319838056680162
102753,100186,0.25
11140,12673,0.290322580645161
38,12673,0.228571428571429
10331,12673,0.206896551724138
11727,12673,0.73021582733813
11968,12673,0.32
11107,12673,0.315789473684211
12268,12673,0.2
11119,12673,0.28
20151,12673,0.647058823529412
10962,12673,0.28
10964,12673,0.28
100042,12673,0.212121212121212
100186,12673,0.3125
12673,12673,1
11920,12673,0.28
101548,12673,0.421052631578947
20154,12673,0.454545454545455
102753,12673,0.222222222222222
11140,11920,0.340909090909091
38,11920,0.461538461538462
10331,11920,0.347826086956522
11727,11920,0.24
11968,11920,0.95345557122708
11107,11920,0.318181818181818
12268,11920,0.4
11119,11920,0.363636363636364
20151,11920,0.248322147651007
10962,11920,0.940845070422535
10964,11920,0.952045133991537
100042,11920,0.4
100186,11920,0.326530612244898
12673,11920,0.28
11920,11920,1
101548,11920,0.236842105263158
20154,11920,0.212121212121212
102753,11920,0.351351351351351
11140,101548,0.514993481095176
38,101548,0.324324324324324
10331,101548,0.263157894736842
11727,101548,0.254901960784314
11968,101548,0.236842105263158
11107,101548,0.525423728813559
12268,101548,0.434782608695652
11119,101548,0.52405721716515
20151,101548,0.345528455284553
10962,101548,0.306122448979592
10964,101548,0.236842105263158
100042,101548,0.434782608695652
100186,101548,0.894875164257556
12673,101548,0.421052631578947
11920,101548,0.236842105263158
101548,101548,1
20154,101548,0.338842975206612
102753,101548,0.235294117647059
11140,20154,0.355371900826446
38,20154,0.291666666666667
10331,20154,0.333333333333333
11727,20154,0.368421052631579
11968,20154,0.224242424242424
11107,20154,0.367768595041322
12268,20154,0.30188679245283
11119,20154,0.341085271317829
20151,20154,0.615476190476191
10962,20154,0.218181818181818
10964,20154,0.218181818181818
100042,20154,0.30188679245283
100186,20154,0.319838056680162
12673,20154,0.454545454545455
11920,20154,0.212121212121212
101548,20154,0.338842975206612
20154,20154,1
102753,20154,0.461538461538462
11140,102753,0.207547169811321
38,102753,0.25
10331,102753,0.26530612244898
11727,102753,0.258064516129032
11968,102753,0.351351351351351
11107,102753,0.34375
12268,102753,0.6
11119,102753,0.275862068965517
20151,102753,0.384615384615385
10962,102753,0.351351351351351
10964,102753,0.351351351351351
100042,102753,0.37037037037037
100186,102753,0.25
12673,102753,0.222222222222222
11920,102753,0.351351351351351
101548,102753,0.235294117647059
20154,102753,0.461538461538462
102753,102753,1
