Var1,Var2,Freq
12,12,1
42,12,0.137452578910125
11,12,0.094031704249661
11399,12,0.124341346954
23,12,0.0991991686745719
193,12,0.0883498763282655
194,12,0.0846694126940068
235,12,0.0940177404066744
10373,12,0.104691972648093
10444,12,0.154334910425299
12619,12,0.0880797741324037
13005,12,0.10162716181266
11685,12,0.130884994218912
11199,12,0.150065438506479
17035,12,0.15729355801295
12809,12,0.794266179246362
11287,12,0.0965424547821064
11288,12,0.0878298120319259
208,12,0.137369045898381
12703,12,0.134167663182983
10081,12,0.160654832271648
17034,12,0.0900372867700268
10747,12,0.0882647506728438
12029,12,0.108956085542668
10443,12,0.146643473355823
19645,12,0.00829055755277967
12847,12,0.085408107742515
10684,12,0.0449191183712603
11692,12,0.0445978844087627
12226,12,0.011267350350239
11942,12,0.111208418712915
12725,12,0.0866523984021048
10908,12,0.791094571254412
10074,12,0.0883464810990212
10494,12,0.0865042881215414
18025,12,0.139380509378781
10403,12,0.0971777530473192
10407,12,0.139666773404209
12000,12,0.094981358426223
10909,12,0.158407830312698
101036,12,0.131510025278758
20023,12,0.0942112631313233
101521,12,0.0212058081222074
12857,12,0.154680526335018
12366,12,0.00512685694997195
12,42,0.137452578910125
42,42,1
11,42,0.119598424078752
11399,42,0.127182330027781
23,42,0.164482578154831
193,42,0.218201442296849
194,42,0.182133773912006
235,42,0.155776185740376
10373,42,0.347169390475235
10444,42,0.779317083082266
12619,42,0.25972111195287
13005,42,0.354168964223511
11685,42,0.16494569789151
11199,42,0.217104369744681
17035,42,0.290293318622086
12809,42,0.132717763523579
11287,42,0.153182472549314
11288,42,0.151199864245426
208,42,0.235520795380489
12703,42,0.207969171735231
10081,42,0.32023102922566
17034,42,0.187744735208719
10747,42,0.11733885806282
12029,42,0.142891885875233
10443,42,0.755829323026534
19645,42,0.0107947883351267
12847,42,0.154498724753702
10684,42,0.07059583131979
11692,42,0.0666293701906257
12226,42,0.0195292394958407
11942,42,0.169757567055575
12725,42,0.134652175600492
10908,42,0.139272922159345
10074,42,0.230215975867147
10494,42,0.261658868878705
18025,42,0.795162736594906
10403,42,0.110909384183718
10407,42,0.781634483808262
12000,42,0.1684939060805
10909,42,0.301981376956604
101036,42,0.242051394113813
20023,42,0.185926194101811
101521,42,0.0282971885232855
12857,42,0.191592959421939
12366,42,0.00975311600333773
12,11,0.094031704249661
42,11,0.119598424078752
11,11,1
11399,11,0.0567721226761883
23,11,0.0902699670958581
193,11,0.117127232063478
194,11,0.126543476151984
235,11,0.0289295811123687
10373,11,0.0642672886422958
10444,11,0.124803011347739
12619,11,0.0443519843812424
13005,11,0.061556928488218
11685,11,0.0841750742282494
11199,11,0.0924043297578166
17035,11,0.111896452442732
12809,11,0.0946434984721025
11287,11,0.0798236157903047
11288,11,0.0567527616872871
208,11,0.0634101962877649
12703,11,0.107498687951546
10081,11,0.11892827683187
17034,11,0.122328474270999
10747,11,0.792430826253035
12029,11,0.0807599599367882
10443,11,0.118086468960841
19645,11,0.00867351215758181
12847,11,0.13953982134754
10684,11,0.0631054401186072
11692,11,0.0774874683241845
12226,11,0.0098231732932692
11942,11,0.0565567527939228
12725,11,0.0856563053394356
10908,11,0.0931268735578063
10074,11,0.0397536996129618
10494,11,0.049807927598032
18025,11,0.11525678398487
10403,11,0.821708793877119
10407,11,0.107765123519627
12000,11,0.105979654420297
10909,11,0.120468938766248
101036,11,0.120371558600473
20023,11,0.124539339568413
101521,11,0.0241144995360526
12857,11,0.0987493372466793
12366,11,0.00609508520038823
12,11399,0.124341346954
42,11399,0.127182330027781
11,11399,0.0567721226761883
11399,11399,1
23,11399,0.0895355237755463
193,11399,0.0677921143687993
194,11399,0.0740712444427341
235,11399,0.0324363953911548
10373,11399,0.078596106144504
10444,11399,0.14483489521196
12619,11399,0.0695978179337243
13005,11399,0.0926245981089708
11685,11399,0.108012982596259
11199,11399,0.112843768151256
17035,11399,0.124149294023279
12809,11399,0.131613144539261
11287,11399,0.101583288110293
11288,11399,0.171086500062772
208,11399,0.096159147232985
12703,11399,0.126769618538575
10081,11399,0.125028320461347
17034,11399,0.0765201558110235
10747,11399,0.051600977233036
12029,11399,0.102369853991739
10443,11399,0.141460948568357
19645,11399,0.00880962113135477
12847,11399,0.0861198382318287
10684,11399,0.038867377314411
11692,11399,0.0375248119689834
12226,11399,0.0136054408760047
11942,11399,0.25397437907878
12725,11399,0.0832372491399891
10908,11399,0.128105361194537
10074,11399,0.0717749995858116
10494,11399,0.0776089500910197
18025,11399,0.13640916296679
10403,11399,0.0588247552053034
10407,11399,0.133452733215229
12000,11399,0.0743367349477767
10909,11399,0.127043565736249
101036,11399,0.127539917826989
20023,11399,0.0776904831004035
101521,11399,0.0250495731799579
12857,11399,0.0936028645690126
12366,11399,0.0063314307036287
12,23,0.0991991686745719
42,23,0.164482578154831
11,23,0.0902699670958581
11399,23,0.0895355237755463
23,23,1
193,23,0.141182159183536
194,23,0.112523336925339
235,23,0.0778520953890437
10373,23,0.123550305174597
10444,23,0.179239694210809
12619,23,0.0976663056130393
13005,23,0.117336747351363
11685,23,0.166384717077347
11199,23,0.16483621483672
17035,23,0.190552544567456
12809,23,0.105827992999153
11287,23,0.592868131719862
11288,23,0.0986169665113236
208,23,0.166065790596908
12703,23,0.177613882872106
10081,23,0.195848104784103
17034,23,0.112035623944909
10747,23,0.0886013653749713
12029,23,0.1500908682711
10443,23,0.1774109897697
19645,23,0.00816941948207076
12847,23,0.121064724682097
10684,23,0.0476151029122396
11692,23,0.0636035377597761
12226,23,0.0140837843468185
11942,23,0.125345118233825
12725,23,0.105723880995668
10908,23,0.105050594044483
10074,23,0.0881658366754525
10494,23,0.0940218750687389
18025,23,0.175998405857106
10403,23,0.0944844734240957
10407,23,0.172090510004747
12000,23,0.136037109824644
10909,23,0.184664284408272
101036,23,0.195770879309164
20023,23,0.11288392717787
101521,23,0.0261463579002783
12857,23,0.184938807888475
12366,23,0.00640838754595581
12,193,0.0883498763282655
42,193,0.218201442296849
11,193,0.117127232063478
11399,193,0.0677921143687993
23,193,0.141182159183536
193,193,1
194,193,0.372496393731077
235,193,0.0672719962411448
10373,193,0.136196567649392
10444,193,0.230696859589865
12619,193,0.114106585875399
13005,193,0.118934717866237
11685,193,0.164859747192065
11199,193,0.168754944382833
17035,193,0.157781285424921
12809,193,0.0884466133290252
11287,193,0.124317109745995
11288,193,0.0935362895419049
208,193,0.17920286066682
12703,193,0.151623746175782
10081,193,0.184923535087619
17034,193,0.364293584187106
10747,193,0.11516845715377
12029,193,0.106721548433398
10443,193,0.217018469777435
19645,193,0.00806765193033371
12847,193,0.239989589847498
10684,193,0.0827867274894475
11692,193,0.0852842751795219
12226,193,0.0117673577499041
11942,193,0.0963901747593651
12725,193,0.113025932312691
10908,193,0.0941156435376264
10074,193,0.115002352937301
10494,193,0.0983393392984855
18025,193,0.211995259609294
10403,193,0.117966159157064
10407,193,0.207916291160601
12000,193,0.302703639620385
10909,193,0.175217471250269
101036,193,0.165146002415061
20023,193,0.362194244245863
101521,193,0.0258568734763144
12857,193,0.133950134316087
12366,193,0.0058268141382504
12,194,0.0846694126940068
42,194,0.182133773912006
11,194,0.126543476151984
11399,194,0.0740712444427341
23,194,0.112523336925339
193,194,0.372496393731077
194,194,1
235,194,0.0499550574125796
10373,194,0.0878064502355134
10444,194,0.187832461453233
12619,194,0.0898258048723005
13005,194,0.0789887766507261
11685,194,0.145886319624347
11199,194,0.117482432415332
17035,194,0.151621716547361
12809,194,0.0899516373831086
11287,194,0.109148178277737
11288,194,0.066301277906726
208,194,0.132173899999842
12703,194,0.117823514728141
10081,194,0.156419270309141
17034,194,0.691980088101239
10747,194,0.123640162536064
12029,194,0.101193028271196
10443,194,0.173204879045206
19645,194,0.00786306040733217
12847,194,0.25207459836447
10684,194,0.0740424621163082
11692,194,0.0899962209411597
12226,194,0.0124809091913636
11942,194,0.0895669410423053
12725,194,0.0853950794797728
10908,194,0.0874156469435809
10074,194,0.09009779884796
10494,194,0.0926506538620798
18025,194,0.170219936619246
10403,194,0.12232762434974
10407,194,0.176513276288651
12000,194,0.286531681762271
10909,194,0.15572101447642
101036,194,0.138223805756202
20023,194,0.737043826045456
101521,194,0.0346136365032314
12857,194,0.11516659709923
12366,194,0.00613951255625698
12,235,0.0940177404066744
42,235,0.155776185740376
11,235,0.0289295811123687
11399,235,0.0324363953911548
23,235,0.0778520953890437
193,235,0.0672719962411448
194,235,0.0499550574125796
235,235,1
10373,235,0.145948069403901
10444,235,0.174290294628411
12619,235,0.187018965931623
13005,235,0.103422644142106
11685,235,0.167224563619636
11199,235,0.173059594731385
17035,235,0.14136506322228
12809,235,0.0846295219825463
11287,235,0.0727980084769103
11288,235,0.0509288138597432
208,235,0.202884050865514
12703,235,0.10409196189866
10081,235,0.161846212942643
17034,235,0.0440393286077412
10747,235,0.029874468889972
12029,235,0.0735499103105876
10443,235,0.150246637874989
19645,235,0.0119840258732982
12847,235,0.0551529139337541
10684,235,0.01779518414444
11692,235,0.0222889066041621
12226,235,0.0189706403794984
11942,235,0.0376762742970235
12725,235,0.0507584766846801
10908,235,0.0922964687192009
10074,235,0.169194550359827
10494,235,0.213272925898569
18025,235,0.156392723684817
10403,235,0.0288826901374307
10407,235,0.140444341531435
12000,235,0.0725676310724179
10909,235,0.136703877653365
101036,235,0.116628450198309
20023,235,0.0446330377968371
101521,235,0.020824089272553
12857,235,0.110644369883534
12366,235,0.00863199922357848
12,10373,0.104691972648093
42,10373,0.347169390475235
11,10373,0.0642672886422958
11399,10373,0.078596106144504
23,10373,0.123550305174597
193,10373,0.136196567649392
194,10373,0.0878064502355134
235,10373,0.145948069403901
10373,10373,1
10444,10373,0.327945085264813
12619,10373,0.171073445609354
13005,10373,0.592891551517486
11685,10373,0.150706218827745
11199,10373,0.177340602240636
17035,10373,0.231413423742334
12809,10373,0.108339409959969
11287,10373,0.111341669254984
11288,10373,0.08620812025659
208,10373,0.148535890306211
12703,10373,0.154980737273906
10081,10373,0.217388884271396
17034,10373,0.0910257570299796
10747,10373,0.0684301299880577
12029,10373,0.101548030398889
10443,10373,0.315163043763369
19645,10373,0.0107056863842849
12847,10373,0.116331322836952
10684,10373,0.0336033443076157
11692,10373,0.0578620210033814
12226,10373,0.0202078486518475
11942,10373,0.124656797311834
12725,10373,0.0864249944193259
10908,10373,0.111579229266845
10074,10373,0.213211514692556
10494,10373,0.168193857041794
18025,10373,0.328687169243639
10403,10373,0.0650732351550649
10407,10373,0.289697790373046
12000,10373,0.108833349091044
10909,10373,0.216963785611142
101036,10373,0.164050682471619
20023,10373,0.0880893438809359
101521,10373,0.0305912344013437
12857,10373,0.141565474580022
12366,10373,0.0112847142176103
12,10444,0.154334910425299
42,10444,0.779317083082266
11,10444,0.124803011347739
11399,10444,0.14483489521196
23,10444,0.179239694210809
193,10444,0.230696859589865
194,10444,0.187832461453233
235,10444,0.174290294628411
10373,10444,0.327945085264813
10444,10444,1
12619,10444,0.258503875209961
13005,10444,0.364503436780548
11685,10444,0.190905656661941
11199,10444,0.243981038830893
17035,10444,0.304090738170635
12809,10444,0.15618328665127
11287,10444,0.168669031940189
11288,10444,0.156896192038631
208,10444,0.258929779083842
12703,10444,0.230471045361478
10081,10444,0.331826943946072
17034,10444,0.196369250775803
10747,10444,0.119546378468129
12029,10444,0.165562935547391
10443,10444,0.836053088923917
19645,10444,0.0130409763317556
12847,10444,0.189172456837729
10684,10444,0.073265456064888
11692,10444,0.0691691616688091
12226,10444,0.0201402795649843
11942,10444,0.167532938263205
12725,10444,0.148399267628333
10908,10444,0.158705486616046
10074,10444,0.249133839390837
10494,10444,0.25588823505747
18025,10444,0.810688070734603
10403,10444,0.115839734094825
10407,10444,0.799877988141056
12000,10444,0.181076359237309
10909,10444,0.313697606447343
101036,10444,0.257570429828016
20023,10444,0.194498476606392
101521,10444,0.0309512045847498
12857,10444,0.234932347792976
12366,10444,0.00916420711635433
12,12619,0.0880797741324037
42,12619,0.25972111195287
11,12619,0.0443519843812424
11399,12619,0.0695978179337243
23,12619,0.0976663056130393
193,12619,0.114106585875399
194,12619,0.0898258048723005
235,12619,0.187018965931623
10373,12619,0.171073445609354
10444,12619,0.258503875209961
12619,12619,1
13005,12619,0.19590756165532
11685,12619,0.150256082856333
11199,12619,0.152622371058611
17035,12619,0.152858075733688
12809,12619,0.0828937693066812
11287,12619,0.0954997024300396
11288,12619,0.073822072240602
208,12619,0.168545535202293
12703,12619,0.144952073673466
10081,12619,0.160194997165472
17034,12619,0.094760069856721
10747,12619,0.0406133574898912
12029,12619,0.0869371789492344
10443,12619,0.254002971617174
19645,12619,0.0101587504675974
12847,12619,0.093178312319824
10684,12619,0.0370152194332795
11692,12619,0.0647420373154216
12226,12619,0.0228203855844597
11942,12619,0.0892071346254225
12725,12619,0.0637890241325418
10908,12619,0.0984825097116374
10074,12619,0.464098871011937
10494,12619,0.558353724437653
18025,12619,0.253489411652766
10403,12619,0.0433379660599752
10407,12619,0.226231523086037
12000,12619,0.0800061403709094
10909,12619,0.156558619990908
101036,12619,0.122399564200484
20023,12619,0.0901214781319677
101521,12619,0.0329511323846148
12857,12619,0.132745006274815
12366,12619,0.0103837059111457
12,13005,0.10162716181266
42,13005,0.354168964223511
11,13005,0.061556928488218
11399,13005,0.0926245981089708
23,13005,0.117336747351363
193,13005,0.118934717866237
194,13005,0.0789887766507261
235,13005,0.103422644142106
10373,13005,0.592891551517486
10444,13005,0.364503436780548
12619,13005,0.19590756165532
13005,13005,1
11685,13005,0.135864136830185
11199,13005,0.178868938893959
17035,13005,0.204269343580131
12809,13005,0.0982302145731933
11287,13005,0.108310373481926
11288,13005,0.101295561331384
208,13005,0.143956498502639
12703,13005,0.128251851809794
10081,13005,0.204167536635644
17034,13005,0.0796677954258002
10747,13005,0.0656887921177541
12029,13005,0.0943002940745188
10443,13005,0.337044416907216
19645,13005,0.0115171173281275
12847,13005,0.101408250627884
10684,13005,0.0517655028957453
11692,13005,0.0430945182369532
12226,13005,0.0200672216917723
11942,13005,0.116792520384676
12725,13005,0.0796658163120913
10908,13005,0.106137367624813
10074,13005,0.187799631654401
10494,13005,0.170623033543108
18025,13005,0.356796262592398
10403,13005,0.0641684979379573
10407,13005,0.315080040041116
12000,13005,0.0908464716545717
10909,13005,0.205628668217834
101036,13005,0.152458280172505
20023,13005,0.0767336208572124
101521,13005,0.025452130395477
12857,13005,0.123559381450496
12366,13005,0.00913096440592248
12,11685,0.130884994218912
42,11685,0.16494569789151
11,11685,0.0841750742282494
11399,11685,0.108012982596259
23,11685,0.166384717077347
193,11685,0.164859747192065
194,11685,0.145886319624347
235,11685,0.167224563619636
10373,11685,0.150706218827745
10444,11685,0.190905656661941
12619,11685,0.150256082856333
13005,11685,0.135864136830185
11685,11685,1
11199,11685,0.572802738198708
17035,11685,0.335915482526386
12809,11685,0.143045693079855
11287,11685,0.170099050689286
11288,11685,0.102521199903511
208,11685,0.450650609809312
12703,11685,0.212129463903551
10081,11685,0.31293548288287
17034,11685,0.139667308225419
10747,11685,0.0819971070215987
12029,11685,0.181057816647559
10443,11685,0.17920329197412
19645,11685,0.0117474348091769
12847,11685,0.124243400700554
10684,11685,0.0884957206749877
11692,11685,0.0663869648243322
12226,11685,0.0199568097303677
11942,11685,0.133278013834263
12725,11685,0.115970668825639
10908,11685,0.136098142181519
10074,11685,0.188208549463478
10494,11685,0.155364901895252
18025,11685,0.189292319954159
10403,11685,0.0880832780285119
10407,11685,0.187147414060072
12000,11685,0.111115963866387
10909,11685,0.312678431413977
101036,11685,0.184021980037911
20023,11685,0.142956735072525
101521,11685,0.0457250659885576
12857,11685,0.184319317134506
12366,11685,0.00908072488073763
12,11199,0.150065438506479
42,11199,0.217104369744681
11,11199,0.0924043297578166
11399,11199,0.112843768151256
23,11199,0.16483621483672
193,11199,0.168754944382833
194,11199,0.117482432415332
235,11199,0.173059594731385
10373,11199,0.177340602240636
10444,11199,0.243981038830893
12619,11199,0.152622371058611
13005,11199,0.178868938893959
11685,11199,0.572802738198708
11199,11199,1
17035,11199,0.314581721878153
12809,11199,0.153335274320297
11287,11199,0.159996041050868
11288,11199,0.109357478402121
208,11199,0.527541057356005
12703,11199,0.225865421245379
10081,11199,0.310450605790075
17034,11199,0.130196285319264
10747,11199,0.0893282634022899
12029,11199,0.197048891426616
10443,11199,0.233938370542183
19645,11199,0.0111754033688372
12847,11199,0.140031025027887
10684,11199,0.0890434093555504
11692,11199,0.0681612112988806
12226,11199,0.0199842417841831
11942,11199,0.177412296442005
12725,11199,0.125711768421192
10908,11199,0.135123697003181
10074,11199,0.187745158731162
10494,11199,0.173502247943212
18025,11199,0.229192775644256
10403,11199,0.0931545991560933
10407,11199,0.21971581001813
12000,11199,0.137266060625532
10909,11199,0.296334574961511
101036,11199,0.206314458003634
20023,11199,0.123284996095981
101521,11199,0.0310703731610562
12857,11199,0.215962588218462
12366,11199,0.00909320698268564
12,17035,0.15729355801295
42,17035,0.290293318622086
11,17035,0.111896452442732
11399,17035,0.124149294023279
23,17035,0.190552544567456
193,17035,0.157781285424921
194,17035,0.151621716547361
235,17035,0.14136506322228
10373,17035,0.231413423742334
10444,17035,0.304090738170635
12619,17035,0.152858075733688
13005,17035,0.204269343580131
11685,17035,0.335915482526386
11199,17035,0.314581721878153
17035,17035,1
12809,17035,0.157465783574245
11287,17035,0.188477599034894
11288,17035,0.128251160226975
208,17035,0.268564224562981
12703,17035,0.277649709441273
10081,17035,0.823714451829314
17034,17035,0.145054894537969
10747,17035,0.106753399700982
12029,17035,0.15883899675714
10443,17035,0.289332310053722
19645,17035,0.01118386992207
12847,17035,0.173767705232043
10684,17035,0.0801097712843117
11692,17035,0.0497794739961611
12226,17035,0.0220700250491286
11942,17035,0.170424573062184
12725,17035,0.149800689223811
10908,17035,0.154599429644757
10074,17035,0.190697677157886
10494,17035,0.202213896043534
18025,17035,0.317482546119603
10403,17035,0.111715083285441
10407,17035,0.319324303213004
12000,17035,0.139509234361208
10909,17035,0.84755590267721
101036,17035,0.247690033461112
20023,17035,0.15606404282123
101521,17035,0.0371399507595635
12857,17035,0.246039018639117
12366,17035,0.0100422777132141
12,12809,0.794266179246362
42,12809,0.132717763523579
11,12809,0.0946434984721025
11399,12809,0.131613144539261
23,12809,0.105827992999153
193,12809,0.0884466133290252
194,12809,0.0899516373831086
235,12809,0.0846295219825463
10373,12809,0.108339409959969
10444,12809,0.15618328665127
12619,12809,0.0828937693066812
13005,12809,0.0982302145731933
11685,12809,0.143045693079855
11199,12809,0.153335274320297
17035,12809,0.157465783574245
12809,12809,1
11287,12809,0.104258253592444
11288,12809,0.0871701688853905
208,12809,0.149477669019227
12703,12809,0.140385282404545
10081,12809,0.164532724496835
17034,12809,0.0884135298773344
10747,12809,0.0914171199239702
12029,12809,0.113058474815204
10443,12809,0.143933567798333
19645,12809,0.0082996351395926
12847,12809,0.0863830837484939
10684,12809,0.0529038843499643
11692,12809,0.0529586046241532
12226,12809,0.011536043849152
11942,12809,0.108909962839343
12725,12809,0.0843676756732678
10908,12809,0.756121480995796
10074,12809,0.0896659316317639
10494,12809,0.0934783644880596
18025,12809,0.135465100359587
10403,12809,0.100840234770214
10407,12809,0.130903660088495
12000,12809,0.0965527230527244
10909,12809,0.158975756710937
101036,12809,0.135455054344161
20023,12809,0.0943144179450238
101521,12809,0.0209982767210197
12857,12809,0.149534677164171
12366,12809,0.00524911756045213
12,11287,0.0965424547821064
42,11287,0.153182472549314
11,11287,0.0798236157903047
11399,11287,0.101583288110293
23,11287,0.592868131719862
193,11287,0.124317109745995
194,11287,0.109148178277737
235,11287,0.0727980084769103
10373,11287,0.111341669254984
10444,11287,0.168669031940189
12619,11287,0.0954997024300396
13005,11287,0.108310373481926
11685,11287,0.170099050689286
11199,11287,0.159996041050868
17035,11287,0.188477599034894
12809,11287,0.104258253592444
11287,11287,1
11288,11287,0.103546256240467
208,11287,0.168904178702091
12703,11287,0.184494492439192
10081,11287,0.19905946817815
17034,11287,0.108010414863769
10747,11287,0.080189268174183
12029,11287,0.142599193443263
10443,11287,0.165214620816482
19645,11287,0.00787929050379295
12847,11287,0.119399566347215
10684,11287,0.0512267687101768
11692,11287,0.0712107720626465
12226,11287,0.0133558384698248
11942,11287,0.114181822037545
12725,11287,0.102435158838553
10908,11287,0.100696136831954
10074,11287,0.0830484845432156
10494,11287,0.0974488503982904
18025,11287,0.154950630333771
10403,11287,0.0838112776204869
10407,11287,0.163752882703235
12000,11287,0.131150573207052
10909,11287,0.187250924761193
101036,11287,0.184426928297441
20023,11287,0.111522709412768
101521,11287,0.0325924008313815
12857,11287,0.165739143940579
12366,11287,0.00634725437106824
12,11288,0.0878298120319259
42,11288,0.151199864245426
11,11288,0.0567527616872871
11399,11288,0.171086500062772
23,11288,0.0986169665113236
193,11288,0.0935362895419049
194,11288,0.066301277906726
235,11288,0.0509288138597432
10373,11288,0.08620812025659
10444,11288,0.156896192038631
12619,11288,0.073822072240602
13005,11288,0.101295561331384
11685,11288,0.102521199903511
11199,11288,0.109357478402121
17035,11288,0.128251160226975
12809,11288,0.0871701688853905
11287,11288,0.103546256240467
11288,11288,1
208,11288,0.09991690362266
12703,11288,0.117357151641266
10081,11288,0.131011521799437
17034,11288,0.0699747408501291
10747,11288,0.0506543344744382
12029,11288,0.121543930275955
10443,11288,0.158899415428274
19645,11288,0.00782546723679858
12847,11288,0.0777045829039079
10684,11288,0.0447937393320772
11692,11288,0.0401408375254279
12226,11288,0.0129698360189274
11942,11288,0.157232010697072
12725,11288,0.0815873346449748
10908,11288,0.0889520914861715
10074,11288,0.069359175856451
10494,11288,0.0614200945936343
18025,11288,0.138923930874645
10403,11288,0.0698037358886714
10407,11288,0.149586266936333
12000,11288,0.0833495014085964
10909,11288,0.127005143760646
101036,11288,0.139063967778925
20023,11288,0.0694322060582256
101521,11288,0.0233486813854029
12857,11288,0.118158478146766
12366,11288,0.00590152004390489
12,208,0.137369045898381
42,208,0.235520795380489
11,208,0.0634101962877649
11399,208,0.096159147232985
23,208,0.166065790596908
193,208,0.17920286066682
194,208,0.132173899999842
235,208,0.202884050865514
10373,208,0.148535890306211
10444,208,0.258929779083842
12619,208,0.168545535202293
13005,208,0.143956498502639
11685,208,0.450650609809312
11199,208,0.527541057356005
17035,208,0.268564224562981
12809,208,0.149477669019227
11287,208,0.168904178702091
11288,208,0.09991690362266
208,208,1
12703,208,0.227784663726846
10081,208,0.287351988656418
17034,208,0.142045540049427
10747,208,0.0657827637106048
12029,208,0.1744663914936
10443,208,0.251405954660346
19645,208,0.0111732986023738
12847,208,0.120269242641775
10684,208,0.0503098942704368
11692,208,0.0457960710633164
12226,208,0.0186549917147741
11942,208,0.150801741424439
12725,208,0.0983880087093321
10908,208,0.133581230494745
10074,208,0.190558617113967
10494,208,0.169323659554717
18025,208,0.237563057849089
10403,208,0.0651558085884166
10407,208,0.233721795686714
12000,208,0.12600022376733
10909,208,0.254050352321999
101036,208,0.185447869608141
20023,208,0.135486085132158
101521,208,0.0289655672439077
12857,208,0.182434338713196
12366,208,0.00848837312691973
12,12703,0.134167663182983
42,12703,0.207969171735231
11,12703,0.107498687951546
11399,12703,0.126769618538575
23,12703,0.177613882872106
193,12703,0.151623746175782
194,12703,0.117823514728141
235,12703,0.10409196189866
10373,12703,0.154980737273906
10444,12703,0.230471045361478
12619,12703,0.144952073673466
13005,12703,0.128251851809794
11685,12703,0.212129463903551
11199,12703,0.225865421245379
17035,12703,0.277649709441273
12809,12703,0.140385282404545
11287,12703,0.184494492439192
11288,12703,0.117357151641266
208,12703,0.227784663726846
12703,12703,1
10081,12703,0.267821621126591
17034,12703,0.116318652524623
10747,12703,0.105389290032101
12029,12703,0.165537671481125
10443,12703,0.21729107695404
19645,12703,0.0103480135531512
12847,12703,0.164851109758892
10684,12703,0.0720404595051508
11692,12703,0.0949968362953918
12226,12703,0.0195327122636719
11942,12703,0.14301883886496
12725,12703,0.126617481061075
10908,12703,0.134341230598107
10074,12703,0.14327364634658
10494,12703,0.15486628868046
18025,12703,0.220492092389125
10403,12703,0.109523718435807
10407,12703,0.208435269569414
12000,12703,0.148902414711287
10909,12703,0.257532887104752
101036,12703,0.29799157269294
20023,12703,0.119005665617906
101521,12703,0.0363621158653524
12857,12703,0.343009987771094
12366,12703,0.008887752533468
12,10081,0.160654832271648
42,10081,0.32023102922566
11,10081,0.11892827683187
11399,10081,0.125028320461347
23,10081,0.195848104784103
193,10081,0.184923535087619
194,10081,0.156419270309141
235,10081,0.161846212942643
10373,10081,0.217388884271396
10444,10081,0.331826943946072
12619,10081,0.160194997165472
13005,10081,0.204167536635644
11685,10081,0.31293548288287
11199,10081,0.310450605790075
17035,10081,0.823714451829314
12809,10081,0.164532724496835
11287,10081,0.19905946817815
11288,10081,0.131011521799437
208,10081,0.287351988656418
12703,10081,0.267821621126591
10081,10081,1
17034,10081,0.146580045160147
10747,10081,0.116165534089734
12029,10081,0.181186253005932
10443,10081,0.321787514826779
19645,10081,0.0143345730369626
12847,10081,0.17650998792314
10684,10081,0.0799053907318327
11692,10081,0.0570662814334148
12226,10081,0.022138090052821
11942,10081,0.172086052057851
12725,10081,0.145389297382315
10908,10081,0.158768512606906
10074,10081,0.198172086558189
10494,10081,0.196000313063667
18025,10081,0.32304385975298
10403,10081,0.118735510029383
10407,10081,0.328678236261396
12000,10081,0.1454489160947
10909,10081,0.798330182995157
101036,10081,0.238723349939373
20023,10081,0.156005540171315
101521,10081,0.0385540674354955
12857,10081,0.251454377178783
12366,10081,0.010073248573832
12,17034,0.0900372867700268
42,17034,0.187744735208719
11,17034,0.122328474270999
11399,17034,0.0765201558110235
23,17034,0.112035623944909
193,17034,0.364293584187106
194,17034,0.691980088101239
235,17034,0.0440393286077412
10373,17034,0.0910257570299796
10444,17034,0.196369250775803
12619,17034,0.094760069856721
13005,17034,0.0796677954258002
11685,17034,0.139667308225419
11199,17034,0.130196285319264
17035,17034,0.145054894537969
12809,17034,0.0884135298773344
11287,17034,0.108010414863769
11288,17034,0.0699747408501291
208,17034,0.142045540049427
12703,17034,0.116318652524623
10081,17034,0.146580045160147
17034,17034,1
10747,17034,0.122103417906225
12029,17034,0.103162896858008
10443,17034,0.184810680448375
19645,17034,0.00804645097733276
12847,17034,0.262530277192729
10684,17034,0.0749817350733983
11692,17034,0.0787165118321792
12226,17034,0.0107475138118004
11942,17034,0.0939349274556748
12725,17034,0.0864420317359085
10908,17034,0.0876093691673514
10074,17034,0.0961149487406689
10494,17034,0.101792083416297
18025,17034,0.179075476801224
10403,17034,0.12146463655169
10407,17034,0.181057823555833
12000,17034,0.289903610208339
10909,17034,0.160214270906621
101036,17034,0.141246401122864
20023,17034,0.701828094544785
101521,17034,0.0362774838639159
12857,17034,0.114203186767234
12366,17034,0.00596007935139618
12,10747,0.0882647506728438
42,10747,0.11733885806282
11,10747,0.792430826253035
11399,10747,0.051600977233036
23,10747,0.0886013653749713
193,10747,0.11516845715377
194,10747,0.123640162536064
235,10747,0.029874468889972
10373,10747,0.0684301299880577
10444,10747,0.119546378468129
12619,10747,0.0406133574898912
13005,10747,0.0656887921177541
11685,10747,0.0819971070215987
11199,10747,0.0893282634022899
17035,10747,0.106753399700982
12809,10747,0.0914171199239702
11287,10747,0.080189268174183
11288,10747,0.0506543344744382
208,10747,0.0657827637106048
12703,10747,0.105389290032101
10081,10747,0.116165534089734
17034,10747,0.122103417906225
10747,10747,1
12029,10747,0.0769146785635178
10443,10747,0.115808375568476
19645,10747,0.00810246211042124
12847,10747,0.130102328953444
10684,10747,0.0586898360357997
11692,10747,0.0770042323590816
12226,10747,0.0101298268830735
11942,10747,0.0534425803690836
12725,10747,0.0779384731055256
10908,10747,0.0904157725556649
10074,10747,0.0407363353867691
10494,10747,0.0507927355007593
18025,10747,0.119141332312826
10403,10747,0.757197955698355
10407,10747,0.11021579731325
12000,10747,0.108461216359934
10909,10747,0.115074288458317
101036,10747,0.11525765161661
20023,10747,0.120639677916734
101521,10747,0.0252086064332373
12857,10747,0.0947187644893032
12366,10747,0.0056937946242187
12,12029,0.108956085542668
42,12029,0.142891885875233
11,12029,0.0807599599367882
11399,12029,0.102369853991739
23,12029,0.1500908682711
193,12029,0.106721548433398
194,12029,0.101193028271196
235,12029,0.0735499103105876
10373,12029,0.101548030398889
10444,12029,0.165562935547391
12619,12029,0.0869371789492344
13005,12029,0.0943002940745188
11685,12029,0.181057816647559
11199,12029,0.197048891426616
17035,12029,0.15883899675714
12809,12029,0.113058474815204
11287,12029,0.142599193443263
11288,12029,0.121543930275955
208,12029,0.1744663914936
12703,12029,0.165537671481125
10081,12029,0.181186253005932
17034,12029,0.103162896858008
10747,12029,0.0769146785635178
12029,12029,1
10443,12029,0.162279552643577
19645,12029,0.0123023267596884
12847,12029,0.0944999549088839
10684,12029,0.0470777076019336
11692,12029,0.0733915966989272
12226,12029,0.0164901500732229
11942,12029,0.113799349909062
12725,12029,0.101944492999913
10908,12029,0.114595915170016
10074,12029,0.0934697378011218
10494,12029,0.0854473237024629
18025,12029,0.157574286990271
10403,12029,0.0824050293216353
10407,12029,0.143381190005013
12000,12029,0.100954603576631
10909,12029,0.15886957527813
101036,12029,0.176853078996697
20023,12029,0.105348396224874
101521,12029,0.0287180310689658
12857,12029,0.191266611166118
12366,12029,0.0101131830284995
12,10443,0.146643473355823
42,10443,0.755829323026534
11,10443,0.118086468960841
11399,10443,0.141460948568357
23,10443,0.1774109897697
193,10443,0.217018469777435
194,10443,0.173204879045206
235,10443,0.150246637874989
10373,10443,0.315163043763369
10444,10443,0.836053088923917
12619,10443,0.254002971617174
13005,10443,0.337044416907216
11685,10443,0.17920329197412
11199,10443,0.233938370542183
17035,10443,0.289332310053722
12809,10443,0.143933567798333
11287,10443,0.165214620816482
11288,10443,0.158899415428274
208,10443,0.251405954660346
12703,10443,0.21729107695404
10081,10443,0.321787514826779
17034,10443,0.184810680448375
10747,10443,0.115808375568476
12029,10443,0.162279552643577
10443,10443,1
19645,10443,0.0102518807618975
12847,10443,0.171018216225207
10684,10443,0.0720087831769094
11692,10443,0.0746692109942417
12226,10443,0.019671109282919
11942,10443,0.180616075770221
12725,10443,0.134415753573798
10908,10443,0.146419565642389
10074,10443,0.244093026762093
10494,10443,0.235537534342843
18025,10443,0.779621408216962
10403,10443,0.110764316619182
10407,10443,0.761523991510348
12000,10443,0.176858163245311
10909,10443,0.29826880198745
101036,10443,0.240576220489644
20023,10443,0.179204573308516
101521,10443,0.0280708930159492
12857,10443,0.203595629978999
12366,10443,0.00895072578786472
12,19645,0.00829055755277967
42,19645,0.0107947883351267
11,19645,0.00867351215758181
11399,19645,0.00880962113135477
23,19645,0.00816941948207076
193,19645,0.00806765193033371
194,19645,0.00786306040733217
235,19645,0.0119840258732982
10373,19645,0.0107056863842849
10444,19645,0.0130409763317556
12619,19645,0.0101587504675974
13005,19645,0.0115171173281275
11685,19645,0.0117474348091769
11199,19645,0.0111754033688372
17035,19645,0.01118386992207
12809,19645,0.0082996351395926
11287,19645,0.00787929050379295
11288,19645,0.00782546723679858
208,19645,0.0111732986023738
12703,19645,0.0103480135531512
10081,19645,0.0143345730369626
17034,19645,0.00804645097733276
10747,19645,0.00810246211042124
12029,19645,0.0123023267596884
10443,19645,0.0102518807618975
19645,19645,1
12847,19645,0.0077908357738197
10684,19645,0.00674064159108117
11692,19645,0.00755641137538189
12226,19645,0.00757431955235126
11942,19645,0.00779253314711954
12725,19645,0.00606384139871599
10908,19645,0.00827789882517142
10074,19645,0.0101895113266996
10494,19645,0.0101169055958055
18025,19645,0.0114030110670098
10403,19645,0.00904431815897924
10407,19645,0.0138164482052468
12000,19645,0.00778164304404136
10909,19645,0.0104599240534329
101036,19645,0.00916245436029235
20023,19645,0.00849578443333481
101521,19645,0.00664294246722986
12857,19645,0.0102011162157756
12366,19645,0.00371157044869774
12,12847,0.085408107742515
42,12847,0.154498724753702
11,12847,0.13953982134754
11399,12847,0.0861198382318287
23,12847,0.121064724682097
193,12847,0.239989589847498
194,12847,0.25207459836447
235,12847,0.0551529139337541
10373,12847,0.116331322836952
10444,12847,0.189172456837729
12619,12847,0.093178312319824
13005,12847,0.101408250627884
11685,12847,0.124243400700554
11199,12847,0.140031025027887
17035,12847,0.173767705232043
12809,12847,0.0863830837484939
11287,12847,0.119399566347215
11288,12847,0.0777045829039079
208,12847,0.120269242641775
12703,12847,0.164851109758892
10081,12847,0.17650998792314
17034,12847,0.262530277192729
10747,12847,0.130102328953444
12029,12847,0.0944999549088839
10443,12847,0.171018216225207
19645,12847,0.0077908357738197
12847,12847,1
10684,12847,0.0673966289642662
11692,12847,0.0694248856599185
12226,12847,0.011344499315632
11942,12847,0.1095357489916
12725,12847,0.0855776787741682
10908,12847,0.081468042713966
10074,12847,0.0770638862080874
10494,12847,0.10419031789507
18025,12847,0.180566920900706
10403,12847,0.13420434357269
10407,12847,0.173367209700653
12000,12847,0.280598385252915
10909,12847,0.173510878007334
101036,12847,0.146427699547183
20023,12847,0.261818920822489
101521,12847,0.0272302697439468
12857,12847,0.142553449299024
12366,12847,0.00688261491269076
12,10684,0.0449191183712603
42,10684,0.07059583131979
11,10684,0.0631054401186072
11399,10684,0.038867377314411
23,10684,0.0476151029122396
193,10684,0.0827867274894475
194,10684,0.0740424621163082
235,10684,0.01779518414444
10373,10684,0.0336033443076157
10444,10684,0.073265456064888
12619,10684,0.0370152194332795
13005,10684,0.0517655028957453
11685,10684,0.0884957206749877
11199,10684,0.0890434093555504
17035,10684,0.0801097712843117
12809,10684,0.0529038843499643
11287,10684,0.0512267687101768
11288,10684,0.0447937393320772
208,10684,0.0503098942704368
12703,10684,0.0720404595051508
10081,10684,0.0799053907318327
17034,10684,0.0749817350733983
10747,10684,0.0586898360357997
12029,10684,0.0470777076019336
10443,10684,0.0720087831769094
19645,10684,0.00674064159108117
12847,10684,0.0673966289642662
10684,10684,1
11692,10684,0.283316409878898
12226,10684,0.00900336543460251
11942,10684,0.0295505542536829
12725,10684,0.0408366811891228
10908,10684,0.0407732109501459
10074,10684,0.0232604784306747
10494,10684,0.042636433941597
18025,10684,0.0732213198284958
10403,10684,0.0652333548199573
10407,10684,0.073835950607073
12000,10684,0.066995013479635
10909,10684,0.0865897260471792
101036,10684,0.0716772718839838
20023,10684,0.0728998677223325
101521,10684,0.027604461249801
12857,10684,0.0738913468433214
12366,10684,0.00486483256443055
12,11692,0.0445978844087627
42,11692,0.0666293701906257
11,11692,0.0774874683241845
11399,11692,0.0375248119689834
23,11692,0.0636035377597761
193,11692,0.0852842751795219
194,11692,0.0899962209411597
235,11692,0.0222889066041621
10373,11692,0.0578620210033814
10444,11692,0.0691691616688091
12619,11692,0.0647420373154216
13005,11692,0.0430945182369532
11685,11692,0.0663869648243322
11199,11692,0.0681612112988806
17035,11692,0.0497794739961611
12809,11692,0.0529586046241532
11287,11692,0.0712107720626465
11288,11692,0.0401408375254279
208,11692,0.0457960710633164
12703,11692,0.0949968362953918
10081,11692,0.0570662814334148
17034,11692,0.0787165118321792
10747,11692,0.0770042323590816
12029,11692,0.0733915966989272
10443,11692,0.0746692109942417
19645,11692,0.00755641137538189
12847,11692,0.0694248856599185
10684,11692,0.283316409878898
11692,11692,1
12226,11692,0.008613573908512
11942,11692,0.048201410846432
12725,11692,0.0511146365805908
10908,11692,0.0506881635849633
10074,11692,0.0379909839642497
10494,11692,0.047369651236141
18025,11692,0.0679017889972093
10403,11692,0.0795643447304952
10407,11692,0.0658897458966278
12000,11692,0.0763408826005584
10909,11692,0.0517354857816227
101036,11692,0.0943815260000959
20023,11692,0.0835249733020036
101521,11692,0.0200082707525738
12857,11692,0.0910238328245502
12366,11692,0.00531007166478408
12,12226,0.011267350350239
42,12226,0.0195292394958407
11,12226,0.0098231732932692
11399,12226,0.0136054408760047
23,12226,0.0140837843468185
193,12226,0.0117673577499041
194,12226,0.0124809091913636
235,12226,0.0189706403794984
10373,12226,0.0202078486518475
10444,12226,0.0201402795649843
12619,12226,0.0228203855844597
13005,12226,0.0200672216917723
11685,12226,0.0199568097303677
11199,12226,0.0199842417841831
17035,12226,0.0220700250491286
12809,12226,0.011536043849152
11287,12226,0.0133558384698248
11288,12226,0.0129698360189274
208,12226,0.0186549917147741
12703,12226,0.0195327122636719
10081,12226,0.022138090052821
17034,12226,0.0107475138118004
10747,12226,0.0101298268830735
12029,12226,0.0164901500732229
10443,12226,0.019671109282919
19645,12226,0.00757431955235126
12847,12226,0.011344499315632
10684,12226,0.00900336543460251
11692,12226,0.008613573908512
12226,12226,1
11942,12226,0.015574273809388
12725,12226,0.0101242180199783
10908,12226,0.0112501464024897
10074,12226,0.0276581290102692
10494,12226,0.0241467853565155
18025,12226,0.0195144837404315
10403,12226,0.010996008972216
10407,12226,0.0184928520217492
12000,12226,0.0116744805459505
10909,12226,0.0212311591841617
101036,12226,0.0194061956403865
20023,12226,0.0121114674421952
101521,12226,0.0102592562873016
12857,12226,0.0157544440871595
12366,12226,0.446830161605836
12,11942,0.111208418712915
42,11942,0.169757567055575
11,11942,0.0565567527939228
11399,11942,0.25397437907878
23,11942,0.125345118233825
193,11942,0.0963901747593651
194,11942,0.0895669410423053
235,11942,0.0376762742970235
10373,11942,0.124656797311834
10444,11942,0.167532938263205
12619,11942,0.0892071346254225
13005,11942,0.116792520384676
11685,11942,0.133278013834263
11199,11942,0.177412296442005
17035,11942,0.170424573062184
12809,11942,0.108909962839343
11287,11942,0.114181822037545
11288,11942,0.157232010697072
208,11942,0.150801741424439
12703,11942,0.14301883886496
10081,11942,0.172086052057851
17034,11942,0.0939349274556748
10747,11942,0.0534425803690836
12029,11942,0.113799349909062
10443,11942,0.180616075770221
19645,11942,0.00779253314711954
12847,11942,0.1095357489916
10684,11942,0.0295505542536829
11692,11942,0.048201410846432
12226,11942,0.015574273809388
11942,11942,1
12725,11942,0.0827374232725915
