Var1,Var2,Freq
11126,11126,1
11402,11126,0.456211812627291
12186,11126,0.442446043165468
12998,11126,0.571428571428572
102718,11126,0.254901960784314
11337,11126,0.429084380610413
11126,11402,0.456211812627291
11402,11402,1
12186,11402,0.580246913580247
12998,11402,0.318181818181818
102718,11402,0.34375
11337,11402,0.583774250440917
11126,12186,0.442446043165468
11402,12186,0.580246913580247
12186,12186,1
12998,12186,0.290322580645161
102718,12186,0.4
11337,12186,0.565315315315315
11126,12998,0.571428571428572
11402,12998,0.318181818181818
12186,12998,0.290322580645161
12998,12998,1
102718,12998,0.2875
11337,12998,0.259259259259259
11126,102718,0.254901960784314
11402,102718,0.34375
12186,102718,0.4
12998,102718,0.2875
102718,102718,1
11337,102718,0.458333333333333
11126,11337,0.429084380610413
11402,11337,0.583774250440917
12186,11337,0.565315315315315
12998,11337,0.259259259259259
102718,11337,0.458333333333333
11337,11337,1
