Var1,Var2,Freq
11140,11140,1
38,11140,0.0103674263113855
10331,11140,0.0129343894958065
11727,11140,0.00833394651039777
11968,11140,0.0145733123729343
11107,11140,0.902592682335837
12268,11140,0.0118603287434558
11119,11140,0.859673040967086
20151,11140,0.0782779765806113
10962,11140,0.0145260791107746
10964,11140,0.0145562553658074
100042,11140,0.010242501870137
100186,11140,0.524053772168737
12673,11140,0.0103473522742721
11920,11140,0.0150523272333723
101548,11140,0.521011981437388
20154,11140,0.0744493247175419
102753,11140,0.0107364867685742
11140,38,0.0103674263113855
38,38,1
10331,38,0.0148201487283488
11727,38,0.0223560693111075
11968,38,0.0136826764346687
11107,38,0.0100532618777072
12268,38,0.0134061021161787
11119,38,0.0100642417192054
20151,38,0.0113740842354912
10962,38,0.0136383297942793
10964,38,0.0136666618524318
100042,38,0.0132799835824581
100186,38,0.0126294681483917
12673,38,0.0216145507759282
11920,38,0.0136613361413044
101548,38,0.0132269950415823
20154,38,0.0139165795664742
102753,38,0.0147159179985649
11140,10331,0.0129343894958065
38,10331,0.0148201487283488
10331,10331,1
11727,10331,0.0178375278110085
11968,10331,0.0118529328790427
11107,10331,0.0123327899843736
12268,10331,0.329955597749905
11119,10331,0.0153575422444108
20151,10331,0.0108902262406849
10962,10331,0.0115036082516282
10964,10331,0.0115275056718303
100042,10331,0.326477553009406
100186,10331,0.0102783747860237
12673,10331,0.0124883978695739
11920,10331,0.0112115807616621
101548,10331,0.00964900075879525
20154,10331,0.0110565521315838
102753,10331,0.0159939372345703
11140,11727,0.00833394651039777
38,11727,0.0223560693111075
10331,11727,0.0178375278110085
11727,11727,1
11968,11727,0.0107280295430601
11107,11727,0.00948345637390091
12268,11727,0.0205586292796686
11119,11727,0.00920612256251694
20151,11727,0.0109378353978918
10962,11727,0.010396224171445
10964,11727,0.0104178211288609
100042,11727,0.0207225076258068
100186,11727,0.0109749957494606
12673,11727,0.756434304493808
11920,11727,0.0104137614465107
101548,11727,0.0112349773406541
20154,11727,0.0100214846727109
102753,11727,0.0123697307240317
11140,11968,0.0145733123729343
38,11968,0.0136826764346687
10331,11968,0.0118529328790427
11727,11968,0.0107280295430601
11968,11968,1
11107,11968,0.0135682563472147
12268,11968,0.0122987642327681
11119,11968,0.0155953825795137
20151,11968,0.0146948665266216
10962,11968,0.959880398809123
10964,11968,0.982694232766009
100042,11968,0.0121830630320634
100186,11968,0.0141412031287086
12673,11968,0.0113259614717812
11920,11968,0.964101070375622
101548,11968,0.0141050032441676
20154,11968,0.0142088576208398
102753,11968,0.0108152811867395
11140,11107,0.902592682335837
38,11107,0.0100532618777072
10331,11107,0.0123327899843736
11727,11107,0.00948345637390091
11968,11107,0.0135682563472147
11107,11107,1
12268,11107,0.010643884769768
11119,11107,0.826198187791731
20151,11107,0.079852533580796
10962,11107,0.0135242805514108
10964,11107,0.0135523756854069
100042,11107,0.010242501870137
100186,11107,0.528437121564201
12673,11107,0.00977249937014587
11920,11107,0.0135470945100351
101548,11107,0.530242030525789
20154,11107,0.0760479298495136
102753,11107,0.0110432435333906
11140,12268,0.0118603287434558
38,12268,0.0134061021161787
10331,12268,0.329955597749905
11727,12268,0.0205586292796686
11968,12268,0.0122987642327681
11107,12268,0.010643884769768
12268,12268,1
11119,12268,0.0133954978710276
20151,12268,0.0121393488338793
10962,12268,0.0122589029616733
10964,12268,0.0122843694195779
100042,12268,0.781131300843492
100186,12268,0.0106971532471883
12673,12268,0.0129866107522486
11920,12268,0.0122795823688982
101548,12268,0.0106697697417723
20154,12268,0.0120381303613777
102753,12268,0.0127050002382188
11140,11119,0.859673040967086
38,11119,0.0100642417192054
10331,11119,0.0153575422444108
11727,11119,0.00920612256251694
11968,11119,0.0155953825795137
11107,11119,0.826198187791731
12268,11119,0.0133954978710276
11119,11119,1
20151,11119,0.0797145635050849
10962,11119,0.0155448367066875
10964,11119,0.0155771293132008
100042,11119,0.0105552674637138
100186,11119,0.524138555688447
12673,11119,0.00978317257208084
11920,11119,0.0165756435783374
101548,11119,0.521094690939557
20154,11119,0.076588230058229
102753,11119,0.00951984562798968
11140,20151,0.0782779765806113
38,20151,0.0113740842354912
10331,20151,0.0108902262406849
11727,20151,0.0109378353978918
11968,20151,0.0146948665266216
11107,20151,0.079852533580796
12268,20151,0.0121393488338793
11119,20151,0.0797145635050849
20151,20151,1
10962,20151,0.0148797351596713
10964,20151,0.0149106460943822
100042,20151,0.010906528983705
100186,20151,0.0734702912224032
12673,20151,0.0130742754360258
11920,20151,0.0144390595065038
101548,20151,0.0782428578505677
20154,20151,0.606958959801311
102753,20151,0.0105363621334442
11140,10962,0.0145260791107746
38,10962,0.0136383297942793
10331,10962,0.0115036082516282
11727,10962,0.010396224171445
11968,10962,0.959880398809123
11107,10962,0.0135242805514108
12268,10962,0.0122589029616733
11119,10962,0.0155448367066875
20151,10962,0.0148797351596713
10962,10962,1
10964,10962,0.973283548416551
100042,10962,0.0121435767577439
100186,10962,0.0140953703669082
12673,10962,0.0109921675229235
11920,10962,0.950344925650121
101548,10962,0.0133061116764379
20154,10962,0.014398852345218
102753,10962,0.0107802280019486
11140,10964,0.0145562553658074
38,10964,0.0136666618524318
10331,10964,0.0115275056718303
11727,10964,0.0104178211288609
11968,10964,0.982694232766009
11107,10964,0.0135523756854069
12268,10964,0.0122843694195779
11119,10964,0.0155771293132008
20151,10964,0.0149106460943822
10962,10964,0.973283548416551
10964,10964,1
100042,10964,0.0121688036387527
100186,10964,0.0141246518741704
12673,10964,0.0110150024839619
11920,10964,0.961933293801214
101548,10964,0.0140884943589737
20154,10964,0.0141922271816163
102753,10964,0.010802622683061
11140,100042,0.010242501870137
38,100042,0.0132799835824581
10331,100042,0.326477553009406
11727,100042,0.0207225076258068
11968,100042,0.0121830630320634
11107,100042,0.010242501870137
12268,100042,0.781131300843492
11119,100042,0.0105552674637138
20151,100042,0.010906528983705
10962,100042,0.0121435767577439
10964,100042,0.0121688036387527
100042,100042,1
100186,100042,0.0102937615832397
12673,100042,0.0121497475696766
11920,100042,0.0121640616224765
101548,100042,0.010267410714971
20154,100042,0.0130605840466027
102753,100042,0.012966855454875
11140,100186,0.524053772168737
38,100186,0.0126294681483917
10331,100186,0.0102783747860237
11727,100186,0.0109749957494606
11968,100186,0.0141412031287086
11107,100186,0.528437121564201
12268,100186,0.0106971532471883
11119,100186,0.524138555688447
20151,100186,0.0734702912224032
10962,100186,0.0140953703669082
10964,100186,0.0141246518741704
100042,100186,0.0102937615832397
100186,100186,1
12673,100186,0.00924367708676505
11920,100186,0.0141191476905981
101548,100186,0.903701247595408
20154,100186,0.0702316129494699
102753,100186,0.0120233865322132
11140,12673,0.0103473522742721
38,12673,0.0216145507759282
10331,12673,0.0124883978695739
11727,12673,0.756434304493808
11968,12673,0.0113259614717812
11107,12673,0.00977249937014587
12268,12673,0.0129866107522486
11119,12673,0.00978317257208084
20151,12673,0.0130742754360258
10962,12673,0.0109921675229235
10964,12673,0.0110150024839619
100042,12673,0.0121497475696766
100186,12673,0.00924367708676505
12673,12673,1
11920,12673,0.0110107100882086
101548,12673,0.00922001431633252
20154,12673,0.00975229582268234
102753,12673,0.0109163287595088
11140,11920,0.0150523272333723
38,11920,0.0136613361413044
10331,11920,0.0112115807616621
11727,11920,0.0104137614465107
11968,11920,0.964101070375622
11107,11920,0.0135470945100351
12268,11920,0.0122795823688982
11119,11920,0.0165756435783374
20151,11920,0.0144390595065038
10962,11920,0.950344925650121
10964,11920,0.961933293801214
100042,11920,0.0121640616224765
100186,11920,0.0141191476905981
12673,11920,0.0110107100882086
11920,11920,1
101548,11920,0.0140830042654904
20154,11920,0.0137138067760423
102753,11920,0.0107984130488102
11140,101548,0.521011981437388
38,101548,0.0132269950415823
10331,101548,0.00964900075879525
11727,101548,0.0112349773406541
11968,101548,0.0141050032441676
11107,101548,0.530242030525789
12268,101548,0.0106697697417723
11119,101548,0.521094690939557
20151,101548,0.0782428578505677
10962,101548,0.0133061116764379
10964,101548,0.0140884943589737
100042,101548,0.010267410714971
100186,101548,0.903701247595408
12673,101548,0.00922001431633252
11920,101548,0.0140830042654904
101548,101548,1
20154,101548,0.0734857410786547
102753,101548,0.0113776024797715
11140,20154,0.0744493247175419
38,20154,0.0139165795664742
10331,20154,0.0110565521315838
11727,20154,0.0100214846727109
11968,20154,0.0142088576208398
11107,20154,0.0760479298495136
12268,20154,0.0120381303613777
11119,20154,0.076588230058229
20151,20154,0.606958959801311
10962,20154,0.014398852345218
10964,20154,0.0141922271816163
100042,20154,0.0130605840466027
100186,20154,0.0702316129494699
12673,20154,0.00975229582268234
11920,20154,0.0137138067760423
101548,20154,0.0734857410786547
20154,20154,1
102753,20154,0.00982993616640027
11140,102753,0.0107364867685742
38,102753,0.0147159179985649
10331,102753,0.0159939372345703
11727,102753,0.0123697307240317
11968,102753,0.0108152811867395
11107,102753,0.0110432435333906
12268,102753,0.0127050002382188
11119,102753,0.00951984562798968
20151,102753,0.0105363621334442
10962,102753,0.0107802280019486
10964,102753,0.010802622683061
100042,102753,0.012966855454875
100186,102753,0.0120233865322132
12673,102753,0.0109163287595088
11920,102753,0.0107984130488102
101548,102753,0.0113776024797715
20154,102753,0.00982993616640027
102753,102753,1
