Var1,Var2,Freq
121,121,1
113,121,0.423931623931624
155,121,0.514598540145985
100,121,0.532228360957643
11682,121,0.42057761732852
11894,121,0.537753222836096
11596,121,0.423550087873462
13077,121,0.516605166051661
17068,121,0.513863216266174
11115,121,0.427835051546392
11597,121,0.415672913117547
100341,121,0.455045871559633
100342,121,0.447706422018349
10997,121,0.510054844606947
12614,121,0.460405156537753
12198,121,0.917460317460317
13076,121,0.420512820512821
11117,121,0.421338155515371
11944,121,0.517921146953405
100340,121,0.458563535911602
11118,121,0.43979057591623
101541,121,0.440497335701599
100029,121,0.514598540145985
100339,121,0.420512820512821
100005,121,0.985714285714286
121,113,0.423931623931624
113,113,1
155,113,0.460144927536232
100,113,0.471869328493648
11682,113,0.448648648648649
11894,113,0.468123861566485
11596,113,0.456260720411664
13077,113,0.449820788530466
17068,113,0.456171735241503
11115,113,0.52280701754386
11597,113,0.451013513513514
100341,113,0.558608058608059
100342,113,0.497470489038786
10997,113,0.451612903225806
12614,113,0.540441176470588
12198,113,0.427509293680297
13076,113,0.979966611018364
11117,113,0.440068493150685
11944,113,0.465073529411765
100340,113,0.539855072463768
11118,113,0.546112115732369
101541,113,0.523809523809524
100029,113,0.460144927536232
100339,113,0.979966611018364
100005,113,0.427350427350427
121,155,0.514598540145985
113,155,0.460144927536232
155,155,1
100,155,0.687394957983193
11682,155,0.41726618705036
11894,155,0.677852348993289
11596,155,0.426369863013699
13077,155,0.935275080906149
17068,155,0.868204283360791
11115,155,0.440647482014388
11597,155,0.436077057793345
100341,155,0.426763110307414
100342,155,0.459016393442623
10997,155,0.935483870967742
12614,155,0.452554744525547
12198,155,0.508050089445438
13076,155,0.469835466179159
11117,155,0.429856115107914
11944,155,0.692727272727273
100340,155,0.456204379562044
11118,155,0.423146473779385
101541,155,0.446846846846847
100029,155,0.988709677419355
100339,155,0.469835466179159
100005,155,0.516423357664234
121,100,0.532228360957643
113,100,0.471869328493648
155,100,0.687394957983193
100,100,1
11682,100,0.419965576592083
11894,100,0.943273905996759
11596,100,0.437609841827768
13077,100,0.660225442834139
17068,100,0.685763888888889
11115,100,0.459409594095941
11597,100,0.437609841827768
100341,100,0.451553930530165
100342,100,0.458181818181818
10997,100,0.680672268907563
12614,100,0.472627737226277
12198,100,0.539594843462247
13076,100,0.473684210526316
11117,100,0.425087108013937
11944,100,0.938181818181818
100340,100,0.468978102189781
11118,100,0.447841726618705
101541,100,0.45373665480427
100029,100,0.687394957983193
100339,100,0.473684210526316
100005,100,0.535911602209945
121,11682,0.42057761732852
113,11682,0.448648648648649
155,11682,0.41726618705036
100,11682,0.419965576592083
11682,11682,1
11894,11682,0.41396933560477
11596,11682,0.49415692821369
13077,11682,0.423698384201077
17068,11682,0.417562724014337
11115,11682,0.439929328621908
11597,11682,0.496655518394649
100341,11682,0.422297297297297
100342,11682,0.429590017825312
10997,11682,0.421903052064632
12614,11682,0.441901408450704
12198,11682,0.428057553956835
13076,11682,0.45045045045045
11117,11682,0.963141025641026
11944,11682,0.429856115107914
100340,11682,0.443661971830986
11118,11682,0.435233160621762
101541,11682,0.425182481751825
100029,11682,0.419064748201439
100339,11682,0.45045045045045
100005,11682,0.42057761732852
121,11894,0.537753222836096
113,11894,0.468123861566485
155,11894,0.677852348993289
100,11894,0.943273905996759
11682,11894,0.41396933560477
11894,11894,1
11596,11894,0.443280977312391
13077,11894,0.648953301127214
17068,11894,0.662116040955631
11115,11894,0.46309963099631
11597,11894,0.443280977312391
100341,11894,0.446069469835466
100342,11894,0.451905626134301
10997,11894,0.667226890756303
12614,11894,0.461261261261261
12198,11894,0.539594843462247
13076,11894,0.471766848816029
11117,11894,0.421602787456446
11944,11894,0.972727272727273
100340,11894,0.463063063063063
11118,11894,0.439856373429084
101541,11894,0.45863309352518
100029,11894,0.667768595041322
100339,11894,0.471766848816029
100005,11894,0.537753222836096
121,11596,0.423550087873462
113,11596,0.456260720411664
155,11596,0.426369863013699
100,11596,0.437609841827768
11682,11596,0.49415692821369
11894,11596,0.443280977312391
11596,11596,1
13077,11596,0.444833625218914
17068,11596,0.43630017452007
11115,11596,0.429553264604811
11597,11596,0.94125
100341,11596,0.451048951048951
100342,11596,0.44750430292599
10997,11596,0.446584938704028
12614,11596,0.450342465753425
12198,11596,0.421792618629174
13076,11596,0.459691252144082
11117,11596,0.500834724540901
11944,11596,0.445422535211268
100340,11596,0.450342465753425
11118,11596,0.444055944055944
101541,11596,0.437931034482759
100029,11596,0.431506849315068
100339,11596,0.459691252144082
100005,11596,0.423550087873462
121,13077,0.516605166051661
113,13077,0.449820788530466
155,13077,0.935275080906149
100,13077,0.660225442834139
11682,13077,0.423698384201077
11894,13077,0.648953301127214
11596,13077,0.444833625218914
13077,13077,1
17068,13077,0.856435643564356
11115,13077,0.4375
11597,13077,0.439862542955326
100341,13077,0.428051001821494
100342,13077,0.452554744525547
10997,13077,0.991922455573506
12614,13077,0.455210237659963
12198,13077,0.514652014652015
13076,13077,0.465201465201465
11117,13077,0.429856115107914
11944,13077,0.688524590163934
100340,13077,0.455210237659963
11118,13077,0.426229508196721
101541,13077,0.445454545454545
100029,13077,0.933656957928803
100339,13077,0.465201465201465
100005,13077,0.518450184501845
121,17068,0.513863216266174
113,17068,0.456171735241503
155,17068,0.868204283360791
100,17068,0.685763888888889
11682,17068,0.417562724014337
11894,17068,0.662116040955631
11596,17068,0.43630017452007
13077,17068,0.856435643564356
17068,17068,1
11115,17068,0.45
11597,17068,0.429794520547945
100341,17068,0.429872495446266
100342,17068,0.447897623400366
10997,17068,0.851485148514851
12614,17068,0.459409594095941
12198,17068,0.519408502772643
13076,17068,0.464864864864865
11117,17068,0.421146953405018
11944,17068,0.684981684981685
100340,17068,0.461254612546125
11118,17068,0.428051001821494
101541,17068,0.444639718804921
100029,17068,0.866556836902801
100339,17068,0.464864864864865
100005,17068,0.515711645101664
121,11115,0.427835051546392
113,11115,0.52280701754386
155,11115,0.440647482014388
100,11115,0.459409594095941
11682,11115,0.439929328621908
11894,11115,0.46309963099631
11596,11115,0.429553264604811
13077,11115,0.4375
17068,11115,0.45
11115,11115,1
11597,11115,0.427835051546392
100341,11115,0.567190226876091
100342,11115,0.543636363636364
10997,11115,0.439285714285714
12614,11115,0.560975609756098
12198,11115,0.431899641577061
13076,11115,0.52280701754386
11117,11115,0.441696113074205
11944,11115,0.458410351201479
100340,11115,0.564459930313589
11118,11115,0.564912280701754
101541,11115,0.572183098591549
100029,11115,0.440647482014388
100339,11115,0.52280701754386
100005,11115,0.429553264604811
121,11597,0.415672913117547
113,11597,0.451013513513514
155,11597,0.436077057793345
100,11597,0.437609841827768
11682,11597,0.496655518394649
11894,11597,0.443280977312391
11596,11597,0.94125
13077,11597,0.439862542955326
17068,11597,0.429794520547945
11115,11597,0.427835051546392
11597,11597,1
100341,11597,0.445804195804196
100342,11597,0.44750430292599
10997,11597,0.439862542955326
12614,11597,0.446917808219178
12198,11597,0.415672913117547
13076,11597,0.454391891891892
11117,11597,0.505016722408027
11944,11597,0.445422535211268
100340,11597,0.448453608247423
11118,11597,0.429780033840948
101541,11597,0.435677530017153
100029,11597,0.441330998248686
100339,11597,0.454391891891892
100005,11597,0.415672913117547
121,100341,0.455045871559633
113,100341,0.558608058608059
155,100341,0.426763110307414
100,100341,0.451553930530165
11682,100341,0.422297297297297
11894,100341,0.446069469835466
11596,100341,0.451048951048951
13077,100341,0.428051001821494
17068,100341,0.429872495446266
11115,100341,0.567190226876091
11597,100341,0.445804195804196
100341,100341,1
100342,100341,0.696750902527076
10997,100341,0.427536231884058
12614,100341,0.724137931034483
12198,100341,0.426146010186757
13076,100341,0.554945054945055
11117,100341,0.426829268292683
11944,100341,0.445269016697588
100340,100341,0.729582577132486
11118,100341,0.941455696202532
101541,100341,0.659300184162063
100029,100341,0.4249547920434
100339,100341,0.554945054945055
100005,100341,0.439655172413793
121,100342,0.447706422018349
113,100342,0.497470489038786
155,100342,0.459016393442623
100,100342,0.458181818181818
11682,100342,0.429590017825312
11894,100342,0.451905626134301
11596,100342,0.44750430292599
13077,100342,0.452554744525547
17068,100342,0.447897623400366
11115,100342,0.543636363636364
11597,100342,0.44750430292599
100341,100342,0.696750902527076
100342,100342,1
10997,100342,0.454379562043796
12614,100342,0.71326164874552
12198,100342,0.447706422018349
13076,100342,0.5
11117,100342,0.427586206896552
11944,100342,0.444444444444444
100340,100342,0.703374777975133
11118,100342,0.697674418604651
101541,100342,0.622302158273381
100029,100342,0.459016393442623
100339,100342,0.5
100005,100342,0.44954128440367
121,10997,0.510054844606947
113,10997,0.451612903225806
155,10997,0.935483870967742
100,10997,0.680672268907563
11682,10997,0.421903052064632
11894,10997,0.667226890756303
11596,10997,0.446584938704028
13077,10997,0.991922455573506
17068,10997,0.851485148514851
11115,10997,0.439285714285714
11597,10997,0.439862542955326
100341,10997,0.427536231884058
100342,10997,0.454379562043796
10997,10997,1
12614,10997,0.455210237659963
12198,10997,0.511882998171846
13076,10997,0.467032967032967
11117,10997,0.428057553956835
11944,10997,0.686703096539162
100340,10997,0.455210237659963
11118,10997,0.425724637681159
101541,10997,0.448648648648649
100029,10997,0.935483870967742
100339,10997,0.467032967032967
100005,10997,0.511882998171846
121,12614,0.460405156537753
113,12614,0.540441176470588
155,12614,0.452554744525547
100,12614,0.472627737226277
11682,12614,0.441901408450704
11894,12614,0.461261261261261
11596,12614,0.450342465753425
13077,12614,0.455210237659963
17068,12614,0.459409594095941
11115,12614,0.560975609756098
11597,12614,0.446917808219178
100341,12614,0.724137931034483
100342,12614,0.71326164874552
10997,12614,0.455210237659963
12614,12614,1
12198,12614,0.458563535911602
13076,12614,0.536541889483066
11117,12614,0.436426116838488
11944,12614,0.457350272232305
100340,12614,0.96843853820598
11118,12614,0.725952813067151
101541,12614,0.655045871559633
100029,12614,0.450729927007299
100339,12614,0.536541889483066
100005,12614,0.462246777163904
121,12198,0.917460317460317
113,12198,0.427509293680297
155,12198,0.508050089445438
100,12198,0.539594843462247
11682,12198,0.428057553956835
11894,12198,0.539594843462247
11596,12198,0.421792618629174
13077,12198,0.514652014652015
17068,12198,0.519408502772643
11115,12198,0.431899641577061
11597,12198,0.415672913117547
100341,12198,0.426146010186757
100342,12198,0.447706422018349
10997,12198,0.511882998171846
12614,12198,0.458563535911602
12198,12198,1
13076,12198,0.427509293680297
11117,12198,0.415094339622642
11944,12198,0.516129032258065
100340,12198,0.458563535911602
11118,12198,0.424083769633508
101541,12198,0.437837837837838
100029,12198,0.506261180679785
100339,12198,0.427509293680297
100005,12198,0.922222222222222
121,13076,0.420512820512821
113,13076,0.979966611018364
155,13076,0.469835466179159
100,13076,0.473684210526316
11682,13076,0.45045045045045
11894,13076,0.471766848816029
11596,13076,0.459691252144082
13077,13076,0.465201465201465
17068,13076,0.464864864864865
11115,13076,0.52280701754386
11597,13076,0.454391891891892
100341,13076,0.554945054945055
100342,13076,0.5
10997,13076,0.467032967032967
12614,13076,0.536541889483066
12198,13076,0.427509293680297
13076,13076,1
11117,13076,0.441780821917808
11944,13076,0.46875
100340,13076,0.536231884057971
11118,13076,0.54249547920434
101541,13076,0.519125683060109
100029,13076,0.469835466179159
100339,13076,1
100005,13076,0.423931623931624
121,11117,0.421338155515371
113,11117,0.440068493150685
155,11117,0.429856115107914
100,11117,0.425087108013937
11682,11117,0.963141025641026
11894,11117,0.421602787456446
11596,11117,0.500834724540901
13077,11117,0.429856115107914
17068,11117,0.421146953405018
11115,11117,0.441696113074205
11597,11117,0.505016722408027
100341,11117,0.426829268292683
100342,11117,0.427586206896552
10997,11117,0.428057553956835
12614,11117,0.436426116838488
12198,11117,0.415094339622642
13076,11117,0.441780821917808
11117,11117,1
11944,11117,0.432675044883303
100340,11117,0.439862542955326
11118,11117,0.435483870967742
101541,11117,0.412891986062718
100029,11117,0.424460431654676
100339,11117,0.441780821917808
100005,11117,0.419529837251356
121,11944,0.517921146953405
113,11944,0.465073529411765
155,11944,0.692727272727273
100,11944,0.938181818181818
11682,11944,0.429856115107914
11894,11944,0.972727272727273
11596,11944,0.445422535211268
13077,11944,0.688524590163934
17068,11944,0.684981684981685
11115,11944,0.458410351201479
11597,11944,0.445422535211268
100341,11944,0.445269016697588
100342,11944,0.444444444444444
10997,11944,0.686703096539162
12614,11944,0.457350272232305
12198,11944,0.516129032258065
13076,11944,0.46875
11117,11944,0.432675044883303
11944,11944,1
100340,11944,0.459165154264973
11118,11944,0.441605839416058
101541,11944,0.458715596330275
100029,11944,0.690346083788707
100339,11944,0.46875
100005,11944,0.516129032258065
121,100340,0.458563535911602
113,100340,0.539855072463768
155,100340,0.456204379562044
100,100340,0.468978102189781
11682,100340,0.443661971830986
11894,100340,0.463063063063063
11596,100340,0.450342465753425
13077,100340,0.455210237659963
17068,100340,0.461254612546125
11115,100340,0.564459930313589
11597,100340,0.448453608247423
100341,100340,0.729582577132486
100342,100340,0.703374777975133
10997,100340,0.455210237659963
12614,100340,0.96843853820598
12198,100340,0.458563535911602
13076,100340,0.536231884057971
11117,100340,0.439862542955326
11944,100340,0.459165154264973
100340,100340,1
11118,100340,0.727767695099818
101541,100340,0.656880733944954
100029,100340,0.454379562043796
100339,100340,0.536231884057971
100005,100340,0.456721915285451
121,11118,0.43979057591623
113,11118,0.546112115732369
155,11118,0.423146473779385
100,11118,0.447841726618705
11682,11118,0.435233160621762
11894,11118,0.439856373429084
11596,11118,0.444055944055944
13077,11118,0.426229508196721
17068,11118,0.428051001821494
11115,11118,0.564912280701754
11597,11118,0.429780033840948
100341,11118,0.941455696202532
100342,11118,0.697674418604651
10997,11118,0.425724637681159
12614,11118,0.725952813067151
12198,11118,0.424083769633508
13076,11118,0.54249547920434
11117,11118,0.435483870967742
11944,11118,0.441605839416058
100340,11118,0.727767695099818
11118,11118,1
101541,11118,0.640569395017794
100029,11118,0.421338155515371
100339,11118,0.54249547920434
100005,11118,0.43979057591623
121,101541,0.440497335701599
113,101541,0.523809523809524
155,101541,0.446846846846847
100,101541,0.45373665480427
11682,101541,0.425182481751825
11894,101541,0.45863309352518
11596,101541,0.437931034482759
13077,101541,0.445454545454545
17068,101541,0.444639718804921
11115,101541,0.572183098591549
11597,101541,0.435677530017153
100341,101541,0.659300184162063
100342,101541,0.622302158273381
10997,101541,0.448648648648649
12614,101541,0.655045871559633
12198,101541,0.437837837837838
13076,101541,0.519125683060109
11117,101541,0.412891986062718
11944,101541,0.458715596330275
100340,101541,0.656880733944954
11118,101541,0.640569395017794
101541,101541,1
100029,101541,0.446846846846847
100339,101541,0.519125683060109
100005,101541,0.445045045045045
121,100029,0.514598540145985
113,100029,0.460144927536232
155,100029,0.988709677419355
100,100029,0.687394957983193
11682,100029,0.419064748201439
11894,100029,0.667768595041322
11596,100029,0.431506849315068
13077,100029,0.933656957928803
17068,100029,0.866556836902801
11115,100029,0.440647482014388
11597,100029,0.441330998248686
100341,100029,0.4249547920434
100342,100029,0.459016393442623
10997,100029,0.935483870967742
12614,100029,0.450729927007299
12198,100029,0.506261180679785
13076,100029,0.469835466179159
11117,100029,0.424460431654676
11944,100029,0.690346083788707
100340,100029,0.454379562043796
11118,100029,0.421338155515371
101541,100029,0.446846846846847
100029,100029,1
100339,100029,0.469835466179159
100005,100029,0.516423357664234
121,100339,0.420512820512821
113,100339,0.979966611018364
155,100339,0.469835466179159
100,100339,0.473684210526316
11682,100339,0.45045045045045
11894,100339,0.471766848816029
11596,100339,0.459691252144082
13077,100339,0.465201465201465
17068,100339,0.464864864864865
11115,100339,0.52280701754386
11597,100339,0.454391891891892
100341,100339,0.554945054945055
100342,100339,0.5
10997,100339,0.467032967032967
12614,100339,0.536541889483066
12198,100339,0.427509293680297
13076,100339,1
11117,100339,0.441780821917808
11944,100339,0.46875
100340,100339,0.536231884057971
11118,100339,0.54249547920434
101541,100339,0.519125683060109
100029,100339,0.469835466179159
100339,100339,1
100005,100339,0.423931623931624
121,100005,0.985714285714286
113,100005,0.427350427350427
155,100005,0.516423357664234
100,100005,0.535911602209945
11682,100005,0.42057761732852
11894,100005,0.537753222836096
11596,100005,0.423550087873462
13077,100005,0.518450184501845
17068,100005,0.515711645101664
11115,100005,0.429553264604811
11597,100005,0.415672913117547
100341,100005,0.439655172413793
100342,100005,0.44954128440367
10997,100005,0.511882998171846
12614,100005,0.462246777163904
12198,100005,0.922222222222222
13076,100005,0.423931623931624
11117,100005,0.419529837251356
11944,100005,0.516129032258065
100340,100005,0.456721915285451
11118,100005,0.43979057591623
101541,100005,0.445045045045045
100029,100005,0.516423357664234
100339,100005,0.423931623931624
100005,100005,1
