Var1,Var2,Freq
121,121,1
113,121,0.388538025356898
155,121,0.468899198734447
100,121,0.4760995028084
11682,121,0.334841232797751
11894,121,0.481593432128204
11596,121,0.312939047691349
13077,121,0.467477598373591
17068,121,0.432054005437005
11115,121,0.361575788096935
11597,121,0.310233738207496
100341,121,0.374853055233295
100342,121,0.381827063704133
10997,121,0.468382393725282
12614,121,0.392919911289907
12198,121,0.92663698719331
13076,121,0.386338452147508
11117,121,0.35340353961705
11944,121,0.484521031937245
100340,121,0.389230288817618
11118,121,0.376967284597183
101541,121,0.359870108970683
100029,121,0.468842191879554
100339,121,0.386338452147508
100005,121,0.989305205763757
121,113,0.388538025356898
113,113,1
155,113,0.421830109832189
100,113,0.408938212680523
11682,113,0.36591348649517
11894,113,0.410546315710854
11596,113,0.362281432366583
13077,113,0.417921647075968
17068,113,0.392484916659227
11115,113,0.480362709435178
11597,113,0.359970184167644
100341,113,0.496782315848421
100342,113,0.484971610875686
10997,113,0.419469505028101
12614,113,0.505922048222293
12198,113,0.383576013618237
13076,113,0.988087968492461
11117,113,0.385152907408467
11944,113,0.412289374541918
100340,113,0.505686265405588
11118,113,0.490094832777044
101541,113,0.47649583643546
100029,113,0.42150758504321
100339,113,0.988087968492461
100005,113,0.390326486938148
121,155,0.468899198734447
113,155,0.421830109832189
155,155,1
100,155,0.663102912311286
11682,155,0.336639072435832
11894,155,0.656785945332718
11596,155,0.335567419187827
13077,155,0.93649589056939
17068,155,0.80713625918976
11115,155,0.379732682427667
11597,155,0.334935316118104
100341,155,0.378272354019358
100342,155,0.394766182028715
10997,155,0.939862379064901
12614,155,0.401171355941478
12198,155,0.472720842562269
13076,155,0.423334294981849
11117,155,0.359211859366004
11944,155,0.643615246660847
100340,155,0.403560989181925
11118,155,0.37295369454704
101541,155,0.38393302512932
100029,155,0.99005689049706
100339,155,0.423334294981849
100005,155,0.472099088617572
121,100,0.4760995028084
113,100,0.408938212680523
155,100,0.663102912311286
100,100,1
11682,100,0.338818298728775
11894,100,0.951654731213641
11596,100,0.339731870299028
13077,100,0.664936633690513
17068,100,0.600844921423405
11115,100,0.387314942187788
11597,100,0.339627612959506
100341,100,0.389535176636729
100342,100,0.395198851711885
10997,100,0.66127138812125
12614,100,0.400068518485905
12198,100,0.482958225461182
13076,100,0.411050438886484
11117,100,0.361187825444157
11944,100,0.869813466786172
100340,100,0.39755342503697
11118,100,0.386242552454771
101541,100,0.395551035949354
100029,100,0.662595914062751
100339,100,0.411050438886484
100005,100,0.478383190005554
121,11682,0.334841232797751
113,11682,0.36591348649517
155,11682,0.336639072435832
100,11682,0.338818298728775
11682,11682,1
11894,11682,0.33488326983808
11596,11682,0.3955906580225
13077,11682,0.338480663044857
17068,11682,0.305435620096087
11115,11682,0.360207930006734
11597,11682,0.39509555059689
100341,11682,0.356940989020446
100342,11682,0.351361586284284
10997,11682,0.3376251938038
12614,11682,0.363765761856471
12198,11682,0.338943167535026
13076,11682,0.365276702441185
11117,11682,0.905350259656127
11944,11682,0.340316145504896
100340,11682,0.363721715650209
11118,11682,0.355580412331826
101541,11682,0.327847788193507
100029,11682,0.338662237184462
100339,11682,0.365276702441185
100005,11682,0.334542933199298
121,11894,0.481593432128204
113,11894,0.410546315710854
155,11894,0.656785945332718
100,11894,0.951654731213641
11682,11894,0.33488326983808
11894,11894,1
11596,11894,0.342467601713878
13077,11894,0.654651603742559
17068,11894,0.594610914504806
11115,11894,0.390649276318729
11597,11894,0.342358272823808
100341,11894,0.389294207365031
100342,11894,0.391002490840262
10997,11894,0.650985799148573
12614,11894,0.407187036600572
12198,11894,0.490281895995767
13076,11894,0.409566431438973
11117,11894,0.356760991946567
11944,11894,0.890770136365886
100340,11894,0.40588492261869
11118,11894,0.386301462323558
101541,11894,0.393799405098863
100029,11894,0.656283776939602
100339,11894,0.409566431438973
100005,11894,0.483270806315257
121,11596,0.312939047691349
113,11596,0.362281432366583
155,11596,0.335567419187827
100,11596,0.339731870299028
11682,11596,0.3955906580225
11894,11596,0.342467601713878
11596,11596,1
13077,11596,0.338369774916813
17068,11596,0.307605208270816
11115,11596,0.325351304360941
11597,11596,0.932125154357545
100341,11596,0.328225488319853
100342,11596,0.334101758197404
10997,11596,0.338907296401987
12614,11596,0.336371219619072
12198,11596,0.309621442559009
13076,11596,0.363597253840387
11117,11596,0.42139009747799
11944,11596,0.348093275389536
100340,11596,0.335801668927147
11118,11596,0.325417683698602
101541,11596,0.333440967510518
100029,11596,0.334236135258948
100339,11596,0.363597253840387
100005,11596,0.312660260065683
121,13077,0.467477598373591
113,13077,0.417921647075968
155,13077,0.93649589056939
100,13077,0.664936633690513
11682,13077,0.338480663044857
11894,13077,0.654651603742559
11596,13077,0.338369774916813
13077,13077,1
17068,13077,0.802159015130076
11115,13077,0.377173115320365
11597,13077,0.337464138611476
100341,13077,0.378399536213852
100342,13077,0.397325173260222
10997,13077,0.992964209238299
12614,13077,0.40190904357068
12198,13077,0.471293884880222
13076,13077,0.419732577807193
11117,13077,0.359046995044906
11944,13077,0.645498487411313
100340,13077,0.39938802507112
11118,13077,0.374277240671021
101541,13077,0.382244770563923
100029,13077,0.934556618623416
100339,13077,0.419732577807193
100005,13077,0.470677094369848
121,17068,0.432054005437005
113,17068,0.392484916659227
155,17068,0.80713625918976
100,17068,0.600844921423405
11682,17068,0.305435620096087
11894,17068,0.594610914504806
11596,17068,0.307605208270816
13077,17068,0.802159015130076
17068,17068,1
11115,17068,0.357811805478016
11597,17068,0.307278265481609
100341,17068,0.353045503876363
100342,17068,0.366522290104527
10997,17068,0.79726429034285
12614,17068,0.37799834590446
12198,17068,0.439608341625443
13076,17068,0.394188864951019
11117,17068,0.324145242001765
11944,17068,0.597307516406732
100340,17068,0.377358311303104
11118,17068,0.348621906622699
101541,17068,0.355509486667527
100029,17068,0.80594346136708
100339,17068,0.394188864951019
100005,17068,0.434788918126804
121,11115,0.361575788096935
113,11115,0.480362709435178
155,11115,0.379732682427667
100,11115,0.387314942187788
11682,11115,0.360207930006734
11894,11115,0.390649276318729
11596,11115,0.325351304360941
13077,11115,0.377173115320365
17068,11115,0.357811805478016
11115,11115,1
11597,11115,0.323692588719675
100341,11115,0.518049940088241
100342,11115,0.496177386072827
10997,11115,0.378365757582247
12614,11115,0.528004313979223
12198,11115,0.365014502663532
13076,11115,0.47915434872044
11117,11115,0.379121598303549
11944,11115,0.391631704775257
100340,11115,0.529203180109163
11118,11115,0.516318791647226
101541,11115,0.517882653001881
100029,11115,0.378548136485281
100339,11115,0.47915434872044
100005,11115,0.361547373689952
121,11597,0.310233738207496
113,11597,0.359970184167644
155,11597,0.334935316118104
100,11597,0.339627612959506
11682,11597,0.39509555059689
11894,11597,0.342358272823808
11596,11597,0.932125154357545
13077,11597,0.337464138611476
17068,11597,0.307278265481609
11115,11597,0.323692588719675
11597,11597,1
100341,11597,0.32549702372803
100342,11597,0.331336483762261
10997,11597,0.337195884129273
12614,11597,0.333043079149032
12198,11597,0.30824240695897
13076,11597,0.361554146504004
11117,11597,0.420858712322333
11944,11597,0.348529290295386
100340,11597,0.332210167646083
11118,11597,0.323493946097712
101541,11597,0.332812870004375
100029,11597,0.334947402206489
100339,11597,0.361554146504004
100005,11597,0.309957360657572
121,100341,0.374853055233295
113,100341,0.496782315848421
155,100341,0.378272354019358
100,100341,0.389535176636729
11682,100341,0.356940989020446
11894,100341,0.389294207365031
11596,100341,0.328225488319853
13077,100341,0.378399536213852
17068,100341,0.353045503876363
11115,100341,0.518049940088241
11597,100341,0.32549702372803
100341,100341,1
100342,100341,0.645160424766887
10997,100341,0.380204303477193
12614,100341,0.686154701944701
12198,100341,0.370023755531799
13076,100341,0.494961732964037
11117,100341,0.369819837050671
11944,100341,0.39233709940178
100340,100341,0.688310777825764
11118,100341,0.939759233069049
101541,100341,0.595905056708991
100029,100341,0.376479619958689
100339,100341,0.494961732964037
100005,100341,0.375704297409729
121,100342,0.381827063704133
113,100342,0.484971610875686
155,100342,0.394766182028715
100,100342,0.395198851711885
11682,100342,0.351361586284284
11894,100342,0.391002490840262
11596,100342,0.334101758197404
13077,100342,0.397325173260222
17068,100342,0.366522290104527
11115,100342,0.496177386072827
11597,100342,0.331336483762261
100341,100342,0.645160424766887
100342,100342,1
10997,100342,0.399456419400315
12614,100342,0.686879060131613
12198,100342,0.383268604498926
13076,100342,0.486508993074324
11117,100342,0.371055251926534
11944,100342,0.393095968046508
100340,100342,0.681441746143989
11118,100342,0.644760601559676
101541,100342,0.58240613128036
100029,100342,0.395681832462495
100339,100342,0.486508993074324
100005,100342,0.383286372433364
121,10997,0.468382393725282
113,10997,0.419469505028101
155,10997,0.939862379064901
100,10997,0.66127138812125
11682,10997,0.3376251938038
11894,10997,0.650985799148573
11596,10997,0.338907296401987
13077,10997,0.992964209238299
17068,10997,0.79726429034285
11115,10997,0.378365757582247
11597,10997,0.337195884129273
100341,10997,0.380204303477193
100342,10997,0.399456419400315
10997,10997,1
12614,10997,0.402216313481667
12198,10997,0.470688886311698
13076,10997,0.421281406507589
11117,10997,0.358149377557294
11944,10997,0.642697385006925
100340,10997,0.399694774706351
11118,10997,0.376070901568805
101541,10997,0.382849588238866
100029,10997,0.938837964389361
100339,10997,0.421281406507589
100005,10997,0.471581083667614
121,12614,0.392919911289907
113,12614,0.505922048222293
155,12614,0.401171355941478
100,12614,0.400068518485905
11682,12614,0.363765761856471
11894,12614,0.407187036600572
11596,12614,0.336371219619072
13077,12614,0.40190904357068
17068,12614,0.37799834590446
11115,12614,0.528004313979223
11597,12614,0.333043079149032
100341,12614,0.686154701944701
100342,12614,0.686879060131613
10997,12614,0.402216313481667
12614,12614,1
12198,12614,0.393485809723143
13076,12614,0.508728531817766
11117,12614,0.380486025988374
11944,12614,0.407035619962989
100340,12614,0.978895258649745
11118,12614,0.681932171370808
101541,12614,0.605695835731519
100029,12614,0.400250274598723
100339,12614,0.508728531817766
100005,12614,0.392569871210367
121,12198,0.92663698719331
113,12198,0.383576013618237
155,12198,0.472720842562269
100,12198,0.482958225461182
11682,12198,0.338943167535026
11894,12198,0.490281895995767
11596,12198,0.309621442559009
13077,12198,0.471293884880222
17068,12198,0.439608341625443
11115,12198,0.365014502663532
11597,12198,0.30824240695897
100341,12198,0.370023755531799
100342,12198,0.383268604498926
10997,12198,0.470688886311698
12614,12198,0.393485809723143
12198,12198,1
13076,12198,0.383816575582065
11117,12198,0.358305492407255
11944,12198,0.490277005281526
100340,12198,0.39099953806269
11118,12198,0.367451048352082
101541,12198,0.359449776837764
100029,12198,0.471754593922839
100339,12198,0.383816575582065
100005,12198,0.93504873166824
121,13076,0.386338452147508
113,13076,0.988087968492461
155,13076,0.423334294981849
100,13076,0.411050438886484
11682,13076,0.365276702441185
11894,13076,0.409566431438973
11596,13076,0.363597253840387
13077,13076,0.419732577807193
17068,13076,0.394188864951019
11115,13076,0.47915434872044
11597,13076,0.361554146504004
100341,13076,0.494961732964037
100342,13076,0.486508993074324
10997,13076,0.421281406507589
12614,13076,0.508728531817766
12198,13076,0.383816575582065
13076,13076,1
11117,13076,0.385697441395281
11944,13076,0.41191761890564
100340,13076,0.505382165324879
11118,13076,0.487980459395239
101541,13076,0.476182220598466
100029,13076,0.423010620116129
100339,13076,1
100005,13076,0.388130211985581
121,11117,0.35340353961705
113,11117,0.385152907408467
155,11117,0.359211859366004
100,11117,0.361187825444157
11682,11117,0.905350259656127
11894,11117,0.356760991946567
11596,11117,0.42139009747799
13077,11117,0.359046995044906
17068,11117,0.324145242001765
11115,11117,0.379121598303549
11597,11117,0.420858712322333
100341,11117,0.369819837050671
100342,11117,0.371055251926534
10997,11117,0.358149377557294
12614,11117,0.380486025988374
12198,11117,0.358305492407255
13076,11117,0.385697441395281
11117,11117,1
11944,11117,0.362562772518652
100340,11117,0.381041911199532
11118,11117,0.368421194375679
101541,11117,0.345479507905346
100029,11117,0.359236325867452
100339,11117,0.385697441395281
100005,11117,0.353088703439084
121,11944,0.484521031937245
113,11944,0.412289374541918
155,11944,0.643615246660847
100,11944,0.869813466786172
11682,11944,0.340316145504896
11894,11944,0.890770136365886
11596,11944,0.348093275389536
13077,11944,0.645498487411313
17068,11944,0.597307516406732
11115,11944,0.391631704775257
11597,11944,0.348529290295386
100341,11944,0.39233709940178
100342,11944,0.393095968046508
10997,11944,0.642697385006925
12614,11944,0.407035619962989
12198,11944,0.490277005281526
13076,11944,0.41191761890564
11117,11944,0.362562772518652
11944,11944,1
100340,11944,0.405410136778772
11118,11944,0.389618542454928
101541,11944,0.393211969959941
100029,11944,0.643123148380581
100339,11944,0.41191761890564
100005,11944,0.4859288656354
121,100340,0.389230288817618
113,100340,0.505686265405588
155,100340,0.403560989181925
100,100340,0.39755342503697
11682,100340,0.363721715650209
11894,100340,0.40588492261869
11596,100340,0.335801668927147
13077,100340,0.39938802507112
17068,100340,0.377358311303104
11115,100340,0.529203180109163
11597,100340,0.332210167646083
100341,100340,0.688310777825764
100342,100340,0.681441746143989
10997,100340,0.399694774706351
12614,100340,0.978895258649745
12198,100340,0.39099953806269
13076,100340,0.505382165324879
11117,100340,0.381041911199532
11944,100340,0.405410136778772
100340,100340,1
11118,100340,0.682276359389997
101541,100340,0.601941055263588
100029,100340,0.40171915346881
100339,100340,0.505382165324879
100005,100340,0.38827921008871
121,11118,0.376967284597183
113,11118,0.490094832777044
155,11118,0.37295369454704
100,11118,0.386242552454771
11682,11118,0.355580412331826
11894,11118,0.386301462323558
11596,11118,0.325417683698602
13077,11118,0.374277240671021
17068,11118,0.348621906622699
11115,11118,0.516318791647226
11597,11118,0.323493946097712
100341,11118,0.939759233069049
100342,11118,0.644760601559676
10997,11118,0.376070901568805
12614,11118,0.681932171370808
12198,11118,0.367451048352082
13076,11118,0.487980459395239
11117,11118,0.368421194375679
11944,11118,0.389618542454928
100340,11118,0.682276359389997
11118,11118,1
101541,11118,0.595488720754009
100029,11118,0.371174279525978
100339,11118,0.487980459395239
100005,11118,0.377514876362115
121,101541,0.359870108970683
113,101541,0.47649583643546
155,101541,0.38393302512932
100,101541,0.395551035949354
11682,101541,0.327847788193507
11894,101541,0.393799405098863
11596,101541,0.333440967510518
13077,101541,0.382244770563923
17068,101541,0.355509486667527
11115,101541,0.517882653001881
11597,101541,0.332812870004375
100341,101541,0.595905056708991
100342,101541,0.58240613128036
10997,101541,0.382849588238866
12614,101541,0.605695835731519
12198,101541,0.359449776837764
13076,101541,0.476182220598466
11117,101541,0.345479507905346
11944,101541,0.393211969959941
100340,101541,0.601941055263588
11118,101541,0.595488720754009
101541,101541,1
100029,101541,0.383034843122497
100339,101541,0.476182220598466
100005,101541,0.361038946525885
121,100029,0.468842191879554
113,100029,0.42150758504321
155,100029,0.99005689049706
100,100029,0.662595914062751
11682,100029,0.338662237184462
11894,100029,0.656283776939602
11596,100029,0.334236135258948
13077,100029,0.934556618623416
17068,100029,0.80594346136708
11115,100029,0.378548136485281
11597,100029,0.334947402206489
100341,100029,0.376479619958689
100342,100029,0.395681832462495
10997,100029,0.938837964389361
12614,100029,0.400250274598723
12198,100029,0.471754593922839
13076,100029,0.423010620116129
11117,100029,0.359236325867452
11944,100029,0.643123148380581
100340,100029,0.40171915346881
11118,100029,0.371174279525978
101541,100029,0.383034843122497
100029,100029,1
100339,100029,0.423010620116129
100005,100029,0.472039366573792
121,100339,0.386338452147508
113,100339,0.988087968492461
155,100339,0.423334294981849
100,100339,0.411050438886484
11682,100339,0.365276702441185
11894,100339,0.409566431438973
11596,100339,0.363597253840387
13077,100339,0.419732577807193
17068,100339,0.394188864951019
11115,100339,0.47915434872044
11597,100339,0.361554146504004
100341,100339,0.494961732964037
100342,100339,0.486508993074324
10997,100339,0.421281406507589
12614,100339,0.508728531817766
12198,100339,0.383816575582065
13076,100339,1
11117,100339,0.385697441395281
11944,100339,0.41191761890564
100340,100339,0.505382165324879
11118,100339,0.487980459395239
101541,100339,0.476182220598466
100029,100339,0.423010620116129
100339,100339,1
100005,100339,0.388130211985581
121,100005,0.989305205763757
113,100005,0.390326486938148
155,100005,0.472099088617572
100,100005,0.478383190005554
11682,100005,0.334542933199298
11894,100005,0.483270806315257
11596,100005,0.312660260065683
13077,100005,0.470677094369848
17068,100005,0.434788918126804
11115,100005,0.361547373689952
11597,100005,0.309957360657572
100341,100005,0.375704297409729
100342,100005,0.383286372433364
10997,100005,0.471581083667614
12614,100005,0.392569871210367
12198,100005,0.93504873166824
13076,100005,0.388130211985581
11117,100005,0.353088703439084
11944,100005,0.4859288656354
100340,100005,0.38827921008871
11118,100005,0.377514876362115
101541,100005,0.361038946525885
100029,100005,0.472039366573792
100339,100005,0.388130211985581
100005,100005,1
