Var1,Var2,Freq
11392,11392,1
102767,11392,0.0304173684030615
104614,11392,0.0297782922551702
101283,11392,0.0269321089277453
103829,11392,0.0304998225105271
103830,11392,0.0297779176789483
104618,11392,0.0236159904744004
104063,11392,0.0211140742727044
11392,102767,0.0304173684030615
102767,102767,1
104614,102767,0.191059650584036
101283,102767,0.17586314626764
103829,102767,0.410324283770448
103830,102767,0.36562477851411
104618,102767,0.503977787430798
104063,102767,0.178443074312781
11392,104614,0.0297782922551702
102767,104614,0.191059650584036
104614,104614,1
101283,104614,0.481927739396894
103829,104614,0.220927296567625
103830,104614,0.225383339103501
104618,104614,0.173706136204777
104063,104614,0.49461052856025
11392,101283,0.0269321089277453
102767,101283,0.17586314626764
104614,101283,0.481927739396894
101283,101283,1
103829,101283,0.201099331016497
103830,101283,0.226507969303511
104618,101283,0.172367423423534
104063,101283,0.720584531701406
11392,103829,0.0304998225105271
102767,103829,0.410324283770448
104614,103829,0.220927296567625
101283,103829,0.201099331016497
103829,103829,1
103830,103829,0.468159102104354
104618,103829,0.380487620105852
104063,103829,0.210346842156017
11392,103830,0.0297779176789483
102767,103830,0.36562477851411
104614,103830,0.225383339103501
101283,103830,0.226507969303511
103829,103830,0.468159102104354
103830,103830,1
104618,103830,0.354713526292927
104063,103830,0.234761978095964
11392,104618,0.0236159904744004
102767,104618,0.503977787430798
104614,104618,0.173706136204777
101283,104618,0.172367423423534
103829,104618,0.380487620105852
103830,104618,0.354713526292927
104618,104618,1
104063,104618,0.169077887993846
11392,104063,0.0211140742727044
102767,104063,0.178443074312781
104614,104063,0.49461052856025
101283,104063,0.720584531701406
103829,104063,0.210346842156017
103830,104063,0.234761978095964
104618,104063,0.169077887993846
104063,104063,1
