Var1,Var2,Freq
11392,11392,1
102767,11392,0.35
104614,11392,0.354166666666667
101283,11392,0.3
103829,11392,0.272727272727273
103830,11392,0.253968253968254
104618,11392,0.235294117647059
104063,11392,0.229508196721311
11392,102767,0.35
102767,102767,1
104614,102767,0.341981132075472
101283,102767,0.315398886827458
103829,102767,0.457786116322702
103830,102767,0.416044776119403
104618,102767,0.531835205992509
104063,102767,0.312749003984064
11392,104614,0.354166666666667
102767,104614,0.341981132075472
104614,104614,1
101283,104614,0.503703703703704
103829,104614,0.348623853211009
103830,104614,0.355813953488372
104618,104614,0.318396226415094
104063,104614,0.505514705882353
11392,101283,0.3
102767,101283,0.315398886827458
104614,101283,0.503703703703704
101283,101283,1
103829,101283,0.350835322195704
103830,101283,0.347533632286995
104618,101283,0.302063789868668
104063,101283,0.708256880733945
11392,103829,0.272727272727273
102767,103829,0.457786116322702
104614,103829,0.348623853211009
101283,103829,0.350835322195704
103829,103829,1
103830,103829,0.505535055350554
104618,103829,0.429378531073446
104063,103829,0.351851851851852
11392,103830,0.253968253968254
102767,103830,0.416044776119403
104614,103830,0.355813953488372
101283,103830,0.347533632286995
103829,103830,0.505535055350554
103830,103830,1
104618,103830,0.414678899082569
104063,103830,0.353846153846154
11392,104618,0.235294117647059
102767,104618,0.531835205992509
104614,104618,0.318396226415094
101283,104618,0.302063789868668
103829,104618,0.429378531073446
103830,104618,0.414678899082569
104618,104618,1
104063,104618,0.303393213572854
11392,104063,0.229508196721311
102767,104063,0.312749003984064
104614,104063,0.505514705882353
101283,104063,0.708256880733945
103829,104063,0.351851851851852
103830,104063,0.353846153846154
104618,104063,0.303393213572854
104063,104063,1
