Var1,Var2,Freq
10478,10478,1
10235,10478,0.779157310281
11908,10478,0.0970118323562315
12919,10478,0.326877215671111
11047,10478,0.440640155353238
30040,10478,0.106208439331954
11046,10478,0.217522090556983
100414,10478,0.0622981621380116
30047,10478,0.0806555255536366
30024,10478,0.172281264680132
100947,10478,0.0895467601566713
30044,10478,0.0839228920997164
30025,10478,0.0945993326223643
11409,10478,0.217191035039104
12276,10478,0.043347729540875
101056,10478,0.131025906459464
30034,10478,0.0535733054343825
100071,10478,0.102184549588995
30006,10478,0.114605532742047
100080,10478,0.0969119129784684
30035,10478,0.0898285128200023
101220,10478,0.0765687434178744
101365,10478,0.0456784465529176
101273,10478,0.0751557031255427
101312,10478,0.0804954062647335
103140,10478,0.0634270946483803
101399,10478,0.0724811465479219
102711,10478,0.0665284314636943
30049,10478,0.0748286181426507
30050,10478,0.0546552227047285
101506,10478,0.0793683405231583
101131,10478,0.0748861026694583
10277,10478,0.174490491800336
103456,10478,0.0548891743102302
102799,10478,0.0558478331250498
103433,10478,0.10165648966096
103437,10478,0.0907088460079333
101231,10478,0.133038442178394
10371,10478,0.23362845763778
101613,10478,0.132032064122339
101225,10478,0.0672765331335004
101188,10478,0.0931719402274629
101464,10478,0.0817929579881352
103452,10478,0.0539102369744873
10478,10235,0.779157310281
10235,10235,1
11908,10235,0.108338351407365
12919,10235,0.343227976535169
11047,10235,0.469424954636971
30040,10235,0.101510625491558
11046,10235,0.235631317559787
100414,10235,0.0640445363769722
30047,10235,0.0891457098512164
30024,10235,0.167649230667799
100947,10235,0.100459139528292
30044,10235,0.0828975280397692
30025,10235,0.109142495881762
11409,10235,0.235403969624116
12276,10235,0.0404267878007995
101056,10235,0.13668245617609
30034,10235,0.0509570714797873
100071,10235,0.10932748502933
30006,10235,0.115221196397746
100080,10235,0.0919656200533652
30035,10235,0.0907366353393709
101220,10235,0.084700270978077
101365,10235,0.0381605740173488
101273,10235,0.0829715803191715
101312,10235,0.0897224524830119
103140,10235,0.0710024981527422
101399,10235,0.0823517199538901
102711,10235,0.0767285537059546
30049,10235,0.0849455599743394
30050,10235,0.0570706441350963
101506,10235,0.0873399596030403
101131,10235,0.0850766034301569
10277,10235,0.169477844167871
103456,10235,0.054549585375431
102799,10235,0.0587050578477561
103433,10235,0.120382859294919
103437,10235,0.105247472527176
101231,10235,0.140306951095466
10371,10235,0.247296553130708
101613,10235,0.137295453109675
101225,10235,0.0804275618820791
101188,10235,0.102343628027613
101464,10235,0.0933190955711267
103452,10235,0.0497355046386624
10478,11908,0.0970118323562315
10235,11908,0.108338351407365
11908,11908,1
12919,11908,0.0907964836323536
11047,11908,0.108430210325991
30040,11908,0.239752405195858
11046,11908,0.0983259612787385
100414,11908,0.0968843278713208
30047,11908,0.100840819418397
30024,11908,0.224392743940919
100947,11908,0.149589311330638
30044,11908,0.243689136097383
30025,11908,0.742457630192798
11409,11908,0.0966503849202657
12276,11908,0.0625784641868888
101056,11908,0.23211468616796
30034,11908,0.0751331295156976
100071,11908,0.677646016407233
30006,11908,0.130073333151307
100080,11908,0.271348608588114
30035,11908,0.122135101047191
101220,11908,0.0983335523738398
101365,11908,0.0588091149185334
101273,11908,0.0976552561217196
101312,11908,0.133285245997265
103140,11908,0.105734275963812
101399,11908,0.115118609335756
102711,11908,0.111266819179428
30049,11908,0.137039244722272
30050,11908,0.072537899791855
101506,11908,0.128355518681295
101131,11908,0.124205466048189
10277,11908,0.225232397229351
103456,11908,0.074109385873007
102799,11908,0.0788450231079717
103433,11908,0.153377178827719
103437,11908,0.142201567411195
101231,11908,0.233319194571692
10371,11908,0.106077547972948
101613,11908,0.241397318686574
101225,11908,0.0963131988898306
101188,11908,0.137209873022945
101464,11908,0.102783775655737
103452,11908,0.0735913276943265
10478,12919,0.326877215671111
10235,12919,0.343227976535169
11908,12919,0.0907964836323536
12919,12919,1
11047,12919,0.339367535478438
30040,12919,0.0845435663849562
11046,12919,0.187049254813984
100414,12919,0.0487578106571537
30047,12919,0.074196992696296
30024,12919,0.130403852525059
100947,12919,0.0922534953684389
30044,12919,0.0796062948844551
30025,12919,0.0946559930672028
11409,12919,0.191864085322369
12276,12919,0.0364348941279139
101056,12919,0.150495815904907
30034,12919,0.0503804572202359
100071,12919,0.0951758128758339
30006,12919,0.0942830595608958
100080,12919,0.0898502635672516
30035,12919,0.0831227297853859
101220,12919,0.0659098693723204
101365,12919,0.0321349649931826
101273,12919,0.0674271550860893
101312,12919,0.0804353696673952
103140,12919,0.0708703402726427
101399,12919,0.0751052434562487
102711,12919,0.0701107848362356
30049,12919,0.0879749477992555
30050,12919,0.0579713248858213
101506,12919,0.0836479434990979
101131,12919,0.082484501975506
10277,12919,0.133410310695574
103456,12919,0.0490280707053053
102799,12919,0.0580936693107478
103433,12919,0.0914117196326407
103437,12919,0.0794781070095624
101231,12919,0.163205543237209
10371,12919,0.166489814221353
101613,12919,0.149744624066461
101225,12919,0.0640703092154909
101188,12919,0.0990378999966317
101464,12919,0.0728826387333799
103452,12919,0.0434501896863193
10478,11047,0.440640155353238
10235,11047,0.469424954636971
11908,11047,0.108430210325991
12919,11047,0.339367535478438
11047,11047,1
30040,11047,0.0862705413333446
11046,11047,0.199480799727795
100414,11047,0.0682463470359198
30047,11047,0.0746754586061198
30024,11047,0.152139197797333
100947,11047,0.0931470354479608
30044,11047,0.0819387848170939
30025,11047,0.107640032621789
11409,11047,0.202052224406968
12276,11047,0.0396413466717656
101056,11047,0.143574319712208
30034,11047,0.0454677700565348
100071,11047,0.11009721095939
30006,11047,0.09775575176579
100080,11047,0.0956038283252548
30035,11047,0.0884007749343648
101220,11047,0.074267478466082
101365,11047,0.0272750791229939
101273,11047,0.0768533198001691
101312,11047,0.0824067400157346
103140,11047,0.0611712504662264
101399,11047,0.0690136083158688
102711,11047,0.063126124195926
30049,11047,0.0777373614374599
30050,11047,0.0487023254941579
101506,11047,0.0754090470960887
101131,11047,0.0714531735747049
10277,11047,0.153367829000462
103456,11047,0.0416035364474369
102799,11047,0.0524905311599831
103433,11047,0.11764917737521
103437,11047,0.117741423086476
101231,11047,0.145779596932185
10371,11047,0.205040510360078
101613,11047,0.144340502664818
101225,11047,0.0744132756926483
101188,11047,0.0938198239490409
101464,11047,0.0762714150916246
103452,11047,0.0451342350193377
10478,30040,0.106208439331954
10235,30040,0.101510625491558
11908,30040,0.239752405195858
12919,30040,0.0845435663849562
11047,30040,0.0862705413333446
30040,30040,1
11046,30040,0.0903134134042456
100414,30040,0.0905899667303869
30047,30040,0.083118915488434
30024,30040,0.168005352160231
100947,30040,0.121156859779375
30044,30040,0.352718031702964
30025,30040,0.241583889204549
11409,30040,0.0876965973038859
12276,30040,0.0442078680582321
101056,30040,0.172606732210716
30034,30040,0.0583283557798997
100071,30040,0.249679367952723
30006,30040,0.110133220649386
100080,30040,0.348125543907103
30035,30040,0.0961325291849443
101220,30040,0.082642571889609
101365,30040,0.0493563943284698
101273,30040,0.0786293342135131
101312,30040,0.12118410301049
103140,30040,0.0829623705532927
101399,30040,0.0872637226396939
102711,30040,0.0840216426662116
30049,30040,0.125070120172577
30050,30040,0.0534564132955888
101506,30040,0.0981673854007794
101131,30040,0.0944899609749413
10277,30040,0.166319482335427
103456,30040,0.0576252242667382
102799,30040,0.0595659054593942
103433,30040,0.113647295913052
103437,30040,0.107860714110074
101231,30040,0.170992028962233
10371,30040,0.0913282535357151
101613,30040,0.171731240213018
101225,30040,0.0723642903573768
101188,30040,0.118391166140477
101464,30040,0.0857552006920288
103452,30040,0.0668999886397849
10478,11046,0.217522090556983
10235,11046,0.235631317559787
11908,11046,0.0983259612787385
12919,11046,0.187049254813984
11047,11046,0.199480799727795
30040,11046,0.0903134134042456
11046,11046,1
100414,11046,0.0714840648783948
30047,11046,0.0562159459291555
30024,11046,0.152106895217178
100947,11046,0.0912653963206763
30044,11046,0.0883260618247918
30025,11046,0.101115983138711
11409,11046,0.79166175684991
12276,11046,0.0533822206120897
101056,11046,0.153944654818337
30034,11046,0.0552284049191018
100071,11046,0.104690651361307
30006,11046,0.09140259162076
100080,11046,0.0944319613763126
30035,11046,0.0710929699073472
101220,11046,0.0570853662386008
101365,11046,0.0556268118433377
101273,11046,0.0544590308513528
101312,11046,0.0917074111526749
103140,11046,0.0589439115501245
101399,11046,0.0807441573902741
102711,11046,0.0775455518308821
30049,11046,0.0875747302680948
30050,11046,0.0450390622247796
101506,11046,0.0708655819099059
101131,11046,0.0668635277952885
10277,11046,0.1529194008278
103456,11046,0.0552296319365599
102799,11046,0.0563552441503932
103433,11046,0.100418761727116
103437,11046,0.0934074288621951
101231,11046,0.153983188589027
10371,11046,0.261749832934303
101613,11046,0.15219154383114
101225,11046,0.0433930635366657
101188,11046,0.0873065235922806
101464,11046,0.0574791624363858
103452,11046,0.055955026138807
10478,100414,0.0622981621380116
10235,100414,0.0640445363769722
11908,100414,0.0968843278713208
12919,100414,0.0487578106571537
11047,100414,0.0682463470359198
30040,100414,0.0905899667303869
11046,100414,0.0714840648783948
100414,100414,1
30047,100414,0.0558330964601814
30024,100414,0.098161717942309
100947,100414,0.0754177123381178
30044,100414,0.083591098609193
30025,100414,0.0968671609343903
11409,100414,0.0810114688271012
12276,100414,0.0569036584967968
101056,100414,0.135367072112414
30034,100414,0.0589853842450008
100071,100414,0.097912790533423
30006,100414,0.0683361508739508
100080,100414,0.0956443949409367
30035,100414,0.0621120169046678
101220,100414,0.0527831226219756
101365,100414,0.0839105073620581
101273,100414,0.0407263926849287
101312,100414,0.0755716686786566
103140,100414,0.0439068627894198
101399,100414,0.0874120754002437
102711,100414,0.0848674983781923
30049,100414,0.0733595210016338
30050,100414,0.0427775479099192
101506,100414,0.0545035761874223
101131,100414,0.0539546732714204
10277,100414,0.0951655030476893
103456,100414,0.0593878706575206
102799,100414,0.0625349683850924
103433,100414,0.0659076591036773
103437,100414,0.0622829494229432
101231,100414,0.130167200528441
10371,100414,0.0665033802706121
101613,100414,0.142697350382407
101225,100414,0.0414841554541908
101188,100414,0.0742216124034268
101464,100414,0.0559276765220134
103452,100414,0.0574157978604003
10478,30047,0.0806555255536366
10235,30047,0.0891457098512164
11908,30047,0.100840819418397
12919,30047,0.074196992696296
11047,30047,0.0746754586061198
30040,30047,0.083118915488434
11046,30047,0.0562159459291555
100414,30047,0.0558330964601814
30047,30047,1
30024,30047,0.153756937249115
100947,30047,0.108144084544387
30044,30047,0.082430023993578
30025,30047,0.10089058292538
11409,30047,0.0564052337814227
12276,30047,0.0273196152489707
101056,30047,0.147016949935979
30034,30047,0.04137277246395
100071,30047,0.0990750915708704
30006,30047,0.0918144599541436
100080,30047,0.0918752991995045
30035,30047,0.0856484136092047
101220,30047,0.557377668157695
101365,30047,0.018258223862547
101273,30047,0.105300599493876
101312,30047,0.105875882012389
103140,30047,0.070733933580614
101399,30047,0.0598127917893305
102711,30047,0.0577152100378678
30049,30047,0.112002692079281
30050,30047,0.0337617696951188
101506,30047,0.0848900851988403
101131,30047,0.0814199140603816
10277,30047,0.145992981761942
103456,30047,0.0463430967234663
102799,30047,0.0432497454543107
103433,30047,0.0870414446850123
103437,30047,0.0807818348362792
101231,30047,0.154570337151214
10371,30047,0.0682282235544214
101613,30047,0.157531108725536
101225,30047,0.100578015671053
101188,30047,0.110476369741376
101464,30047,0.551299002538125
103452,30047,0.0410676278034686
10478,30024,0.172281264680132
10235,30024,0.167649230667799
11908,30024,0.224392743940919
12919,30024,0.130403852525059
11047,30024,0.152139197797333
30040,30024,0.168005352160231
11046,30024,0.152106895217178
100414,30024,0.098161717942309
30047,30024,0.153756937249115
30024,30024,1
100947,30024,0.18923091175469
30044,30024,0.161675373132667
30025,30024,0.226244514900271
11409,30024,0.157738334769556
12276,30024,0.059392425628699
101056,30024,0.319242450949254
30034,30024,0.0774229015024013
100071,30024,0.225671747829088
30006,30024,0.182313808695772
100080,30024,0.177928885229231
30035,30024,0.160034186817099
101220,30024,0.148529114230889
101365,30024,0.0683235542837432
101273,30024,0.143526107891157
101312,30024,0.182688376821775
103140,30024,0.129918542948103
101399,30024,0.125070596304941
102711,30024,0.123047404326716
30049,30024,0.180989674692576
30050,30024,0.0722844171269097
101506,30024,0.164483774680908
101131,30024,0.150768506921987
10277,30024,0.763643419976736
103456,30024,0.0805976874314686
102799,30024,0.0894789315918066
103433,30024,0.171994076322453
103437,30024,0.163251653618811
101231,30024,0.321195347467278
10371,30024,0.15152374939129
101613,30024,0.323051893232885
101225,30024,0.139675961662669
101188,30024,0.188131149878043
101464,30024,0.158227065963916
103452,30024,0.0754435586386762
10478,100947,0.0895467601566713
10235,100947,0.100459139528292
11908,100947,0.149589311330638
12919,100947,0.0922534953684389
11047,100947,0.0931470354479608
30040,100947,0.121156859779375
11046,100947,0.0912653963206763
100414,100947,0.0754177123381178
30047,100947,0.108144084544387
30024,100947,0.18923091175469
100947,100947,1
30044,100947,0.115827845115206
30025,100947,0.150182463171099
11409,100947,0.095694066138207
12276,100947,0.0438887310678913
101056,100947,0.198040745872349
30034,100947,0.0546833492402545
100071,100947,0.149238565324121
30006,100947,0.13074782224166
100080,100947,0.124951499002769
30035,100947,0.116010406865719
101220,100947,0.104689167228813
101365,100947,0.0324347187186987
101273,100947,0.0983468278603426
101312,100947,0.34861766659334
103140,100947,0.0942724336721053
101399,100947,0.0838945556269947
102711,100947,0.0833796474182694
30049,100947,0.481941199190018
30050,100947,0.0522725222348287
101506,100947,0.111045896572853
101131,100947,0.10730447586699
10277,100947,0.183580365294136
103456,100947,0.0577529604284577
102799,100947,0.0632782834545385
103433,100947,0.117610867178176
103437,100947,0.110934019220135
101231,100947,0.210397947124665
10371,100947,0.0957014796325865
101613,100947,0.207880665636716
101225,100947,0.0930321239859801
101188,100947,0.462980605969279
101464,100947,0.108671050280531
103452,100947,0.0597104332696296
10478,30044,0.0839228920997164
10235,30044,0.0828975280397692
11908,30044,0.243689136097383
12919,30044,0.0796062948844551
11047,30044,0.0819387848170939
30040,30044,0.352718031702964
11046,30044,0.0883260618247918
100414,30044,0.083591098609193
30047,30044,0.082430023993578
30024,30044,0.161675373132667
100947,30044,0.115827845115206
30044,30044,1
30025,30044,0.245598242454582
11409,30044,0.0876015075169679
12276,30044,0.039779049167068
101056,30044,0.165075129680688
30034,30044,0.0577011385201027
100071,30044,0.245282995746741
30006,30044,0.101570120411627
100080,30044,0.384187625686256
30035,30044,0.0895993001086593
101220,30044,0.0784929804558507
101365,30044,0.0460892374220368
101273,30044,0.0726826756832599
101312,30044,0.109261881829425
103140,30044,0.0781311623986041
101399,30044,0.0817562170851769
102711,30044,0.079754528728465
30049,30044,0.113573465580632
30050,30044,0.0509401789362989
101506,30044,0.0998628630274752
101131,30044,0.0894895176004121
10277,30044,0.160691956460947
103456,30044,0.0560675185611926
102799,30044,0.0530786291206424
103433,30044,0.119812402842291
103437,30044,0.11095425420495
101231,30044,0.1593675086966
10371,30044,0.0905866464529884
101613,30044,0.165220517118572
101225,30044,0.0654907478597872
101188,30044,0.113213344651652
101464,30044,0.082045290737108
103452,30044,0.0652293791667194
10478,30025,0.0945993326223643
10235,30025,0.109142495881762
11908,30025,0.742457630192798
12919,30025,0.0946559930672028
11047,30025,0.107640032621789
30040,30025,0.241583889204549
11046,30025,0.101115983138711
100414,30025,0.0968671609343903
30047,30025,0.10089058292538
30024,30025,0.226244514900271
100947,30025,0.150182463171099
30044,30025,0.245598242454582
30025,30025,1
11409,30025,0.0986022074502281
12276,30025,0.0622413240467289
101056,30025,0.232843869676974
30034,30025,0.0777866543957534
100071,30025,0.728114660119831
30006,30025,0.131847185949372
100080,30025,0.272125986317024
30035,30025,0.120223740318933
101220,30025,0.0990247133597588
101365,30025,0.0613412576866348
101273,30025,0.0978906104845003
101312,30025,0.139078239094879
103140,30025,0.108366611744332
101399,30025,0.11743919203814
102711,30025,0.114536348864977
30049,30025,0.141152494831296
30050,30025,0.0731733153739801
101506,30025,0.130673122226018
101131,30025,0.126428085093252
10277,30025,0.228956861335259
103456,30025,0.0758766777971728
102799,30025,0.0799837831350714
103433,30025,0.159141725467835
103437,30025,0.144204216695827
101231,30025,0.236420312056357
10371,30025,0.105751335416353
101613,30025,0.243788372837976
101225,30025,0.09886482504981
101188,30025,0.139342755184514
101464,30025,0.103272039145122
103452,30025,0.0728405075637603
10478,11409,0.217191035039104
10235,11409,0.235403969624116
11908,11409,0.0966503849202657
12919,11409,0.191864085322369
11047,11409,0.202052224406968
30040,11409,0.0876965973038859
11046,11409,0.79166175684991
100414,11409,0.0810114688271012
30047,11409,0.0564052337814227
30024,11409,0.157738334769556
100947,11409,0.095694066138207
30044,11409,0.0876015075169679
30025,11409,0.0986022074502281
11409,11409,1
12276,11409,0.0545631251287679
101056,11409,0.163498271675997
30034,11409,0.0561985331456375
100071,11409,0.10510847660436
30006,11409,0.0933967805687531
100080,11409,0.0916080233993673
30035,11409,0.0716656797612918
101220,11409,0.0564893579650533
101365,11409,0.0576325665491905
101273,11409,0.0554256041244206
101312,11409,0.0957835940206196
103140,11409,0.0558259894735713
101399,11409,0.086045736025345
102711,11409,0.0828371224513356
30049,11409,0.0896027636977974
30050,11409,0.0475753819430256
101506,11409,0.0675221334005331
101131,11409,0.0634011243355916
10277,11409,0.160282304113321
103456,11409,0.0572805467495857
102799,11409,0.0584020121683592
103433,11409,0.101227713926426
103437,11409,0.0941598992542849
101231,11409,0.162726902161976
10371,11409,0.269813572216726
101613,11409,0.163932166135375
101225,11409,0.0456760046928362
101188,11409,0.0908901686337699
101464,11409,0.0554589651074965
103452,11409,0.0553262513242907
10478,12276,0.043347729540875
10235,12276,0.0404267878007995
11908,12276,0.0625784641868888
12919,12276,0.0364348941279139
11047,12276,0.0396413466717656
30040,12276,0.0442078680582321
11046,12276,0.0533822206120897
100414,12276,0.0569036584967968
30047,12276,0.0273196152489707
30024,12276,0.059392425628699
100947,12276,0.0438887310678913
30044,12276,0.039779049167068
30025,12276,0.0622413240467289
11409,12276,0.0545631251287679
12276,12276,1
101056,12276,0.0716896398027478
30034,12276,0.0496118979147764
100071,12276,0.0664867532401804
30006,12276,0.0417466581291864
100080,12276,0.0429102497714565
30035,12276,0.0410228724416826
101220,12276,0.0274951405104813
101365,12276,0.0432651333551029
101273,12276,0.0242569703012468
101312,12276,0.0420900164874102
103140,12276,0.0385230458466646
101399,12276,0.0981591901149796
102711,12276,0.0955131982790876
30049,12276,0.0411921870834204
30050,12276,0.0467334860350602
101506,12276,0.043303407186625
101131,12276,0.0440008109918091
10277,12276,0.054782706759765
103456,12276,0.0533004528632993
102799,12276,0.0600456798617619
103433,12276,0.051031678264068
103437,12276,0.0467951121549984
101231,12276,0.0744668840200872
10371,12276,0.0509891651488865
101613,12276,0.0715007485373999
101225,12276,0.0230749528278769
101188,12276,0.0449370101492779
101464,12276,0.026203636038203
103452,12276,0.0478167186025842
10478,101056,0.131025906459464
10235,101056,0.13668245617609
11908,101056,0.23211468616796
12919,101056,0.150495815904907
11047,101056,0.143574319712208
30040,101056,0.172606732210716
11046,101056,0.153944654818337
100414,101056,0.135367072112414
30047,101056,0.147016949935979
30024,101056,0.319242450949254
100947,101056,0.198040745872349
30044,101056,0.165075129680688
30025,101056,0.232843869676974
11409,101056,0.163498271675997
12276,101056,0.0716896398027478
101056,101056,1
30034,101056,0.0806619799903224
100071,101056,0.232145047847058
30006,101056,0.173921643068733
100080,101056,0.177878758559262
30035,101056,0.150607791133721
101220,101056,0.144500406667351
101365,101056,0.0651612306678334
101273,101056,0.123839889284334
101312,101056,0.188040106085982
103140,101056,0.142433602159839
101399,101056,0.126720222186211
102711,101056,0.126783159702351
30049,101056,0.196260425156338
30050,101056,0.0698545186546862
101506,101056,0.169343090186615
101131,101056,0.165579253013404
10277,101056,0.31853845069854
103456,101056,0.0834759646891161
102799,101056,0.101547967356552
103433,101056,0.211678572824616
103437,101056,0.206217362255857
101231,101056,0.684859763850938
10371,101056,0.166168729033408
101613,101056,0.654748535252627
101225,101056,0.122503543720644
101188,101056,0.191475126879163
101464,101056,0.147400458411943
103452,101056,0.0793363195965214
10478,30034,0.0535733054343825
10235,30034,0.0509570714797873
11908,30034,0.0751331295156976
12919,30034,0.0503804572202359
11047,30034,0.0454677700565348
30040,30034,0.0583283557798997
11046,30034,0.0552284049191018
100414,30034,0.0589853842450008
30047,30034,0.04137277246395
30024,30034,0.0774229015024013
100947,30034,0.0546833492402545
30044,30034,0.0577011385201027
30025,30034,0.0777866543957534
11409,30034,0.0561985331456375
12276,30034,0.0496118979147764
101056,30034,0.0806619799903224
30034,30034,1
100071,30034,0.0772826242425899
30006,30034,0.0476763793288023
100080,30034,0.0635862648728481
30035,30034,0.0490411206829107
101220,30034,0.0395960870987165
101365,30034,0.0305413827652835
101273,30034,0.0367625698670876
101312,30034,0.0514923952169252
103140,30034,0.0395309904208093
101399,30034,0.078904423330323
102711,30034,0.0760465715646615
30049,30034,0.0522535143352922
30050,30034,0.0491633001943394
101506,30034,0.0440369999887761
101131,30034,0.0430339906043669
10277,30034,0.0783596220311784
103456,30034,0.542751008804522
102799,30034,0.0621481121445274
103433,30034,0.0624676407848258
103437,30034,0.0576179715135796
101231,30034,0.0793886357344118
10371,30034,0.0500633651568845
101613,30034,0.0837257765501739
101225,30034,0.0352157208725874
101188,30034,0.0540070551489322
101464,30034,0.0409446201976187
103452,30034,0.379965459535518
10478,100071,0.102184549588995
10235,100071,0.10932748502933
11908,100071,0.677646016407233
12919,100071,0.0951758128758339
11047,100071,0.11009721095939
30040,100071,0.249679367952723
11046,100071,0.104690651361307
100414,100071,0.097912790533423
30047,100071,0.0990750915708704
30024,100071,0.225671747829088
100947,100071,0.149238565324121
30044,100071,0.245282995746741
30025,100071,0.728114660119831
11409,100071,0.10510847660436
12276,100071,0.0664867532401804
101056,100071,0.232145047847058
30034,100071,0.0772826242425899
100071,100071,1
30006,100071,0.132127060860986
100080,100071,0.28006681421378
30035,100071,0.118593814224181
101220,100071,0.0973896379389392
101365,100071,0.0632824151171146
101273,100071,0.100354351102323
101312,100071,0.137038099987216
103140,100071,0.106282005787548
101399,100071,0.11810123841973
102711,100071,0.113437235476338
30049,100071,0.140069278680738
30050,100071,0.0744244041429749
101506,100071,0.128559039444294
101131,100071,0.123970592142185
10277,100071,0.229621413475133
103456,100071,0.0771440474524166
102799,100071,0.0825009808894132
103433,100071,0.158695937001387
103437,100071,0.144226455232039
101231,100071,0.231639758920979
10371,100071,0.112937401971387
101613,100071,0.242300248984073
101225,100071,0.0969257647081492
101188,100071,0.139745396432075
101464,100071,0.101078574976312
103452,100071,0.073566143180582
10478,30006,0.114605532742047
10235,30006,0.115221196397746
11908,30006,0.130073333151307
12919,30006,0.0942830595608958
11047,30006,0.09775575176579
30040,30006,0.110133220649386
11046,30006,0.09140259162076
100414,30006,0.0683361508739508
30047,30006,0.0918144599541436
30024,30006,0.182313808695772
100947,30006,0.13074782224166
30044,30006,0.101570120411627
30025,30006,0.131847185949372
11409,30006,0.0933967805687531
12276,30006,0.0417466581291864
101056,30006,0.173921643068733
30034,30006,0.0476763793288023
100071,30006,0.132127060860986
30006,30006,1
100080,30006,0.109614647861374
30035,30006,0.328106950849912
101220,30006,0.091274036010102
101365,30006,0.0369720545120604
101273,30006,0.099218893871114
101312,30006,0.124391581280154
103140,30006,0.080845439592613
101399,30006,0.0798154627757963
102711,30006,0.0780899891663131
30049,30006,0.127689218762799
30050,30006,0.0528294465113252
101506,30006,0.102745527587331
101131,30006,0.0949686883552118
10277,30006,0.184857046277245
103456,30006,0.0564930345340025
102799,30006,0.0488756617567727
103433,30006,0.106039500263613
103437,30006,0.0987954423256948
101231,30006,0.17839808972635
10371,30006,0.0875730318107426
101613,30006,0.172923806024081
101225,30006,0.0902308219679565
101188,30006,0.12462147422358
101464,30006,0.0950507643739949
103452,30006,0.0531522170098951
10478,100080,0.0969119129784684
10235,100080,0.0919656200533652
11908,100080,0.271348608588114
12919,100080,0.0898502635672516
11047,100080,0.0956038283252548
30040,100080,0.348125543907103
11046,100080,0.0944319613763126
100414,100080,0.0956443949409367
30047,100080,0.0918752991995045
30024,100080,0.177928885229231
100947,100080,0.124951499002769
30044,100080,0.384187625686256
30025,100080,0.272125986317024
11409,100080,0.0916080233993673
12276,100080,0.0429102497714565
101056,100080,0.177878758559262
30034,100080,0.0635862648728481
100071,100080,0.28006681421378
30006,100080,0.109614647861374
100080,100080,1
30035,100080,0.0984906490912864
101220,100080,0.0896530339629345
101365,100080,0.0442965726271767
101273,100080,0.0806333734480227
101312,100080,0.123383325851448
103140,100080,0.0884742980658234
101399,100080,0.0844008882850101
102711,100080,0.0802629210873821
30049,100080,0.120355508560741
30050,100080,0.0574936024648232
101506,100080,0.110256698718157
101131,100080,0.100529063383559
10277,100080,0.177558260288642
103456,100080,0.0645930325733546
102799,100080,0.0608261154536071
103433,100080,0.136389041544325
103437,100080,0.128531954284724
101231,100080,0.172609195367888
10371,100080,0.0941683286167147
101613,100080,0.18368218723803
101225,100080,0.0726547265896096
101188,100080,0.123257329719732
101464,100080,0.0932620330107236
103452,100080,0.0664440133284945
10478,30035,0.0898285128200023
10235,30035,0.0907366353393709
11908,30035,0.122135101047191
12919,30035,0.0831227297853859
11047,30035,0.0884007749343648
30040,30035,0.0961325291849443
11046,30035,0.0710929699073472
100414,30035,0.0621120169046678
30047,30035,0.0856484136092047
30024,30035,0.160034186817099
100947,30035,0.116010406865719
30044,30035,0.0895993001086593
30025,30035,0.120223740318933
11409,30035,0.0716656797612918
12276,30035,0.0410228724416826
101056,30035,0.150607791133721
30034,30035,0.0490411206829107
100071,30035,0.118593814224181
30006,30035,0.328106950849912
100080,30035,0.0984906490912864
30035,30035,1
101220,30035,0.0838164154733632
101365,30035,0.0263305162456146
101273,30035,0.0869697818320961
101312,30035,0.101205748172926
103140,30035,0.07260128679915
101399,30035,0.0655193404799309
102711,30035,0.0635203468100998
30049,30035,0.109705821385649
30050,30035,0.0488225822937739
101506,30035,0.0909069440919902
101131,30035,0.0843669605570963
10277,30035,0.156559797692547
103456,30035,0.0501381899995713
102799,30035,0.0486644241527056
103433,30035,0.0907393052301824
103437,30035,0.0877103730195985
101231,30035,0.150242973414456
10371,30035,0.0698491595876572
101613,30035,0.151756141484298
101225,30035,0.081567135767361
101188,30035,0.109295222827172
101464,30035,0.0868217887747077
103452,30035,0.0480876334883594
10478,101220,0.0765687434178744
10235,101220,0.084700270978077
11908,101220,0.0983335523738398
12919,101220,0.0659098693723204
11047,101220,0.074267478466082
30040,101220,0.082642571889609
11046,101220,0.0570853662386008
100414,101220,0.0527831226219756
30047,101220,0.557377668157695
30024,101220,0.148529114230889
100947,101220,0.104689167228813
30044,101220,0.0784929804558507
30025,101220,0.0990247133597588
11409,101220,0.0564893579650533
12276,101220,0.0274951405104813
101056,101220,0.144500406667351
30034,101220,0.0395960870987165
100071,101220,0.0973896379389392
30006,101220,0.091274036010102
100080,101220,0.0896530339629345
30035,101220,0.0838164154733632
101220,101220,1
101365,101220,0.0204662886758369
101273,101220,0.104320637779043
101312,101220,0.104056886832891
103140,101220,0.0660771134634793
101399,101220,0.0571886671666704
102711,101220,0.0573824380403156
30049,101220,0.109677074916326
30050,101220,0.0322515633311543
101506,101220,0.079220099741912
101131,101220,0.0772322502590098
10277,101220,0.143145010733206
103456,101220,0.0435294677728167
102799,101220,0.0415988334015612
103433,101220,0.0832612039448982
103437,101220,0.0786487685196055
101231,101220,0.149750267980429
10371,101220,0.0633964082182303
101613,101220,0.151846610445256
101225,101220,0.102029415862544
101188,101220,0.108228401902216
101464,101220,0.51854226878802
103452,101220,0.040256886768849
10478,101365,0.0456784465529176
10235,101365,0.0381605740173488
11908,101365,0.0588091149185334
12919,101365,0.0321349649931826
11047,101365,0.0272750791229939
30040,101365,0.0493563943284698
11046,101365,0.0556268118433377
100414,101365,0.0839105073620581
30047,101365,0.018258223862547
30024,101365,0.0683235542837432
100947,101365,0.0324347187186987
30044,101365,0.0460892374220368
30025,101365,0.0613412576866348
11409,101365,0.0576325665491905
12276,101365,0.0432651333551029
101056,101365,0.0651612306678334
30034,101365,0.0305413827652835
100071,101365,0.0632824151171146
30006,101365,0.0369720545120604
100080,101365,0.0442965726271767
30035,101365,0.0263305162456146
101220,101365,0.0204662886758369
101365,101365,1
101273,101365,0.0275081502802303
101312,101365,0.0320267285439718
103140,101365,0.019144232381549
101399,101365,0.0610877964595883
102711,101365,0.0650021241345717
30049,101365,0.031098556378691
30050,101365,0.0242493188384698
101506,101365,0.0217666457232994
101131,101365,0.0211241816874785
10277,101365,0.0645682291937971
103456,101365,0.0343614237451842
102799,101365,0.0335725713504452
103433,101365,0.0442450904159805
103437,101365,0.0414891430700391
101231,101365,0.0631818215279758
10371,101365,0.0355168733966719
101613,101365,0.0607472262474948
101225,101365,0.0244202344146726
101188,101365,0.0351860950654829
101464,101365,0.0201650797329092
103452,101365,0.0317303974496752
10478,101273,0.0751557031255427
10235,101273,0.0829715803191715
11908,101273,0.0976552561217196
12919,101273,0.0674271550860893
11047,101273,0.0768533198001691
30040,101273,0.0786293342135131
11046,101273,0.0544590308513528
100414,101273,0.0407263926849287
30047,101273,0.105300599493876
30024,101273,0.143526107891157
100947,101273,0.0983468278603426
30044,101273,0.0726826756832599
30025,101273,0.0978906104845003
11409,101273,0.0554256041244206
12276,101273,0.0242569703012468
101056,101273,0.123839889284334
30034,101273,0.0367625698670876
100071,101273,0.100354351102323
30006,101273,0.099218893871114
100080,101273,0.0806333734480227
30035,101273,0.0869697818320961
101220,101273,0.104320637779043
101365,101273,0.0275081502802303
101273,101273,1
101312,101273,0.0864322097784
103140,101273,0.0549076345234145
101399,101273,0.0513372729014674
102711,101273,0.051092427260719
30049,101273,0.0886549042897572
30050,101273,0.0327670924429046
101506,101273,0.0697248558579732
101131,101273,0.0631358487401251
10277,101273,0.139116233669676
103456,101273,0.0363174402205947
102799,101273,0.040735335526119
103433,101273,0.081869547354694
103437,101273,0.0754830747076536
101231,101273,0.127762001591564
10371,101273,0.0594411013802617
101613,101273,0.134069221932836
101225,101273,0.493419082731
101188,101273,0.0928770991506448
101464,101273,0.110230281684519
103452,101273,0.0363277668020918
10478,101312,0.0804954062647335
10235,101312,0.0897224524830119
11908,101312,0.133285245997265
12919,101312,0.0804353696673952
11047,101312,0.0824067400157346
30040,101312,0.12118410301049
11046,101312,0.0917074111526749
100414,101312,0.0755716686786566
30047,101312,0.105875882012389
30024,101312,0.182688376821775
100947,101312,0.34861766659334
30044,101312,0.109261881829425
30025,101312,0.139078239094879
11409,101312,0.0957835940206196
12276,101312,0.0420900164874102
101056,101312,0.188040106085982
30034,101312,0.0514923952169252
100071,101312,0.137038099987216
30006,101312,0.124391581280154
100080,101312,0.123383325851448
30035,101312,0.101205748172926
101220,101312,0.104056886832891
101365,101312,0.0320267285439718
101273,101312,0.0864322097784
101312,101312,1
103140,101312,0.0874938268272499
101399,101312,0.0847072945723844
102711,101312,0.0844647465560502
30049,101312,0.39056290547135
30050,101312,0.0485039907951845
101506,101312,0.0979385791243381
101131,101312,0.0961793470093466
10277,101312,0.176508489207899
103456,101312,0.0539416829229836
102799,101312,0.0603658049141992
103433,101312,0.106722636780273
103437,101312,0.0994370641587644
101231,101312,0.190289813827033
10371,101312,0.0870145943228984
101613,101312,0.195561756294314
101225,101312,0.0845724327076321
101188,101312,0.340344704824193
101464,101312,0.106136204029603
103452,101312,0.0575123510034663
10478,103140,0.0634270946483803
10235,103140,0.0710024981527422
11908,103140,0.105734275963812
12919,103140,0.0708703402726427
11047,103140,0.0611712504662264
30040,103140,0.0829623705532927
11046,103140,0.0589439115501245
100414,103140,0.0439068627894198
30047,103140,0.070733933580614
30024,103140,0.129918542948103
100947,103140,0.0942724336721053
30044,103140,0.0781311623986041
30025,103140,0.108366611744332
11409,103140,0.0558259894735713
12276,103140,0.0385230458466646
101056,103140,0.142433602159839
30034,103140,0.0395309904208093
100071,103140,0.106282005787548
30006,103140,0.080845439592613
100080,103140,0.0884742980658234
30035,103140,0.07260128679915
101220,103140,0.0660771134634793
101365,103140,0.019144232381549
101273,103140,0.0549076345234145
101312,103140,0.0874938268272499
103140,103140,1
101399,103140,0.0716746284711123
102711,103140,0.0690670937544893
30049,103140,0.0877987330047935
30050,103140,0.0392124314505331
101506,103140,0.429047895706943
101131,103140,0.46919314009465
10277,103140,0.128140695462969
103456,103140,0.0437629517222784
102799,103140,0.0529814230460172
103433,103140,0.0789841873435159
103437,103140,0.0752643607666744
101231,103140,0.140655507379543
10371,103140,0.066890353096011
101613,103140,0.141194107255876
101225,103140,0.0508218375755454
101188,103140,0.0896747521916725
101464,103140,0.0686008537387026
103452,103140,0.0377349946135555
10478,101399,0.0724811465479219
10235,101399,0.0823517199538901
11908,101399,0.115118609335756
12919,101399,0.0751052434562487
11047,101399,0.0690136083158688
30040,101399,0.0872637226396939
11046,101399,0.0807441573902741
100414,101399,0.0874120754002437
30047,101399,0.0598127917893305
30024,101399,0.125070596304941
100947,101399,0.0838945556269947
30044,101399,0.0817562170851769
30025,101399,0.11743919203814
11409,101399,0.086045736025345
12276,101399,0.0981591901149796
101056,101399,0.126720222186211
30034,101399,0.078904423330323
100071,101399,0.11810123841973
30006,101399,0.0798154627757963
100080,101399,0.0844008882850101
30035,101399,0.0655193404799309
101220,101399,0.0571886671666704
101365,101399,0.0610877964595883
101273,101399,0.0513372729014674
101312,101399,0.0847072945723844
103140,101399,0.0716746284711123
101399,101399,1
102711,101399,0.618084716740907
30049,101399,0.0852268154765076
30050,101399,0.0899380591551329
101506,101399,0.0784071991962806
101131,101399,0.0781162377329852
10277,101399,0.117384495175124
103456,101399,0.0833865776708899
102799,101399,0.120902187829041
103433,101399,0.0847678857684033
103437,101399,0.0751131319803884
101231,101399,0.129408217695111
10371,101399,0.0822206491066946
101613,101399,0.125840616657852
101225,101399,0.0508293420590583
101188,101399,0.082494067182718
101464,101399,0.0586860028745468
103452,101399,0.0802364630267259
10478,102711,0.0665284314636943
10235,102711,0.0767285537059546
11908,102711,0.111266819179428
12919,102711,0.0701107848362356
11047,102711,0.063126124195926
30040,102711,0.0840216426662116
11046,102711,0.0775455518308821
100414,102711,0.0848674983781923
30047,102711,0.0577152100378678
30024,102711,0.123047404326716
100947,102711,0.0833796474182694
30044,102711,0.079754528728465
30025,102711,0.114536348864977
11409,102711,0.0828371224513356
12276,102711,0.0955131982790876
101056,102711,0.126783159702351
30034,102711,0.0760465715646615
100071,102711,0.113437235476338
30006,102711,0.0780899891663131
100080,102711,0.0802629210873821
30035,102711,0.0635203468100998
101220,102711,0.0573824380403156
101365,102711,0.0650021241345717
101273,102711,0.051092427260719
101312,102711,0.0844647465560502
103140,102711,0.0690670937544893
101399,102711,0.618084716740907
102711,102711,1
30049,102711,0.0849909517740996
30050,102711,0.0846864435718356
101506,102711,0.0768613180534203
101131,102711,0.0778925623269736
10277,102711,0.115697584839017
103456,102711,0.0811208163476259
102799,102711,0.120469394251295
103433,102711,0.0830219128878043
103437,102711,0.0717154596653365
101231,102711,0.126498206263092
10371,102711,0.0803186386687914
101613,102711,0.123612737903195
101225,102711,0.0504263601675419
101188,102711,0.0873439000358275
101464,102711,0.0595415554641547
103452,102711,0.0770824399286257
10478,30049,0.0748286181426507
10235,30049,0.0849455599743394
11908,30049,0.137039244722272
12919,30049,0.0879749477992555
11047,30049,0.0777373614374599
30040,30049,0.125070120172577
11046,30049,0.0875747302680948
100414,30049,0.0733595210016338
30047,30049,0.112002692079281
30024,30049,0.180989674692576
100947,30049,0.481941199190018
30044,30049,0.113573465580632
30025,30049,0.141152494831296
11409,30049,0.0896027636977974
12276,30049,0.0411921870834204
101056,30049,0.196260425156338
30034,30049,0.0522535143352922
100071,30049,0.140069278680738
30006,30049,0.127689218762799
100080,30049,0.120355508560741
30035,30049,0.109705821385649
101220,30049,0.109677074916326
101365,30049,0.031098556378691
101273,30049,0.0886549042897572
101312,30049,0.39056290547135
103140,30049,0.0877987330047935
101399,30049,0.0852268154765076
102711,30049,0.0849909517740996
30049,30049,1
30050,30049,0.0542428590827311
101506,30049,0.106268664479946
101131,30049,0.10172040976663
10277,30049,0.176639553101242
103456,30049,0.0556066048846668
102799,30049,0.0662504962091221
103433,30049,0.114949281364623
103437,30049,0.103593334627471
101231,30049,0.206866378771397
10371,30049,0.0899132648790069
101613,30049,0.201802560549769
101225,30049,0.0885132762403918
101188,30049,0.616508479095392
101464,30049,0.114454560296733
103452,30049,0.0578877655039449
10478,30050,0.0546552227047285
10235,30050,0.0570706441350963
11908,30050,0.072537899791855
12919,30050,0.0579713248858213
11047,30050,0.0487023254941579
30040,30050,0.0534564132955888
11046,30050,0.0450390622247796
100414,30050,0.0427775479099192
30047,30050,0.0337617696951188
30024,30050,0.0722844171269097
