Var1,Var2,Freq
10478,10478,1
10235,10478,0.8
11908,10478,0.29811320754717
12919,10478,0.434782608695652
11047,10478,0.547297297297297
30040,10478,0.313953488372093
11046,10478,0.423423423423423
100414,10478,0.30188679245283
30047,10478,0.334586466165413
30024,10478,0.363984674329502
100947,10478,0.285198555956679
30044,10478,0.274436090225564
30025,10478,0.290566037735849
11409,10478,0.418918918918919
12276,10478,0.243346007604563
101056,10478,0.300353356890459
30034,10478,0.278571428571429
100071,10478,0.306818181818182
30006,10478,0.35
100080,10478,0.282945736434109
30035,10478,0.318352059925094
101220,10478,0.317518248175182
101365,10478,0.283464566929134
101273,10478,0.301418439716312
101312,10478,0.277566539923954
103140,10478,0.274131274131274
101399,10478,0.259541984732824
102711,10478,0.248888888888889
30049,10478,0.278195488721804
30050,10478,0.281368821292776
101506,10478,0.276363636363636
101131,10478,0.28
10277,10478,0.367816091954023
103456,10478,0.29520295202952
102799,10478,0.277566539923954
103433,10478,0.273972602739726
103437,10478,0.268817204301075
101231,10478,0.306338028169014
10371,10478,0.450909090909091
101613,10478,0.290657439446367
101225,10478,0.31023102310231
101188,10478,0.286231884057971
101464,10478,0.334586466165413
103452,10478,0.309701492537313
10478,10235,0.8
10235,10235,1
11908,10235,0.311787072243346
12919,10235,0.466216216216216
11047,10235,0.548895899053628
30040,10235,0.321969696969697
11046,10235,0.442857142857143
100414,10235,0.308176100628931
30047,10235,0.347985347985348
30024,10235,0.365019011406844
100947,10235,0.314606741573034
30044,10235,0.274436090225564
30025,10235,0.315589353612167
11409,10235,0.438095238095238
12276,10235,0.236842105263158
101056,10235,0.306049822064057
30034,10235,0.268817204301075
100071,10235,0.314176245210728
30006,10235,0.343511450381679
100080,10235,0.277566539923954
30035,10235,0.308823529411765
101220,10235,0.340659340659341
101365,10235,0.289340101522843
101273,10235,0.316901408450704
101312,10235,0.300380228136882
103140,10235,0.28957528957529
101399,10235,0.259541984732824
102711,10235,0.262357414448669
30049,10235,0.304511278195489
30050,10235,0.28735632183908
101506,10235,0.301158301158301
101131,10235,0.301158301158301
10277,10235,0.365019011406844
103456,10235,0.290697674418605
102799,10235,0.281368821292776
103433,10235,0.302405498281787
103437,10235,0.294117647058824
101231,10235,0.31095406360424
10371,10235,0.440972222222222
101613,10235,0.321554770318021
101225,10235,0.346153846153846
101188,10235,0.315985130111524
101464,10235,0.332191780821918
103452,10235,0.286764705882353
10478,11908,0.29811320754717
10235,11908,0.311787072243346
11908,11908,1
12919,11908,0.275193798449612
11047,11908,0.320610687022901
30040,11908,0.505226480836237
11046,11908,0.3248730964467
100414,11908,0.333333333333333
30047,11908,0.377697841726619
30024,11908,0.427083333333333
100947,11908,0.414035087719298
30044,11908,0.511784511784512
30025,11908,0.784832451499118
11409,11908,0.309644670050761
12276,11908,0.309701492537313
101056,11908,0.461538461538462
30034,11908,0.317164179104478
100071,11908,0.724199288256228
30006,11908,0.394366197183099
100080,11908,0.52901023890785
30035,11908,0.398601398601399
101220,11908,0.384892086330935
101365,11908,0.306451612903226
101273,11908,0.366548042704626
101312,11908,0.407692307692308
103140,11908,0.4
101399,11908,0.332288401253918
102711,11908,0.357976653696498
30049,11908,0.418250950570342
30050,11908,0.350943396226415
101506,11908,0.410526315789474
101131,11908,0.421052631578947
10277,11908,0.427083333333333
103456,11908,0.333333333333333
102799,11908,0.349624060150376
103433,11908,0.404255319148936
103437,11908,0.386524822695035
101231,11908,0.459558823529412
10371,11908,0.305454545454545
101613,11908,0.461818181818182
101225,11908,0.400735294117647
101188,11908,0.434456928838951
101464,11908,0.381294964028777
103452,11908,0.346303501945525
10478,12919,0.434782608695652
10235,12919,0.466216216216216
11908,12919,0.275193798449612
12919,12919,1
11047,12919,0.5
30040,12919,0.273764258555133
11046,12919,0.383966244725738
100414,12919,0.261083743842365
30047,12919,0.318339100346021
30024,12919,0.32183908045977
100947,12919,0.33206106870229
30044,12919,0.273764258555133
30025,12919,0.27906976744186
11409,12919,0.383966244725738
12276,12919,0.241379310344828
101056,12919,0.347328244274809
30034,12919,0.304347826086957
100071,12919,0.27906976744186
30006,12919,0.312977099236641
100080,12919,0.268939393939394
30035,12919,0.324427480916031
101220,12919,0.307958477508651
101365,12919,0.257510729613734
101273,12919,0.313653136531365
101312,12919,0.300380228136882
103140,12919,0.329545454545455
101399,12919,0.285714285714286
102711,12919,0.276923076923077
30049,12919,0.316981132075472
30050,12919,0.296577946768061
101506,12919,0.313432835820896
101131,12919,0.32280701754386
10277,12919,0.328358208955224
103456,12919,0.301526717557252
102799,12919,0.318181818181818
103433,12919,0.285714285714286
103437,12919,0.265232974910394
101231,12919,0.368821292775665
10371,12919,0.371929824561403
101613,12919,0.346153846153846
101225,12919,0.319852941176471
101188,12919,0.32962962962963
101464,12919,0.314878892733564
103452,12919,0.290076335877863
10478,11047,0.547297297297297
10235,11047,0.548895899053628
11908,11047,0.320610687022901
12919,11047,0.5
11047,11047,1
30040,11047,0.32319391634981
11046,11047,0.457142857142857
100414,11047,0.31875
30047,11047,0.315789473684211
30024,11047,0.348484848484849
100947,11047,0.306273062730627
30044,11047,0.304832713754647
30025,11047,0.320610687022901
11409,11047,0.452380952380952
12276,11047,0.264150943396226
101056,11047,0.366037735849057
30034,11047,0.308755760368664
100071,11047,0.324427480916031
30006,11047,0.332075471698113
100080,11047,0.310861423220974
30035,11047,0.332155477031802
101220,11047,0.323308270676692
101365,11047,0.265700483091787
101273,11047,0.319298245614035
101312,11047,0.299242424242424
103140,11047,0.305970149253731
101399,11047,0.3
102711,11047,0.297169811320755
30049,11047,0.286245353159851
30050,11047,0.288389513108614
101506,11047,0.306818181818182
101131,11047,0.319548872180451
10277,11047,0.34965034965035
103456,11047,0.329192546583851
102799,11047,0.298507462686567
103433,11047,0.309859154929577
103437,11047,0.327338129496403
101231,11047,0.348591549295775
10371,11047,0.403333333333333
101613,11047,0.358490566037736
101225,11047,0.356363636363636
101188,11047,0.298561151079137
101464,11047,0.319548872180451
103452,11047,0.319444444444444
10478,30040,0.313953488372093
10235,30040,0.321969696969697
11908,30040,0.505226480836237
12919,30040,0.273764258555133
11047,30040,0.32319391634981
30040,30040,1
11046,30040,0.317708333333333
100414,30040,0.342723004694836
30047,30040,0.354243542435424
30024,30040,0.397683397683398
100947,30040,0.404255319148936
30044,30040,0.456582633053221
30025,30040,0.486394557823129
11409,30040,0.307291666666667
12276,30040,0.28936170212766
101056,30040,0.387096774193548
30034,30040,0.301960784313725
100071,30040,0.501742160278746
30006,30040,0.371212121212121
100080,30040,0.483630952380952
30035,30040,0.37007874015748
101220,30040,0.365313653136531
101365,30040,0.289156626506024
101273,30040,0.360294117647059
101312,30040,0.41025641025641
103140,30040,0.367857142857143
101399,30040,0.33203125
102711,30040,0.326848249027237
30049,30040,0.427480916030534
30050,30040,0.33852140077821
101506,30040,0.382142857142857
101131,30040,0.384892086330935
10277,30040,0.401544401544402
103456,30040,0.309803921568627
102799,30040,0.343220338983051
103433,30040,0.369402985074627
103437,30040,0.369175627240143
101231,30040,0.382142857142857
10371,30040,0.303501945525292
101613,30040,0.386973180076628
101225,30040,0.364963503649635
101188,30040,0.423529411764706
101464,30040,0.357933579335793
103452,30040,0.339920948616601
10478,11046,0.423423423423423
10235,11046,0.442857142857143
11908,11046,0.3248730964467
12919,11046,0.383966244725738
11047,11046,0.457142857142857
30040,11046,0.317708333333333
11046,11046,1
100414,11046,0.330935251798561
30047,11046,0.320754716981132
30024,11046,0.368159203980099
100947,11046,0.334975369458128
30044,11046,0.317708333333333
30025,11046,0.294339622641509
11409,11046,0.81701030927835
12276,11046,0.284403669724771
101056,11046,0.375
30034,11046,0.393103448275862
100071,11046,0.32994923857868
30006,11046,0.353233830845771
100080,11046,0.304568527918782
30035,11046,0.348258706467662
101220,11046,0.325471698113208
101365,11046,0.333333333333333
101273,11046,0.334883720930233
101312,11046,0.344827586206897
103140,11046,0.318407960199005
101399,11046,0.352564102564103
102711,11046,0.354037267080745
30049,11046,0.342592592592593
30050,11046,0.31219512195122
101506,11046,0.303921568627451
101131,11046,0.308457711442786
10277,11046,0.373134328358209
103456,11046,0.391608391608392
102799,11046,0.323353293413174
103433,11046,0.336405529953917
103437,11046,0.323943661971831
101231,11046,0.356481481481481
10371,11046,0.495535714285714
101613,11046,0.365
101225,11046,0.324074074074074
101188,11046,0.358585858585859
101464,11046,0.325471698113208
103452,11046,0.345177664974619
10478,100414,0.30188679245283
10235,100414,0.308176100628931
11908,100414,0.333333333333333
12919,100414,0.261083743842365
11047,100414,0.31875
30040,100414,0.342723004694836
11046,100414,0.330935251798561
100414,100414,1
30047,100414,0.303030303030303
30024,100414,0.303643724696356
100947,100414,0.302788844621514
30044,100414,0.333333333333333
30025,100414,0.325396825396825
11409,100414,0.359712230215827
12276,100414,0.306976744186047
101056,100414,0.356
30034,100414,0.308681672025723
100071,100414,0.313492063492063
30006,100414,0.334661354581673
100080,100414,0.342723004694836
30035,100414,0.330677290836653
101220,100414,0.292063492063492
101365,100414,0.321138211382114
101273,100414,0.284090909090909
101312,100414,0.307086614173228
103140,100414,0.303149606299213
101399,100414,0.359605911330049
102711,100414,0.354679802955665
30049,100414,0.311284046692607
30050,100414,0.313432835820896
101506,100414,0.304511278195489
101131,100414,0.307086614173228
10277,100414,0.303643724696356
103456,100414,0.345360824742268
102799,100414,0.333333333333333
103433,100414,0.273356401384083
103437,100414,0.342857142857143
101231,100414,0.353174603174603
10371,100414,0.279527559055118
101613,100414,0.36
101225,100414,0.289473684210526
101188,100414,0.314741035856574
101464,100414,0.296296296296296
103452,100414,0.346938775510204
10478,30047,0.334586466165413
10235,30047,0.347985347985348
11908,30047,0.377697841726619
12919,30047,0.318339100346021
11047,30047,0.315789473684211
30040,30047,0.354243542435424
11046,30047,0.320754716981132
100414,30047,0.303030303030303
30047,30047,1
30024,30047,0.446428571428571
100947,30047,0.460714285714286
30044,30047,0.379310344827586
30025,30047,0.381294964028777
11409,30047,0.311320754716981
12276,30047,0.266666666666667
101056,30047,0.401146131805158
30034,30047,0.315217391304348
100071,30047,0.375451263537906
30006,30047,0.414893617021277
100080,30047,0.376383763837638
30035,30047,0.40327868852459
101220,30047,0.63323782234957
101365,30047,0.274809160305344
101273,30047,0.505338078291815
101312,30047,0.376
103140,30047,0.342042755344418
101399,30047,0.349442379182156
102711,30047,0.328467153284672
30049,30047,0.457337883959044
30050,30047,0.285714285714286
101506,30047,0.405144694533762
101131,30047,0.409785932721713
10277,30047,0.43613707165109
103456,30047,0.344202898550725
102799,30047,0.33457249070632
103433,30047,0.39041095890411
103437,30047,0.384879725085911
101231,30047,0.445141065830721
10371,30047,0.340740740740741
101613,30047,0.440625
101225,30047,0.538461538461538
101188,30047,0.472602739726027
101464,30047,0.644460535843592
103452,30047,0.325925925925926
10478,30024,0.363984674329502
10235,30024,0.365019011406844
11908,30024,0.427083333333333
12919,30024,0.32183908045977
11047,30024,0.348484848484849
30040,30024,0.397683397683398
11046,30024,0.368159203980099
100414,30024,0.303643724696356
30047,30024,0.446428571428571
30024,30024,1
100947,30024,0.42671009771987
30044,30024,0.394160583941606
30025,30024,0.430555555555556
11409,30024,0.34061135371179
12276,30024,0.294339622641509
101056,30024,0.511475409836066
30034,30024,0.356862745098039
100071,30024,0.425992779783394
30006,30024,0.409375
100080,30024,0.385496183206107
30035,30024,0.406940063091483
101220,30024,0.431137724550898
101365,30024,0.319838056680162
101273,30024,0.458483754512635
101312,30024,0.440129449838188
103140,30024,0.408783783783784
101399,30024,0.374517374517374
102711,30024,0.372093023255814
30049,30024,0.434640522875817
30050,30024,0.35632183908046
101506,30024,0.435810810810811
101131,30024,0.427609427609428
10277,30024,0.779835390946502
103456,30024,0.355731225296443
102799,30024,0.355633802816901
103433,30024,0.402097902097902
103437,30024,0.400709219858156
101231,30024,0.509868421052632
10371,30024,0.356589147286822
101613,30024,0.501650165016502
101225,30024,0.476868327402135
101188,30024,0.450980392156863
101464,30024,0.433734939759036
103452,30024,0.352713178294574
10478,100947,0.285198555956679
10235,100947,0.314606741573034
11908,100947,0.414035087719298
12919,100947,0.33206106870229
11047,100947,0.306273062730627
30040,100947,0.404255319148936
11046,100947,0.334975369458128
100414,100947,0.302788844621514
30047,100947,0.460714285714286
30024,100947,0.42671009771987
100947,100947,1
30044,100947,0.392982456140351
30025,100947,0.410526315789474
11409,100947,0.334975369458128
12276,100947,0.285171102661597
101056,100947,0.464285714285714
30034,100947,0.329411764705882
100071,100947,0.392982456140351
30006,100947,0.432624113475177
100080,100947,0.382456140350877
30035,100947,0.453183520599251
101220,100947,0.426380368098159
101365,100947,0.328467153284672
101273,100947,0.442446043165468
101312,100947,0.435
103140,100947,0.36280487804878
101399,100947,0.367816091954023
102711,100947,0.347014925373134
30049,100947,0.525059665871122
30050,100947,0.323529411764706
101506,100947,0.403508771929825
101131,100947,0.410526315789474
10277,100947,0.421052631578947
103456,100947,0.33203125
102799,100947,0.35361216730038
103433,100947,0.379928315412186
103437,100947,0.378839590443686
101231,100947,0.491166077738516
10371,100947,0.332046332046332
101613,100947,0.469964664310954
101225,100947,0.462633451957295
101188,100947,0.525784753363229
101464,100947,0.457142857142857
103452,100947,0.3515625
10478,30044,0.274436090225564
10235,30044,0.274436090225564
11908,30044,0.511784511784512
12919,30044,0.273764258555133
11047,30044,0.304832713754647
30040,30044,0.456582633053221
11046,30044,0.317708333333333
100414,30044,0.333333333333333
30047,30044,0.379310344827586
30024,30044,0.394160583941606
100947,30044,0.392982456140351
30044,30044,1
30025,30044,0.501618122977346
11409,30044,0.307291666666667
12276,30044,0.285714285714286
101056,30044,0.389891696750903
30034,30044,0.298449612403101
100071,30044,0.494915254237288
30006,30044,0.375
100080,30044,0.813504823151125
30035,30044,0.359848484848485
101220,30044,0.375478927203065
101365,30044,0.306772908366534
101273,30044,0.347985347985348
101312,30044,0.378277153558052
103140,30044,0.354838709677419
101399,30044,0.32046332046332
102711,30044,0.32295719844358
30049,30044,0.404669260700389
30050,30044,0.328185328185328
101506,30044,0.376344086021505
101131,30044,0.3584229390681
10277,30044,0.397810218978102
103456,30044,0.303149606299213
102799,30044,0.324894514767933
103433,30044,0.375
103437,30044,0.375
101231,30044,0.375968992248062
10371,30044,0.3
101613,30044,0.386100386100386
101225,30044,0.360294117647059
101188,30044,0.400749063670412
101464,30044,0.371647509578544
103452,30044,0.33203125
10478,30025,0.290566037735849
10235,30025,0.315589353612167
11908,30025,0.784832451499118
12919,30025,0.27906976744186
11047,30025,0.320610687022901
30040,30025,0.486394557823129
11046,30025,0.294339622641509
100414,30025,0.325396825396825
30047,30025,0.381294964028777
30024,30025,0.430555555555556
100947,30025,0.410526315789474
30044,30025,0.501618122977346
30025,30025,1
11409,30025,0.279693486590038
12276,30025,0.314393939393939
101056,30025,0.457875457875458
30034,30025,0.317164179104478
100071,30025,0.761467889908257
30006,30025,0.405693950177936
100080,30025,0.525597269624573
30035,30025,0.37953795379538
101220,30025,0.388489208633094
101365,30025,0.29553264604811
101273,30025,0.366548042704626
101312,30025,0.414448669201521
103140,30025,0.403508771929825
101399,30025,0.364661654135338
102711,30025,0.361867704280156
30049,30025,0.429657794676806
30050,30025,0.347169811320755
101506,30025,0.410526315789474
101131,30025,0.424561403508772
10277,30025,0.425170068027211
103456,30025,0.337301587301587
102799,30025,0.345864661654135
103433,30025,0.407801418439716
103437,30025,0.386524822695035
101231,30025,0.445229681978799
10371,30025,0.301754385964912
101613,30025,0.447552447552448
101225,30025,0.404411764705882
101188,30025,0.441947565543071
101464,30025,0.384892086330935
103452,30025,0.342412451361868
10478,11409,0.418918918918919
10235,11409,0.438095238095238
11908,11409,0.309644670050761
12919,11409,0.383966244725738
11047,11409,0.452380952380952
30040,11409,0.307291666666667
11046,11409,0.81701030927835
100414,11409,0.359712230215827
30047,11409,0.311320754716981
30024,11409,0.34061135371179
100947,11409,0.334975369458128
30044,11409,0.307291666666667
30025,11409,0.279693486590038
11409,11409,1
12276,11409,0.318471337579618
101056,11409,0.385
30034,11409,0.345177664974619
100071,11409,0.319796954314721
30006,11409,0.348258706467662
100080,11409,0.289340101522843
30035,11409,0.343283582089552
101220,11409,0.316037735849057
101365,11409,0.333333333333333
101273,11409,0.330232558139535
101312,11409,0.344827586206897
103140,11409,0.298507462686567
101399,11409,0.365384615384615
102711,11409,0.366459627329193
30049,11409,0.34010152284264
30050,11409,0.286852589641434
101506,11409,0.284313725490196
101131,11409,0.288557213930348
10277,11409,0.388059701492537
103456,11409,0.391608391608392
102799,11409,0.317365269461078
103433,11409,0.313364055299539
103437,11409,0.309859154929577
101231,11409,0.375
10371,11409,0.487179487179487
101613,11409,0.38
101225,11409,0.319444444444444
101188,11409,0.353535353535354
101464,11409,0.311320754716981
103452,11409,0.33502538071066
10478,12276,0.243346007604563
10235,12276,0.236842105263158
11908,12276,0.309701492537313
12919,12276,0.241379310344828
11047,12276,0.264150943396226
30040,12276,0.28936170212766
11046,12276,0.284403669724771
100414,12276,0.306976744186047
30047,12276,0.266666666666667
30024,12276,0.294339622641509
100947,12276,0.285171102661597
30044,12276,0.285714285714286
30025,12276,0.314393939393939
11409,12276,0.318471337579618
12276,12276,1
101056,12276,0.307984790874525
30034,12276,0.365384615384615
100071,12276,0.309701492537313
30006,12276,0.328413284132841
100080,12276,0.262295081967213
30035,12276,0.339222614840989
101220,12276,0.274074074074074
101365,12276,0.353488372093023
101273,12276,0.331818181818182
101312,12276,0.281853281853282
103140,12276,0.324427480916031
101399,12276,0.43609022556391
102711,12276,0.418518518518519
30049,12276,0.290076335877863
30050,12276,0.322097378277154
101506,12276,0.305755395683453
101131,12276,0.33206106870229
10277,12276,0.284090909090909
103456,12276,0.367424242424242
102799,12276,0.351851851851852
103433,12276,0.296442687747036
103437,12276,0.284584980237154
101231,12276,0.327272727272727
10371,12276,0.293893129770992
101613,12276,0.304182509505703
101225,12276,0.302158273381295
101188,12276,0.301418439716312
101464,12276,0.262962962962963
103452,12276,0.351648351648352
10478,101056,0.300353356890459
10235,101056,0.306049822064057
11908,101056,0.461538461538462
12919,101056,0.347328244274809
11047,101056,0.366037735849057
30040,101056,0.387096774193548
11046,101056,0.375
100414,101056,0.356
30047,101056,0.401146131805158
30024,101056,0.511475409836066
100947,101056,0.464285714285714
30044,101056,0.389891696750903
30025,101056,0.457875457875458
11409,101056,0.385
12276,101056,0.307984790874525
101056,101056,1
30034,101056,0.353846153846154
100071,101056,0.454212454212454
30006,101056,0.412337662337662
100080,101056,0.386973180076628
30035,101056,0.414473684210526
101220,101056,0.43343653250774
101365,101056,0.337349397590361
101273,101056,0.434306569343066
101312,101056,0.418060200668896
103140,101056,0.447183098591549
101399,101056,0.364705882352941
102711,101056,0.359375
30049,101056,0.44
30050,101056,0.31640625
101506,101056,0.462897526501767
101131,101056,0.471830985915493
10277,101056,0.514754098360656
103456,101056,0.357142857142857
102799,101056,0.3584229390681
103433,101056,0.462897526501767
103437,101056,0.469964664310954
101231,101056,0.742647058823529
10371,101056,0.361867704280156
101613,101056,0.717391304347826
101225,101056,0.446735395189003
101188,101056,0.460750853242321
101464,101056,0.41304347826087
103452,101056,0.358267716535433
10478,30034,0.278571428571429
10235,30034,0.268817204301075
11908,30034,0.317164179104478
12919,30034,0.304347826086957
11047,30034,0.308755760368664
30040,30034,0.301960784313725
11046,30034,0.393103448275862
100414,30034,0.308681672025723
30047,30034,0.315217391304348
30024,30034,0.356862745098039
100947,30034,0.329411764705882
30044,30034,0.298449612403101
30025,30034,0.317164179104478
11409,30034,0.345177664974619
12276,30034,0.365384615384615
101056,30034,0.353846153846154
30034,30034,1
100071,30034,0.32089552238806
30006,30034,0.314393939393939
100080,30034,0.311284046692607
30035,30034,0.342205323193916
101220,30034,0.36986301369863
101365,30034,0.285714285714286
101273,30034,0.313207547169811
101312,30034,0.338645418326693
103140,30034,0.315175097276265
101399,30034,0.398496240601504
102711,30034,0.397727272727273
30049,30034,0.330739299610895
30050,30034,0.397003745318352
101506,30034,0.306201550387597
101131,30034,0.311284046692607
10277,30034,0.364705882352941
103456,30034,0.58364312267658
102799,30034,0.42962962962963
103433,30034,0.317880794701987
103437,30034,0.326315789473684
101231,30034,0.357692307692308
10371,30034,0.285171102661597
101613,30034,0.357692307692308
101225,30034,0.328301886792453
101188,30034,0.33984375
101464,30034,0.318840579710145
103452,30034,0.471830985915493
10478,100071,0.306818181818182
10235,100071,0.314176245210728
11908,100071,0.724199288256228
12919,100071,0.27906976744186
11047,100071,0.324427480916031
30040,100071,0.501742160278746
11046,100071,0.32994923857868
100414,100071,0.313492063492063
30047,100071,0.375451263537906
30024,100071,0.425992779783394
100947,100071,0.392982456140351
30044,100071,0.494915254237288
30025,100071,0.761467889908257
11409,100071,0.319796954314721
12276,100071,0.309701492537313
101056,100071,0.454212454212454
30034,100071,0.32089552238806
100071,100071,1
30006,100071,0.402135231316726
100080,100071,0.511551155115512
30035,100071,0.374125874125874
101220,100071,0.386281588447653
101365,100071,0.305555555555556
101273,100071,0.37410071942446
101312,100071,0.403846153846154
103140,100071,0.385964912280702
101399,100071,0.357142857142857
102711,100071,0.350194552529183
30049,100071,0.418250950570342
30050,100071,0.343396226415094
101506,100071,0.389473684210526
101131,100071,0.4
10277,100071,0.427083333333333
103456,100071,0.341269841269841
102799,100071,0.349624060150376
103433,100071,0.400709219858156
103437,100071,0.382978723404255
101231,100071,0.444852941176471
10371,100071,0.312727272727273
101613,100071,0.458181818181818
101225,100071,0.404411764705882
101188,100071,0.430711610486891
101464,100071,0.379061371841155
103452,100071,0.33852140077821
10478,30006,0.35
10235,30006,0.343511450381679
11908,30006,0.394366197183099
12919,30006,0.312977099236641
11047,30006,0.332075471698113
30040,30006,0.371212121212121
11046,30006,0.353233830845771
100414,30006,0.334661354581673
30047,30006,0.414893617021277
30024,30006,0.409375
100947,30006,0.432624113475177
30044,30006,0.375
30025,30006,0.405693950177936
11409,30006,0.348258706467662
12276,30006,0.328413284132841
101056,30006,0.412337662337662
30034,30006,0.314393939393939
100071,30006,0.402135231316726
30006,30006,1
100080,30006,0.354716981132075
30035,30006,0.470397404703974
101220,30006,0.418439716312057
101365,30006,0.318897637795276
101273,30006,0.427536231884058
101312,30006,0.400621118012422
103140,30006,0.363321799307958
101399,30006,0.371747211895911
102711,30006,0.366666666666667
30049,30006,0.454545454545455
30050,30006,0.333333333333333
101506,30006,0.333333333333333
101131,30006,0.377162629757785
10277,30006,0.39541547277937
103456,30006,0.324528301886792
102799,30006,0.317343173431734
103433,30006,0.344051446945338
103437,30006,0.338709677419355
101231,30006,0.394886363636364
10371,30006,0.330855018587361
101613,30006,0.394904458598726
101225,30006,0.431159420289855
101188,30006,0.434782608695652
101464,30006,0.414893617021277
103452,30006,0.3359375
10478,100080,0.282945736434109
10235,100080,0.277566539923954
11908,100080,0.52901023890785
12919,100080,0.268939393939394
11047,100080,0.310861423220974
30040,100080,0.483630952380952
11046,100080,0.304568527918782
100414,100080,0.342723004694836
30047,100080,0.376383763837638
30024,100080,0.385496183206107
100947,100080,0.382456140350877
30044,100080,0.813504823151125
30025,100080,0.525597269624573
11409,100080,0.289340101522843
12276,100080,0.262295081967213
101056,100080,0.386973180076628
30034,100080,0.311284046692607
100071,100080,0.511551155115512
30006,100080,0.354716981132075
100080,100080,1
30035,100080,0.348484848484849
101220,100080,0.380073800738007
101365,100080,0.285140562248996
101273,100080,0.360294117647059
101312,100080,0.389513108614232
103140,100080,0.362989323843416
101399,100080,0.334905660377358
102711,100080,0.311284046692607
30049,100080,0.389513108614232
30050,100080,0.328125
101506,100080,0.373665480427046
101131,100080,0.366548042704626
10277,100080,0.37956204379562
103456,100080,0.317647058823529
102799,100080,0.316793893129771
103433,100080,0.386029411764706
103437,100080,0.386029411764706
101231,100080,0.369230769230769
10371,100080,0.3046875
101613,100080,0.386973180076628
101225,100080,0.364963503649635
101188,100080,0.4
101464,100080,0.372693726937269
103452,100080,0.325490196078431
10478,30035,0.318352059925094
10235,30035,0.308823529411765
11908,30035,0.398601398601399
12919,30035,0.324427480916031
11047,30035,0.332155477031802
30040,30035,0.37007874015748
11046,30035,0.348258706467662
100414,30035,0.330677290836653
30047,30035,0.40327868852459
30024,30035,0.406940063091483
100947,30035,0.453183520599251
30044,30035,0.359848484848485
30025,30035,0.37953795379538
11409,30035,0.343283582089552
12276,30035,0.339222614840989
101056,30035,0.414473684210526
30034,30035,0.342205323193916
100071,30035,0.374125874125874
30006,30035,0.470397404703974
100080,30035,0.348484848484849
30035,30035,1
101220,30035,0.320430107526882
101365,30035,0.28740157480315
101273,30035,0.432234432234432
101312,30035,0.374592833876221
103140,30035,0.387543252595156
101399,30035,0.354961832061069
102711,30035,0.344444444444444
30049,30035,0.447368421052632
30050,30035,0.354477611940299
101506,30035,0.397849462365591
101131,30035,0.391003460207612
10277,30035,0.406940063091483
103456,30035,0.333333333333333
102799,30035,0.337121212121212
103433,30035,0.354166666666667
103437,30035,0.354166666666667
101231,30035,0.413114754098361
10371,30035,0.333333333333333
101613,30035,0.347368421052632
101225,30035,0.441281138790036
101188,30035,0.464419475655431
101464,30035,0.338095238095238
103452,30035,0.3359375
10478,101220,0.317518248175182
10235,101220,0.340659340659341
11908,101220,0.384892086330935
12919,101220,0.307958477508651
11047,101220,0.323308270676692
30040,101220,0.365313653136531
11046,101220,0.325471698113208
100414,101220,0.292063492063492
30047,101220,0.63323782234957
30024,101220,0.431137724550898
100947,101220,0.426380368098159
30044,101220,0.375478927203065
30025,101220,0.388489208633094
11409,101220,0.316037735849057
12276,101220,0.274074074074074
101056,101220,0.43343653250774
30034,101220,0.36986301369863
100071,101220,0.386281588447653
30006,101220,0.418439716312057
100080,101220,0.380073800738007
30035,101220,0.320430107526882
101220,101220,1
101365,101220,0.273333333333333
101273,101220,0.519572953736655
101312,101220,0.435810810810811
103140,101220,0.404040404040404
101399,101220,0.338289962825279
102711,101220,0.332116788321168
30049,101220,0.445205479452055
30050,101220,0.289655172413793
101506,101220,0.412811387900356
101131,101220,0.419014084507042
10277,101220,0.42814371257485
103456,101220,0.347826086956522
102799,101220,0.338289962825279
103433,101220,0.393728222996516
103437,101220,0.376623376623377
101231,101220,0.443396226415094
10371,101220,0.325925925925926
101613,101220,0.448717948717949
101225,101220,0.56043956043956
101188,101220,0.469178082191781
101464,101220,0.611483967188665
103452,101220,0.374429223744292
10478,101365,0.283464566929134
10235,101365,0.289340101522843
11908,101365,0.306451612903226
12919,101365,0.257510729613734
11047,101365,0.265700483091787
30040,101365,0.289156626506024
11046,101365,0.333333333333333
100414,101365,0.321138211382114
30047,101365,0.274809160305344
30024,101365,0.319838056680162
100947,101365,0.328467153284672
30044,101365,0.306772908366534
30025,101365,0.29553264604811
11409,101365,0.333333333333333
12276,101365,0.353488372093023
101056,101365,0.337349397590361
30034,101365,0.285714285714286
100071,101365,0.305555555555556
30006,101365,0.318897637795276
100080,101365,0.285140562248996
30035,101365,0.28740157480315
101220,101365,0.273333333333333
101365,101365,1
101273,101365,0.296875
101312,101365,0.328467153284672
103140,101365,0.453488372093023
101399,101365,0.321428571428571
102711,101365,0.332046332046332
30049,101365,0.323741007194245
30050,101365,0.275590551181102
101506,101365,0.315068493150685
101131,101365,0.302083333333333
10277,101365,0.315789473684211
103456,101365,0.288389513108614
102799,101365,0.30952380952381
103433,101365,0.313829787234043
103437,101365,0.297872340425532
101231,101365,0.337349397590361
10371,101365,0.306532663316583
101613,101365,0.317269076305221
101225,101365,0.28515625
101188,101365,0.335766423357664
101464,101365,0.273333333333333
103452,101365,0.32258064516129
10478,101273,0.301418439716312
10235,101273,0.316901408450704
11908,101273,0.366548042704626
12919,101273,0.313653136531365
11047,101273,0.319298245614035
30040,101273,0.360294117647059
11046,101273,0.334883720930233
100414,101273,0.284090909090909
30047,101273,0.505338078291815
30024,101273,0.458483754512635
100947,101273,0.442446043165468
30044,101273,0.347985347985348
30025,101273,0.366548042704626
11409,101273,0.330232558139535
12276,101273,0.331818181818182
101056,101273,0.434306569343066
30034,101273,0.313207547169811
100071,101273,0.37410071942446
30006,101273,0.427536231884058
100080,101273,0.360294117647059
30035,101273,0.432234432234432
101220,101273,0.519572953736655
101365,101273,0.296875
101273,101273,1
101312,101273,0.386861313868613
103140,101273,0.380434782608696
101399,101273,0.325
102711,101273,0.302491103202847
30049,101273,0.390510948905109
30050,101273,0.309352517985612
101506,101273,0.385416666666667
101131,101273,0.383275261324042
10277,101273,0.457875457875458
103456,101273,0.319702602230483
102799,101273,0.323741007194245
103433,101273,0.384868421052632
103437,101273,0.371335504885993
101231,101273,0.423611111111111
10371,101273,0.333333333333333
101613,101273,0.453237410071942
101225,101273,0.645945945945946
101188,101273,0.411552346570397
101464,101273,0.519572953736655
103452,101273,0.311355311355311
10478,101312,0.277566539923954
10235,101312,0.300380228136882
11908,101312,0.407692307692308
12919,101312,0.300380228136882
11047,101312,0.299242424242424
30040,101312,0.41025641025641
11046,101312,0.344827586206897
100414,101312,0.307086614173228
30047,101312,0.376
30024,101312,0.440129449838188
100947,101312,0.435
30044,101312,0.378277153558052
30025,101312,0.414448669201521
11409,101312,0.344827586206897
12276,101312,0.281853281853282
101056,101312,0.418060200668896
30034,101312,0.338645418326693
100071,101312,0.403846153846154
30006,101312,0.400621118012422
100080,101312,0.389513108614232
30035,101312,0.374592833876221
101220,101312,0.435810810810811
101365,101312,0.328467153284672
101273,101312,0.386861313868613
101312,101312,1
103140,101312,0.393103448275862
101399,101312,0.355212355212355
102711,101312,0.352112676056338
30049,101312,0.463980463980464
30050,101312,0.303846153846154
101506,101312,0.372413793103448
101131,101312,0.389655172413793
10277,101312,0.444852941176471
103456,101312,0.328125
102799,101312,0.357142857142857
103433,101312,0.37410071942446
103437,101312,0.351351351351351
101231,101312,0.436170212765957
10371,101312,0.316602316602317
101613,101312,0.436170212765957
101225,101312,0.41304347826087
101188,101312,0.443287037037037
101464,101312,0.42156862745098
103452,101312,0.363984674329502
10478,103140,0.274131274131274
10235,103140,0.28957528957529
11908,103140,0.4
12919,103140,0.329545454545455
11047,103140,0.305970149253731
30040,103140,0.367857142857143
11046,103140,0.318407960199005
100414,103140,0.303149606299213
30047,103140,0.342042755344418
30024,103140,0.408783783783784
100947,103140,0.36280487804878
30044,103140,0.354838709677419
30025,103140,0.403508771929825
11409,103140,0.298507462686567
12276,103140,0.324427480916031
101056,103140,0.447183098591549
30034,103140,0.315175097276265
100071,103140,0.385964912280702
30006,103140,0.363321799307958
100080,103140,0.362989323843416
30035,103140,0.387543252595156
101220,103140,0.404040404040404
101365,103140,0.453488372093023
101273,103140,0.380434782608696
101312,103140,0.393103448275862
103140,103140,1
101399,103140,0.366795366795367
102711,103140,0.35
30049,103140,0.392592592592593
30050,103140,0.305019305019305
101506,103140,0.633288227334235
101131,103140,0.728494623655914
10277,103140,0.347150259067358
103456,103140,0.329411764705882
102799,103140,0.351063829787234
103433,103140,0.371323529411765
103437,103140,0.314207650273224
101231,103140,0.451957295373665
10371,103140,0.328185328185328
101613,103140,0.437722419928826
101225,103140,0.376811594202899
101188,103140,0.395104895104895
101464,103140,0.401960784313726
103452,103140,0.311284046692607
10478,101399,0.259541984732824
10235,101399,0.259541984732824
11908,101399,0.332288401253918
12919,101399,0.285714285714286
11047,101399,0.3
30040,101399,0.33203125
11046,101399,0.352564102564103
100414,101399,0.359605911330049
30047,101399,0.349442379182156
30024,101399,0.374517374517374
100947,101399,0.367816091954023
30044,101399,0.32046332046332
30025,101399,0.364661654135338
11409,101399,0.365384615384615
12276,101399,0.43609022556391
101056,101399,0.364705882352941
30034,101399,0.398496240601504
100071,101399,0.357142857142857
30006,101399,0.371747211895911
100080,101399,0.334905660377358
30035,101399,0.354961832061069
101220,101399,0.338289962825279
101365,101399,0.321428571428571
101273,101399,0.325
101312,101399,0.355212355212355
103140,101399,0.366795366795367
101399,101399,1
102711,101399,0.652866242038217
30049,101399,0.352490421455939
30050,101399,0.4
101506,101399,0.344827586206897
101131,101399,0.359073359073359
10277,101399,0.365758754863813
103456,101399,0.406130268199234
102799,101399,0.468634686346864
103433,101399,0.320143884892086
103437,101399,0.352272727272727
101231,101399,0.368627450980392
10371,101399,0.343137254901961
101613,101399,0.349019607843137
101225,101399,0.320284697508897
101188,101399,0.352490421455939
101464,101399,0.338289962825279
103452,101399,0.418867924528302
10478,102711,0.248888888888889
10235,102711,0.262357414448669
11908,102711,0.357976653696498
12919,102711,0.276923076923077
11047,102711,0.297169811320755
30040,102711,0.326848249027237
11046,102711,0.354037267080745
100414,102711,0.354679802955665
30047,102711,0.328467153284672
30024,102711,0.372093023255814
100947,102711,0.347014925373134
30044,102711,0.32295719844358
30025,102711,0.361867704280156
11409,102711,0.366459627329193
12276,102711,0.418518518518519
101056,102711,0.359375
30034,102711,0.397727272727273
100071,102711,0.350194552529183
30006,102711,0.366666666666667
100080,102711,0.311284046692607
30035,102711,0.344444444444444
101220,102711,0.332116788321168
101365,102711,0.332046332046332
101273,102711,0.302491103202847
101312,102711,0.352112676056338
103140,102711,0.35
101399,102711,0.652866242038217
102711,102711,1
30049,102711,0.356877323420074
30050,102711,0.393258426966292
101506,102711,0.35
101131,102711,0.357692307692308
10277,102711,0.356589147286822
103456,102711,0.404580152671756
102799,102711,0.478571428571429
103433,102711,0.322695035460993
103437,102711,0.30327868852459
101231,102711,0.359375
10371,102711,0.339712918660287
101613,102711,0.333333333333333
101225,102711,0.312056737588652
101188,102711,0.356617647058824
101464,102711,0.327702702702703
103452,102711,0.409090909090909
10478,30049,0.278195488721804
10235,30049,0.304511278195489
11908,30049,0.418250950570342
12919,30049,0.316981132075472
11047,30049,0.286245353159851
30040,30049,0.427480916030534
11046,30049,0.342592592592593
100414,30049,0.311284046692607
30047,30049,0.457337883959044
30024,30049,0.434640522875817
100947,30049,0.525059665871122
30044,30049,0.404669260700389
30025,30049,0.429657794676806
11409,30049,0.34010152284264
12276,30049,0.290076335877863
101056,30049,0.44
30034,30049,0.330739299610895
100071,30049,0.418250950570342
30006,30049,0.454545454545455
100080,30049,0.389513108614232
30035,30049,0.447368421052632
101220,30049,0.445205479452055
101365,30049,0.323741007194245
101273,30049,0.390510948905109
101312,30049,0.463980463980464
103140,30049,0.392592592592593
101399,30049,0.352490421455939
102711,30049,0.356877323420074
30049,30049,1
30050,30049,0.346153846153846
101506,30049,0.389891696750903
101131,30049,0.403703703703704
10277,30049,0.405572755417957
103456,30049,0.334630350194553
102799,30049,0.375
103433,30049,0.39426523297491
103437,30049,0.372013651877133
101231,30049,0.471571906354515
10371,30049,0.304659498207885
101613,30049,0.441077441077441
101225,30049,0.431159420289855
101188,30049,0.657397107897664
101464,30049,0.441780821917808
103452,30049,0.35632183908046
10478,30050,0.281368821292776
10235,30050,0.28735632183908
11908,30050,0.350943396226415
12919,30050,0.296577946768061
11047,30050,0.288389513108614
30040,30050,0.33852140077821
11046,30050,0.31219512195122
100414,30050,0.313432835820896
30047,30050,0.285714285714286
30024,30050,0.35632183908046
100947,30050,0.323529411764706
30044,30050,0.328185328185328
30025,30050,0.347169811320755
11409,30050,0.286852589641434
12276,30050,0.322097378277154
101056,30050,0.31640625
30034,30050,0.397003745318352
100071,30050,0.343396226415094
30006,30050,0.333333333333333
100080,30050,0.328125
30035,30050,0.354477611940299
101220,30050,0.289655172413793
101365,30050,0.275590551181102
101273,30050,0.309352517985612
101312,30050,0.303846153846154
103140,30050,0.305019305019305
101399,30050,0.4
102711,30050,0.393258426966292
30049,30050,0.346153846153846
30050,30050,1
101506,30050,0.319230769230769
101131,30050,0.324324324324324
10277,30050,0.352490421455939
103456,30050,0.401544401544402
102799,30050,0.379182156133829
103433,30050,0.28673835125448
103437,30050,0.279569892473118
101231,30050,0.328125
10371,30050,0.274809160305344
101613,30050,0.3046875
101225,30050,0.302919708029197
101188,30050,0.338461538461538
101464,30050,0.299625468164794
103452,30050,0.398467432950192
10478,101506,0.276363636363636
10235,101506,0.301158301158301
11908,101506,0.410526315789474
12919,101506,0.313432835820896
11047,101506,0.306818181818182
30040,101506,0.382142857142857
11046,101506,0.303921568627451
100414,101506,0.304511278195489
30047,101506,0.405144694533762
30024,101506,0.435810810810811
100947,101506,0.403508771929825
30044,101506,0.376344086021505
30025,101506,0.410526315789474
11409,101506,0.284313725490196
12276,101506,0.305755395683453
