Var1,Var2,Freq
11755,11755,1
12840,11755,0.094849620876053
9,11755,0.0875653636743084
188,11755,0.0942728265630722
8,11755,0.220376145894011
197,11755,0.0789021396272349
234,11755,0.0880428953230233
10979,11755,0.069844768445522
11752,11755,0.0705489717620144
35,11755,0.0877005828047187
238,11755,0.0919020953404423
12670,11755,0.0840272062763776
12627,11755,0.0878790977087506
10434,11755,0.668901009156921
30008,11755,0.13754031519118
10980,11755,0.0702370829003046
18033,11755,0.700019746292959
100079,11755,0.0951888292458982
10140,11755,0.534325559244828
10849,11755,0.0698283394063374
11691,11755,0.523715919336051
11242,11755,0.122181222864059
30016,11755,0.219718880788042
11902,11755,0.107843958803585
11451,11755,0.0836786315004519
10266,11755,0.104848994520554
17033,11755,0.669255331248949
12413,11755,0.0718993534102067
10844,11755,0.253305238981963
10803,11755,0.0886070580004646
12214,11755,0.14145604436717
11379,11755,0.0829912979013052
10574,11755,0.0785400685487184
10938,11755,0.0673229145874905
11802,11755,0.220770261521928
11926,11755,0.104053889947677
11925,11755,0.112097960118783
100127,11755,0.672655704700649
100413,11755,0.108089157681249
100416,11755,0.132575402561937
30046,11755,0.118772995460263
100912,11755,0.0950293402300781
100917,11755,0.0877164933830838
30012,11755,0.436936802878227
100948,11755,0.0955213441549864
10906,11755,0.135929423794343
10297,11755,0.532540904738332
100410,11755,0.105673418340232
11868,11755,0.22208620119415
30023,11755,0.115845061769549
30026,11755,0.354954088641941
30027,11755,0.135638537619663
101079,11755,0.0969445773696202
11569,11755,0.133273570682364
11842,11755,0.532384266055882
12469,11755,0.0705398259484142
12475,11755,0.0940467526384605
12699,11755,0.0928364204588498
11977,11755,0.669362525458577
12694,11755,0.065006754399091
10919,11755,0.0692924847750717
10918,11755,0.25451075292179
30010,11755,0.130385927208898
100424,11755,0.293613794560426
11209,11755,0.216759958644106
10264,11755,0.10234069485188
11785,11755,0.554022446139748
100129,11755,0.135214901473142
100906,11755,0.0814173902904296
101211,11755,0.0936035448218145
101034,11755,0.0910261780808907
30007,11755,0.16433743793818
11049,11755,0.0787114862491391
30019,11755,0.135401607255106
30021,11755,0.142604533013691
100951,11755,0.0998795283961556
100418,11755,0.256225638913558
102678,11755,0.0808652247313327
101019,11755,0.0797259135776292
101021,11755,0.0883359471532087
101340,11755,0.133821706085898
30020,11755,0.138918467875584
101508,11755,0.318125727289208
101484,11755,0.103588091430199
100995,11755,0.118013398636591
102840,11755,0.120453784116191
100107,11755,0.241873057324048
100962,11755,0.0866583579306061
100097,11755,0.25275864427367
30009,11755,0.139868569210268
101282,11755,0.101352382511676
100069,11755,0.149419870016191
11896,11755,0.654457460898083
11784,11755,0.0868838481291486
12913,11755,0.0803933978453542
11755,12840,0.094849620876053
12840,12840,1
9,12840,0.0553317117090512
188,12840,0.0553223022054008
8,12840,0.0687783136262533
197,12840,0.191268734180905
234,12840,0.0586943206356168
10979,12840,0.135848744928872
11752,12840,0.132978808563609
35,12840,0.0618759895634639
238,12840,0.312028037079767
12670,12840,0.199955064057272
12627,12840,0.194838148681707
10434,12840,0.0938974626600539
30008,12840,0.0606002492653111
10980,12840,0.133565560807568
18033,12840,0.0953803663928097
100079,12840,0.096380123389353
10140,12840,0.0961318450768165
10849,12840,0.0470314644343987
11691,12840,0.0926962452501159
11242,12840,0.0660217131087186
30016,12840,0.0818458855415602
11902,12840,0.0789605692112201
11451,12840,0.0551136241504602
10266,12840,0.110272691958923
17033,12840,0.0926387440430693
12413,12840,0.136435988638475
10844,12840,0.0904943306948
10803,12840,0.0609216877292295
12214,12840,0.0721318733695767
11379,12840,0.0557896142240773
10574,12840,0.190115212828316
10938,12840,0.0428724898720337
11802,12840,0.0692649105103464
11926,12840,0.114628448038267
11925,12840,0.110008538534593
100127,12840,0.0887918184800386
100413,12840,0.0726819892508414
100416,12840,0.0543523202377247
30046,12840,0.0550782111394395
100912,12840,0.0698792954321992
100917,12840,0.056491047929508
30012,12840,0.0979023953593058
100948,12840,0.0652941581197281
10906,12840,0.0789291610336663
10297,12840,0.0948003790785227
100410,12840,0.070190937579138
11868,12840,0.0889070759345713
30023,12840,0.0667259780854393
30026,12840,0.0942142282985499
30027,12840,0.0589188240996094
101079,12840,0.0603412435466693
11569,12840,0.055031933018788
11842,12840,0.0962891130790691
12469,12840,0.131568014192701
12475,12840,0.054816305538888
12699,12840,0.052111323864512
11977,12840,0.0945987080843343
12694,12840,0.0413464246673766
10919,12840,0.0444128949041434
10918,12840,0.0729569147534507
30010,12840,0.0526435966620728
100424,12840,0.0818503426097275
11209,12840,0.067588398189159
10264,12840,0.10925604565728
11785,12840,0.100961548611222
100129,12840,0.0538149570240033
100906,12840,0.0634145221070779
101211,12840,0.0609796329705257
101034,12840,0.0614732528149874
30007,12840,0.0796618229931113
11049,12840,0.190714236065188
30019,12840,0.0565176332429113
30021,12840,0.0567681824599286
100951,12840,0.0651727325850796
100418,12840,0.0712964649222504
102678,12840,0.0523408816166396
101019,12840,0.0443605408201549
101021,12840,0.73580152574383
101340,12840,0.0625199314052095
30020,12840,0.0552111750417607
101508,12840,0.0965736685537185
101484,12840,0.0760565985684123
100995,12840,0.0614404581864944
102840,12840,0.0608030881712847
100107,12840,0.0853130411869074
100962,12840,0.0570369311686888
100097,12840,0.0713332575151599
30009,12840,0.0588299709402187
101282,12840,0.0789119179953045
100069,12840,0.0768805142036218
11896,12840,0.0942178277129525
11784,12840,0.0548484435503693
12913,12840,0.0673412405867889
11755,9,0.0875653636743084
12840,9,0.0553317117090512
9,9,1
188,9,0.443583089676341
8,9,0.0764788001395091
197,9,0.0531529883425079
234,9,0.0520405394690503
10979,9,0.0522505165160236
11752,9,0.0488378797556344
35,9,0.0504174540235161
238,9,0.0573446257860687
12670,9,0.0593168054797481
12627,9,0.0538463683858048
10434,9,0.0844143817549982
30008,9,0.0858975999619416
10980,9,0.0509991592878492
18033,9,0.0815764572585517
100079,9,0.0671679837046188
10140,9,0.0861810677504255
10849,9,0.0636884604247126
11691,9,0.0929578000076415
11242,9,0.0840475528494262
30016,9,0.0845527831360801
11902,9,0.060691098497507
11451,9,0.0663471647181003
10266,9,0.0757352500734044
17033,9,0.0853897754643695
12413,9,0.0525803901648693
10844,9,0.0923876466431871
10803,9,0.0475388237766588
12214,9,0.105237426095621
11379,9,0.061358034525722
10574,9,0.0535674255738211
10938,9,0.0577350819912184
11802,9,0.0766155730657123
11926,9,0.0771976477349592
11925,9,0.0775985935926351
100127,9,0.084766655235139
100413,9,0.0592208806332969
100416,9,0.0758167273115925
30046,9,0.0646270946863811
100912,9,0.0746280380659174
100917,9,0.0440363230534152
30012,9,0.0958929584703082
100948,9,0.0710678432883712
10906,9,0.107603023456458
10297,9,0.0880751571515337
100410,9,0.0713475267860079
11868,9,0.0917427115390085
30023,9,0.0892369402153872
30026,9,0.0880421656922552
30027,9,0.0797676151115916
101079,9,0.055119220901933
11569,9,0.0787837724208432
11842,9,0.0863240329011429
12469,9,0.0517623524678402
12475,9,0.437734631090344
12699,9,0.458336462329184
11977,9,0.0838753311132563
12694,9,0.052737427684456
10919,9,0.0570199308435106
10918,9,0.090855305977017
30010,9,0.0759739831080541
100424,9,0.0991300324976063
11209,9,0.077082409556624
10264,9,0.0742610892269312
11785,9,0.0862492761703058
100129,9,0.0807737251978416
100906,9,0.0566985775549408
101211,9,0.0528801100721232
101034,9,0.0489317522204971
30007,9,0.0771272962319792
11049,9,0.053356995677087
30019,9,0.0813011789529868
30021,9,0.0822325170190619
100951,9,0.0874367957928276
100418,9,0.0895538455076334
102678,9,0.362431904083241
101019,9,0.044551595589716
101021,9,0.0546316293705238
101340,9,0.0841493267217473
30020,9,0.0850862708750693
101508,9,0.0972635800240157
101484,9,0.0681672285759922
100995,9,0.0844075900443724
102840,9,0.0848300013784875
100107,9,0.0941197604928107
100962,9,0.0495589778557514
100097,9,0.0860283634634687
30009,9,0.0848895838066488
101282,9,0.0560551685375154
100069,9,0.0717721554925171
11896,9,0.0835376260017266
11784,9,0.909121595711701
12913,9,0.060671377116423
11755,188,0.0942728265630722
12840,188,0.0553223022054008
9,188,0.443583089676341
188,188,1
8,188,0.0746760250552615
197,188,0.0518502404922358
234,188,0.0492238820071354
10979,188,0.0493886993857061
11752,188,0.0480727783775102
35,188,0.0508791319169843
238,188,0.0551002500952792
12670,188,0.0587081643587847
12627,188,0.0518826159131752
10434,188,0.0898802439684012
30008,188,0.0874188662312918
10980,188,0.0477451160985099
18033,188,0.085684546629657
100079,188,0.0657233420713784
10140,188,0.0831691500803449
10849,188,0.0621612856534633
11691,188,0.0942404806191393
11242,188,0.084687482390682
30016,188,0.078890831651007
11902,188,0.060875059083107
11451,188,0.0663345601145497
10266,188,0.0752069338903508
17033,188,0.0908385160510961
12413,188,0.0501451434525633
10844,188,0.0928841157702652
10803,188,0.050040330931166
12214,188,0.0981306336140371
11379,188,0.0631244361898243
10574,188,0.0514564867315583
10938,188,0.0524357907474825
11802,188,0.0746514141642187
11926,188,0.0764675513689101
11925,188,0.075369933818536
100127,188,0.0911467069264677
100413,188,0.0564893741221434
100416,188,0.079365727450625
30046,188,0.0648669244377685
100912,188,0.0666423005989236
100917,188,0.0449927333618447
30012,188,0.0985103288248761
100948,188,0.065182643368897
10906,188,0.098630134910395
10297,188,0.0861808463228086
100410,188,0.0626392259031182
11868,188,0.0862537418320794
30023,188,0.0808496684109566
30026,188,0.0844255931514166
30027,188,0.0772198713045586
101079,188,0.054473059966135
11569,188,0.0780630592516186
11842,188,0.0826058448942752
12469,188,0.048216754285483
12475,188,0.87982391782832
12699,188,0.396113067023871
11977,188,0.0893463723693039
12694,188,0.0476570331082398
10919,188,0.0536298135441996
10918,188,0.092474061478206
30010,188,0.0758333793596108
100424,188,0.1001931813618
11209,188,0.0749627467046735
10264,188,0.0735813632141657
11785,188,0.0837062396989681
100129,188,0.0840706217335663
100906,188,0.0542393540968575
101211,188,0.0520334601809846
101034,188,0.0476986567256665
30007,188,0.0743476322200617
11049,188,0.0514086416035563
30019,188,0.0800426189558123
30021,188,0.0813037841798939
100951,188,0.0782402439110397
100418,188,0.0905417175228608
102678,188,0.327116945953294
101019,188,0.0430498263403552
101021,188,0.0536252511377786
101340,188,0.0781555369684429
30020,188,0.0857842683088898
101508,188,0.096832996025016
101484,188,0.0702584870425455
100995,188,0.0859224899135107
102840,188,0.0863323602311587
100107,188,0.0917068546307107
100962,188,0.0482111323442532
100097,188,0.0833588235123676
30009,188,0.0808823147217145
101282,188,0.0528778246208098
100069,188,0.072272173990975
11896,188,0.0889866393435707
11784,188,0.445008528074182
12913,188,0.0549920927699879
11755,8,0.220376145894011
12840,8,0.0687783136262533
9,8,0.0764788001395091
188,8,0.0746760250552615
8,8,1
197,8,0.0597355092204485
234,8,0.0782250137717151
10979,8,0.0546973441035803
11752,8,0.0518766513601387
35,8,0.0727381265165843
238,8,0.0665361693493042
12670,8,0.066575687470535
12627,8,0.0622366709451228
10434,8,0.220830775041034
30008,8,0.0931508544623205
10980,8,0.0535368581849027
18033,8,0.220773128047246
100079,8,0.0764796758458604
10140,8,0.21910011325497
10849,8,0.0535051871380395
11691,8,0.209855655494353
11242,8,0.0963851485473622
30016,8,0.158009958924809
11902,8,0.0887322065489706
11451,8,0.0710672979706452
10266,8,0.0890095244278243
17033,8,0.216783547098789
12413,8,0.0562918981669171
10844,8,0.200676121187004
10803,8,0.0699163354933654
12214,8,0.108301007085485
11379,8,0.067163129101149
10574,8,0.0598341898663536
10938,8,0.0636375815287613
11802,8,0.861058125965158
11926,8,0.0916825643199099
11925,8,0.0923337581896459
100127,8,0.220407614960062
100413,8,0.0895998291164726
100416,8,0.0902462201261802
30046,8,0.0694418581077264
100912,8,0.0911540449242048
100917,8,0.0718691066904245
30012,8,0.234891460811562
100948,8,0.095552960881206
10906,8,0.111044965667805
10297,8,0.219598634559304
100410,8,0.0954458888954988
11868,8,0.159127557728443
30023,8,0.0803778021126996
30026,8,0.18617494649805
30027,8,0.0875600224479535
101079,8,0.0824014122083719
11569,8,0.0920231336354111
11842,8,0.210804767318305
12469,8,0.0532635467980296
12475,8,0.0740445153296356
12699,8,0.0784155850487568
11977,8,0.219657796420048
12694,8,0.0468667850162132
10919,8,0.0585336205542502
10918,8,0.170047796485634
30010,8,0.0831986038839395
100424,8,0.201114535551512
11209,8,0.427951892644664
10264,8,0.0943707194016666
11785,8,0.215162888233467
100129,8,0.0924405256751181
100906,8,0.0807007811657321
101211,8,0.0728738155919981
101034,8,0.0760089777044937
30007,8,0.140490564579128
11049,8,0.0603094062120313
30019,8,0.0919205916669091
30021,8,0.0916345538306918
100951,8,0.0774031509403937
100418,8,0.184532385264996
102678,8,0.0630347019615506
101019,8,0.0534537687148859
101021,8,0.0669506036998128
101340,8,0.0887719382010479
30020,8,0.0984635774361932
101508,8,0.192795134646743
101484,8,0.0813348256396038
100995,8,0.0949552395936584
102840,8,0.0941408060926547
100107,8,0.481228157868013
100962,8,0.0775046997596284
100097,8,0.185547527268528
30009,8,0.0938849088887918
101282,8,0.088521784824907
100069,8,0.123136878974865
11896,8,0.212195574632637
11784,8,0.0767689596057493
12913,8,0.0791706851294288
11755,197,0.0789021396272349
12840,197,0.191268734180905
9,197,0.0531529883425079
188,197,0.0518502404922358
8,197,0.0597355092204485
197,197,1
234,197,0.0532115598614754
10979,197,0.114168025817652
11752,197,0.107171829323378
35,197,0.0513456521219526
238,197,0.205373641780355
12670,197,0.160121561167685
12627,197,0.385759457459074
10434,197,0.0811473356400109
30008,197,0.0626321315362115
10980,197,0.113360603904987
18033,197,0.0779613410096376
100079,197,0.0791696699310884
10140,197,0.0874038501661475
10849,197,0.0414067870493766
11691,197,0.0818181670530683
11242,197,0.0558850562581723
30016,197,0.0769774013665614
11902,197,0.066996622800658
11451,197,0.0601280393295168
10266,197,0.0955306679326356
17033,197,0.0806952570909296
12413,197,0.11660516109012
10844,197,0.0880279773907591
10803,197,0.0491960378267043
12214,197,0.0663972295289465
11379,197,0.0536859862868306
10574,197,0.858310612360376
10938,197,0.0395346355480428
11802,197,0.0600142995742423
11926,197,0.0966933334403983
11925,197,0.0937113120865611
100127,197,0.0725908506674963
100413,197,0.0675604793675398
100416,197,0.0581329877628147
30046,197,0.0526295865826045
100912,197,0.0707231302853194
100917,197,0.0579499440069413
30012,197,0.0816653785592315
100948,197,0.0637651940751225
10906,197,0.0667400573859881
10297,197,0.085640660105159
100410,197,0.0665832016020624
11868,197,0.087664112968542
30023,197,0.05379760470538
30026,197,0.0869754402568896
30027,197,0.0557307751599061
101079,197,0.0586399609569536
11569,197,0.0561126636406889
11842,197,0.0928499689834199
12469,197,0.109670661459417
12475,197,0.0518502404922358
12699,197,0.0494476092927233
11977,197,0.0818173938511284
12694,197,0.0349837603222481
10919,197,0.0396572038299226
10918,197,0.0776925627395094
30010,197,0.0534034353239559
100424,197,0.0813918208560882
11209,197,0.0582410301610013
10264,197,0.0945660116459826
11785,197,0.0897636995255375
100129,197,0.0565589712432956
100906,197,0.0687448078114328
101211,197,0.0510429160068999
101034,197,0.0520572677337071
30007,197,0.0788041465009859
11049,197,0.86035804529339
30019,197,0.0559459996309793
30021,197,0.0566187616288996
100951,197,0.05634338316816
100418,197,0.0787538854862201
102678,197,0.0456529373074508
101019,197,0.0408964481294424
101021,197,0.193798530964034
101340,197,0.0598648698849415
30020,197,0.0579042213424115
101508,197,0.0897998733823716
101484,197,0.0624651078810012
100995,197,0.0566675927305979
102840,197,0.0555236369817393
100107,197,0.0737256314356194
100962,197,0.0514984049065881
100097,197,0.0703683753478428
30009,197,0.0583834541866277
101282,197,0.0652874408561267
100069,197,0.0666605252850091
11896,197,0.0814879745600349
11784,197,0.0528564509444952
12913,197,0.0670946595972208
11755,234,0.0880428953230233
12840,234,0.0586943206356168
9,234,0.0520405394690503
188,234,0.0492238820071354
8,234,0.0782250137717151
197,234,0.0532115598614754
234,234,1
10979,234,0.0491448881803227
11752,234,0.0496408262251921
35,234,0.533000915808509
238,234,0.0539270145988716
12670,234,0.052251850569933
12627,234,0.0535855343324947
10434,234,0.092783337752238
30008,234,0.0780989806439488
10980,234,0.0492132107849609
18033,234,0.0936825393070591
100079,234,0.0800675753145122
10140,234,0.101164582622036
10849,234,0.0420208795901381
11691,234,0.0955904010907423
11242,234,0.0816359967133223
30016,234,0.0857979835522972
11902,234,0.106237007046221
11451,234,0.0672165793367721
10266,234,0.100965409744097
17033,234,0.0926130236699513
12413,234,0.0494559465740536
10844,234,0.0943253766369475
10803,234,0.537403864566992
12214,234,0.0749044345275764
11379,234,0.0604442507800565
10574,234,0.0525292397500808
10938,234,0.0442281070383291
11802,234,0.0776026050182343
11926,234,0.0995384381605933
11925,234,0.0994499060971919
100127,234,0.0874231680614759
100413,234,0.106448653078677
100416,234,0.0705465824052777
30046,234,0.0502750707639708
100912,234,0.0867937246152947
100917,234,0.0715630430037543
30012,234,0.0976674944506085
100948,234,0.0841555122363358
10906,234,0.0746168141927119
10297,234,0.0987080475031786
100410,234,0.0917539421241654
11868,234,0.0842755188520297
30023,234,0.0545555276275091
30026,234,0.0979924304685943
30027,234,0.0715498007884847
101079,234,0.0830112845143796
11569,234,0.0663328755574136
11842,234,0.100265708015195
12469,234,0.0497894983691686
12475,234,0.0492238820071354
12699,234,0.0496489065752928
11977,234,0.0918249866529087
12694,234,0.0397950207101822
10919,234,0.0426093905702556
10918,234,0.0800252111562503
30010,234,0.0646231393858343
100424,234,0.0937229009936178
11209,234,0.0718165219936
10264,234,0.0985237944318727
11785,234,0.0952806509852446
100129,234,0.069556459236637
100906,234,0.0625925961348971
101211,234,0.510272424251551
101034,234,0.0893474298644667
30007,234,0.0873349921852736
11049,234,0.0529526492951329
30019,234,0.0680254516866421
30021,234,0.072220873040538
100951,234,0.0687605053608485
100418,234,0.0868780061333504
102678,234,0.0389718549259392
101019,234,0.0690596081543721
101021,234,0.0567322650637995
101340,234,0.0746941069186308
30020,234,0.0768446234812679
101508,234,0.0926575273722415
101484,234,0.111620808422726
100995,234,0.0784925590814237
102840,234,0.0790525080184358
100107,234,0.0953322974125625
100962,234,0.957744349876291
100097,234,0.0793680477119802
30009,234,0.0776444196129902
101282,234,0.101945028830542
100069,234,0.0924131334977556
11896,234,0.0914552740455515
11784,234,0.0511884753270272
12913,234,0.063401883101117
11755,10979,0.069844768445522
12840,10979,0.135848744928872
9,10979,0.0522505165160236
188,10979,0.0493886993857061
8,10979,0.0546973441035803
197,10979,0.114168025817652
234,10979,0.0491448881803227
10979,10979,1
11752,10979,0.312720931714257
35,10979,0.0500815077180086
238,10979,0.139209971989576
12670,10979,0.131699733331332
12627,10979,0.126118341594466
10434,10979,0.0700746297292796
30008,10979,0.0515393071906506
10980,10979,0.361967952458889
18033,10979,0.0689953260049817
100079,10979,0.0892965227449769
10140,10979,0.0750033616982053
10849,10979,0.0433377306965667
11691,10979,0.0742772031418153
11242,10979,0.0578209714067565
30016,10979,0.0666879649645121
11902,10979,0.0644967498784544
11451,10979,0.0569595100005319
10266,10979,0.106823083243471
17033,10979,0.0710106173827473
12413,10979,0.829411515816464
10844,10979,0.0909458380344342
10803,10979,0.0489748995874979
12214,10979,0.0633953780951862
11379,10979,0.0527532286325362
10574,10979,0.115145293171655
10938,10979,0.0383554393707922
11802,10979,0.0549512751521909
11926,10979,0.109634884504869
11925,10979,0.105329947635529
100127,10979,0.0654505123855573
100413,10979,0.0615134727502184
100416,10979,0.0522802582884819
30046,10979,0.0508354167484384
100912,10979,0.0647296011519373
100917,10979,0.0454349168093806
30012,10979,0.08014348403551
100948,10979,0.0630153588228818
10906,10979,0.0616157317992272
10297,10979,0.0729453426272179
100410,10979,0.0668364525715086
11868,10979,0.0835172909120382
30023,10979,0.0531485649700989
30026,10979,0.0889201438443285
30027,10979,0.0530582211948774
101079,10979,0.0487989983767187
11569,10979,0.0501399502727743
11842,10979,0.0764831433721578
12469,10979,0.34995197132937
12475,10979,0.0492438644901468
12699,10979,0.0481471683451537
11977,10979,0.0706860963118228
12694,10979,0.0319092082132248
10919,10979,0.0376801684966778
10918,10979,0.0694946118460788
30010,10979,0.0558518624080707
100424,10979,0.074565976707717
11209,10979,0.0563675956158329
10264,10979,0.108852147036778
11785,10979,0.0787740696850148
100129,10979,0.0523398756645228
100906,10979,0.0591965641606776
101211,10979,0.0480599769454832
101034,10979,0.0495776672694265
30007,10979,0.0711722089647907
11049,10979,0.114448138404084
30019,10979,0.05304692068986
30021,10979,0.0533900515843698
100951,10979,0.0549615661567481
100418,10979,0.0645101705896673
102678,10979,0.0432654564642574
101019,10979,0.039273207666596
101021,10979,0.135156618948679
101340,10979,0.0508783077425494
30020,10979,0.0542308660121942
101508,10979,0.0829288301155109
101484,10979,0.063554943792221
100995,10979,0.0599914124651254
102840,10979,0.0604217285849888
100107,10979,0.067505869226649
100962,10979,0.0505087850029222
100097,10979,0.0652978317222918
30009,10979,0.0543274658796313
101282,10979,0.0658163167893851
100069,10979,0.0629005884141682
11896,10979,0.070401494680786
11784,10979,0.0522665334190132
12913,10979,0.0604481093183288
11755,11752,0.0705489717620144
12840,11752,0.132978808563609
9,11752,0.0488378797556344
188,11752,0.0480727783775102
8,11752,0.0518766513601387
197,11752,0.107171829323378
234,11752,0.0496408262251921
10979,11752,0.312720931714257
11752,11752,1
35,11752,0.0519218192885313
238,11752,0.131703418742245
12670,11752,0.12841513179283
12627,11752,0.122961975635539
10434,11752,0.0694595519143442
30008,11752,0.0525627436789867
10980,11752,0.354128795382535
18033,11752,0.0688309457551204
100079,11752,0.0861102960514901
10140,11752,0.0740967048718421
10849,11752,0.0434486628021558
11691,11752,0.0749794964573213
11242,11752,0.0599623778189482
30016,11752,0.0619452005595985
11902,11752,0.0617136459114741
11451,11752,0.0529374384395849
10266,11752,0.0968298008124581
17033,11752,0.0703816489420992
12413,11752,0.314331229918379
10844,11752,0.082088807784583
10803,11752,0.0508394580142838
12214,11752,0.0554783018939272
11379,11752,0.0496388331784646
10574,11752,0.10563999065037
10938,11752,0.034894064749709
11802,11752,0.0522769377682579
11926,11752,0.0991176741244082
11925,11752,0.1008385849569
100127,11752,0.0631336696509444
100413,11752,0.0575736299950727
100416,11752,0.049217233962354
30046,11752,0.0468993829000034
100912,11752,0.0637527675669401
100917,11752,0.0459268711401012
30012,11752,0.0718822955562874
100948,11752,0.059458016060772
10906,11752,0.0566401636051038
10297,11752,0.0729706151321484
100410,11752,0.0636165539275584
11868,11752,0.0813454983850382
30023,11752,0.0498313534757542
30026,11752,0.0815961301122724
30027,11752,0.0504778523833875
101079,11752,0.0484121193026636
11569,11752,0.0473322258048137
11842,11752,0.0719357418607089
12469,11752,0.339385341183748
12475,11752,0.0479301291835116
12699,11752,0.0450495510399402
11977,11752,0.0700614011015784
12694,11752,0.0302472849091457
10919,11752,0.0324538142178883
10918,11752,0.0657897611750781
30010,11752,0.0501695009644238
100424,11752,0.0718875758656525
11209,11752,0.0523744839147896
10264,11752,0.0991821300086907
11785,11752,0.0780311836827876
100129,11752,0.0486136219939536
100906,11752,0.0536329450274073
101211,11752,0.0505845498265924
101034,11752,0.0467217434983114
30007,11752,0.0670109258417303
11049,11752,0.106649015276765
30019,11752,0.0490703179287879
30021,11752,0.0493182347365021
100951,11752,0.0582809556556539
100418,11752,0.0653577625554163
102678,11752,0.0431641566279002
101019,11752,0.0374123218895086
101021,11752,0.130493977611937
101340,11752,0.0504358967317834
30020,11752,0.0507909978485231
101508,11752,0.0772935395098392
101484,11752,0.0641520870362788
100995,11752,0.0590860828251389
102840,11752,0.0595099050499285
100107,11752,0.0642205320036688
100962,11752,0.0513910718728967
100097,11752,0.0609275586097973
30009,11752,0.0510606163896224
101282,11752,0.0662171284010126
100069,11752,0.0646605994299316
11896,11752,0.0697793146649718
11784,11752,0.0482785957728975
12913,11752,0.0543720606800027
11755,35,0.0877005828047187
12840,35,0.0618759895634639
9,35,0.0504174540235161
188,35,0.0508791319169843
8,35,0.0727381265165843
197,35,0.0513456521219526
234,35,0.533000915808509
10979,35,0.0500815077180086
11752,35,0.0519218192885313
35,35,1
238,35,0.0589109009212606
12670,35,0.0581506005324426
12627,35,0.053554066146787
10434,35,0.0902328075897793
30008,35,0.076635219205821
10980,35,0.0484875807696128
18033,35,0.0900641478092008
100079,35,0.0769929115489756
10140,35,0.0987472041791074
10849,35,0.0399453056921215
11691,35,0.0938608977007784
11242,35,0.0739281754099436
30016,35,0.0837033147038158
11902,35,0.104314454595503
11451,35,0.0661125358275864
10266,35,0.0939993371566801
17033,35,0.0904986737063996
12413,35,0.0503913956527546
10844,35,0.0913477923125872
10803,35,0.944039621883091
12214,35,0.0699914746369753
11379,35,0.0600605775416783
10574,35,0.0502059379902314
10938,35,0.0439473666728561
11802,35,0.072716716548686
11926,35,0.097659141609876
11925,35,0.0964956000717025
100127,35,0.0892691257809508
100413,35,0.106122050032919
100416,35,0.0697786982839673
30046,35,0.0508926209659616
100912,35,0.0865823351979287
100917,35,0.0739266235570521
30012,35,0.100857725341081
100948,35,0.0837818320430974
10906,35,0.0717514643429516
10297,35,0.09475293524602
100410,35,0.085138118881812
11868,35,0.0837405753161818
30023,35,0.0556031851019995
30026,35,0.0957200720054813
30027,35,0.069660969185456
101079,35,0.0814511586892276
11569,35,0.0699535867354151
11842,35,0.0980690760199052
12469,35,0.0479659553107673
12475,35,0.0508791319169843
12699,35,0.0491963374467325
11977,35,0.0888467445345887
12694,35,0.0399785492343637
10919,35,0.0410065813006803
10918,35,0.0769002233759221
30010,35,0.0659613125601193
100424,35,0.0880999526737677
11209,35,0.0690016324625173
10264,35,0.0919225637321644
11785,35,0.0953348484100468
100129,35,0.0712044673647368
100906,35,0.0593749748497169
101211,35,0.469305253151865
101034,35,0.0894725360847359
30007,35,0.086601699341675
11049,35,0.0506223169281507
30019,35,0.0707229922968535
30021,35,0.0762677127717413
100951,35,0.0679347334413456
100418,35,0.0799467524460758
102678,35,0.0391321050064537
101019,35,0.0686212484566379
101021,35,0.0612178977457768
101340,35,0.0724566562225676
30020,35,0.0768411408710833
101508,35,0.0891140651855903
101484,35,0.108015962083778
100995,35,0.0743258785541852
102840,35,0.0742487515427893
100107,35,0.0893301410082234
100962,35,0.524306931190978
100097,35,0.0823954899032815
30009,35,0.0745798484362028
101282,35,0.102328075510069
100069,35,0.0875555343265835
11896,35,0.0884890231476938
11784,35,0.0504337207896836
12913,35,0.061054085368063
11755,238,0.0919020953404423
12840,238,0.312028037079767
9,238,0.0573446257860687
188,238,0.0551002500952792
8,238,0.0665361693493042
197,238,0.205373641780355
234,238,0.0539270145988716
10979,238,0.139209971989576
11752,238,0.131703418742245
35,238,0.0589109009212606
238,238,1
12670,238,0.207422551472143
12627,238,0.2185181768993
10434,238,0.0888418802926974
30008,238,0.0630560975615233
10980,238,0.136739152673177
18033,238,0.0911450835979792
100079,238,0.0937529672350434
10140,238,0.0952406869105968
10849,238,0.0509616731932472
11691,238,0.0907220839464043
11242,238,0.0605237828368055
30016,238,0.0775854121799132
11902,238,0.071829459429567
11451,238,0.0578214111273987
10266,238,0.111429806460618
17033,238,0.089934692772531
12413,238,0.14346029603474
10844,238,0.0929734884856365
10803,238,0.0585965528984341
12214,238,0.0715784146119143
11379,238,0.0592794949164037
10574,238,0.206997469497172
10938,238,0.0413973176468475
11802,238,0.0666551611034067
11926,238,0.117294968691524
11925,238,0.112687096907898
100127,238,0.0850425021623291
100413,238,0.0677987609345599
100416,238,0.0579452728495789
30046,238,0.0555863761406297
100912,238,0.068386927364667
100917,238,0.0508722179725401
30012,238,0.0959267137293507
100948,238,0.0673475946267752
10906,238,0.0798085517438626
10297,238,0.0933784388425125
100410,238,0.0675109641563862
11868,238,0.095549882328821
30023,238,0.062947663498616
30026,238,0.101189326365581
30027,238,0.0647861942340237
101079,238,0.0551216339148516
11569,238,0.0575878212168427
11842,238,0.0959286981401626
12469,238,0.134069474751527
12475,238,0.0551002500952792
12699,238,0.052555131030375
11977,238,0.0895468207335631
12694,238,0.0453150412129507
10919,238,0.0443699049657906
10918,238,0.0726449499759344
30010,238,0.056403700577431
100424,238,0.0822952885041408
11209,238,0.0646947878276182
10264,238,0.116736024541891
11785,238,0.0982303016451717
100129,238,0.0572314382753896
100906,238,0.0640649723659983
101211,238,0.055746528122734
101034,238,0.0570566925946578
30007,238,0.0815153399489254
11049,238,0.204874527259655
30019,238,0.0607773692736903
30021,238,0.0611499826156848
100951,238,0.0634760725426871
100418,238,0.0700323612547401
102678,238,0.051475728326199
101019,238,0.0420705119020123
101021,238,0.313323099418289
101340,238,0.0649577911491741
30020,238,0.0615444176418671
101508,238,0.0937547599658406
101484,238,0.0672000000389389
100995,238,0.0613809862354877
102840,238,0.0616993311752343
100107,238,0.081883715642009
100962,238,0.0540678836195497
100097,238,0.0682066693717076
30009,238,0.0635904869726551
101282,238,0.0771888391226203
100069,238,0.0731791423095499
11896,238,0.0891862806476811
11784,238,0.0570283918506226
12913,238,0.0708641132786581
11755,12670,0.0840272062763776
12840,12670,0.199955064057272
9,12670,0.0593168054797481
188,12670,0.0587081643587847
8,12670,0.066575687470535
197,12670,0.160121561167685
234,12670,0.052251850569933
10979,12670,0.131699733331332
11752,12670,0.12841513179283
35,12670,0.0581506005324426
238,12670,0.207422551472143
12670,12670,1
12627,12670,0.173618511596697
10434,12670,0.0845739467023346
30008,12670,0.0541808663912028
10980,12670,0.13027794203457
18033,12670,0.0853463275438835
100079,12670,0.0893934766957287
10140,12670,0.0905832618819751
10849,12670,0.0456125939711608
11691,12670,0.0820698904731286
11242,12670,0.0612050845732153
30016,12670,0.0726558700881933
11902,12670,0.0668652424679576
11451,12670,0.0549812760372139
10266,12670,0.105081499412207
17033,12670,0.0856538378792765
12413,12670,0.1331023852062
10844,12670,0.0962600152155381
10803,12670,0.0560765856217973
12214,12670,0.0684551958899672
11379,12670,0.0543702181417831
10574,12670,0.159477887089368
10938,12670,0.0420396012843132
11802,12670,0.066694749897936
11926,12670,0.108909129998792
11925,12670,0.0996635436287972
100127,12670,0.0782185268367954
100413,12670,0.0619295544576964
100416,12670,0.0507075177211194
30046,12670,0.0492769216781282
100912,12670,0.0684956121607567
100917,12670,0.050353619442945
30012,12670,0.0851081889944265
100948,12670,0.0628518412927638
10906,12670,0.0723726391707602
10297,12670,0.0887399978320512
100410,12670,0.0650328528796685
11868,12670,0.0900468498464038
30023,12670,0.0571597506867089
30026,12670,0.0909253663566727
30027,12670,0.0520194175113952
101079,12670,0.0570118383210893
11569,12670,0.0494375548649067
11842,12670,0.0928348925416523
12469,12670,0.131076492498002
12475,12670,0.0585413798009473
12699,12670,0.0551177094273427
11977,12670,0.0837242145531344
12694,12670,0.0374350817350958
10919,12670,0.0402285142056298
10918,12670,0.0709488569990332
30010,12670,0.0490387346886558
100424,12670,0.0791216223852703
11209,12670,0.0659598376790765
10264,12670,0.112208932500038
11785,12670,0.0922762481773032
100129,12670,0.0516889276517868
100906,12670,0.0623550202958229
101211,12670,0.0513785410165341
101034,12670,0.04867122375668
30007,12670,0.0743145431491303
11049,12670,0.16019002393793
30019,12670,0.0514312023423625
30021,12670,0.0519345054326969
100951,12670,0.0628289885507354
100418,12670,0.0714476769410536
102678,12670,0.0532082993165468
101019,12670,0.0423830333690837
101021,12670,0.19627449735751
101340,12670,0.0582084446946696
30020,12670,0.0517220025377005
101508,12670,0.0906408942550006
101484,12670,0.0683345118143526
100995,12670,0.0558342730684675
102840,12670,0.0559654068795802
100107,12670,0.0819323491992638
100962,12670,0.0519144113783775
100097,12670,0.0719345191470267
30009,12670,0.0543592043570452
101282,12670,0.0706972851906361
100069,12670,0.0737001959418623
11896,12670,0.0833871178783657
11784,12670,0.0593373967191776
12913,12670,0.0639266259304534
11755,12627,0.0878790977087506
12840,12627,0.194838148681707
9,12627,0.0538463683858048
188,12627,0.0518826159131752
8,12627,0.0622366709451228
197,12627,0.385759457459074
234,12627,0.0535855343324947
10979,12627,0.126118341594466
11752,12627,0.122961975635539
35,12627,0.053554066146787
238,12627,0.2185181768993
12670,12627,0.173618511596697
12627,12627,1
10434,12627,0.087451456052301
30008,12627,0.0575214803480455
10980,12627,0.123015597730983
18033,12627,0.0826984227904182
100079,12627,0.0861875986759048
10140,12627,0.0925978817457598
10849,12627,0.0440651168907224
11691,12627,0.090354629454771
11242,12627,0.0607412067883045
30016,12627,0.0799643260981788
11902,12627,0.0686851378109969
11451,12627,0.056998697109541
10266,12627,0.100307919520735
17033,12627,0.0862478114895498
12413,12627,0.130814670098808
10844,12627,0.0919034052263581
10803,12627,0.05247148698304
12214,12627,0.0668264487286827
11379,12627,0.0520635229790315
10574,12627,0.383589110915744
10938,12627,0.0445547227730291
11802,12627,0.0625216448108069
11926,12627,0.0999024351145531
11925,12627,0.0964871613014663
100127,12627,0.0810695672697953
100413,12627,0.067832312156345
100416,12627,0.0550417837668101
30046,12627,0.0517213594275926
100912,12627,0.0760975627041674
100917,12627,0.0524457095507295
30012,12627,0.0917275391542819
100948,12627,0.0653194581998112
10906,12627,0.0699172865890062
10297,12627,0.0905627634656333
100410,12627,0.0685904141317931
11868,12627,0.0885361070344101
30023,12627,0.0585941194537718
30026,12627,0.0970300605927777
30027,12627,0.0555541529334937
101079,12627,0.051326818460168
11569,12627,0.0550669247398753
11842,12627,0.0917294366978687
12469,12627,0.120973612657085
12475,12627,0.0517214897767988
12699,12627,0.0508846906252226
11977,12627,0.0873744130842558
12694,12627,0.0369983351123791
10919,12627,0.0434458832756476
10918,12627,0.0761575648968606
30010,12627,0.0517480993581746
100424,12627,0.0814495821970595
11209,12627,0.0627079051863312
10264,12627,0.0987305122924376
11785,12627,0.0946857594096246
100129,12627,0.0545418792916287
100906,12627,0.0650042394192683
101211,12627,0.0534658334212877
101034,12627,0.0531702704563624
30007,12627,0.0791777630907541
11049,12627,0.382140155374626
30019,12627,0.0554262559570007
30021,12627,0.0545995373416732
100951,12627,0.063821550783521
100418,12627,0.0758803645679078
102678,12627,0.0482877853156221
101019,12627,0.0429744742492006
101021,12627,0.197207614791752
101340,12627,0.0595414949241109
30020,12627,0.0573698106286805
101508,12627,0.0959053596426476
101484,12627,0.0673833574420754
100995,12627,0.0605225195556882
102840,12627,0.0591811118447301
100107,12627,0.0768058241914166
100962,12627,0.0515462781473506
100097,12627,0.0699438300077004
30009,12627,0.0563845103487783
101282,12627,0.0738099116255595
100069,12627,0.0687516731689118
11896,12627,0.0870226197080172
11784,12627,0.053710719469471
12913,12627,0.0698206434228351
11755,10434,0.668901009156921
12840,10434,0.0938974626600539
9,10434,0.0844143817549982
188,10434,0.0898802439684012
8,10434,0.220830775041034
197,10434,0.0811473356400109
234,10434,0.092783337752238
10979,10434,0.0700746297292796
11752,10434,0.0694595519143442
35,10434,0.0902328075897793
238,10434,0.0888418802926974
12670,10434,0.0845739467023346
12627,10434,0.087451456052301
10434,10434,1
30008,10434,0.137912852578003
10980,10434,0.0724781731396009
18033,10434,0.736743731298159
100079,10434,0.091408839187394
10140,10434,0.522354365310158
10849,10434,0.0690625063389933
11691,10434,0.514763446220544
11242,10434,0.12474748273585
30016,10434,0.218011668664175
11902,10434,0.109123038437836
11451,10434,0.0833457798539509
10266,10434,0.109797976989304
17033,10434,0.937687686646684
12413,10434,0.0721424386493738
10844,10434,0.266122076435834
10803,10434,0.0902765344327063
12214,10434,0.142049905918115
11379,10434,0.0828787097093775
10574,10434,0.0815291968664185
10938,10434,0.0626788926979505
11802,10434,0.220735181092605
11926,10434,0.109058662856493
11925,10434,0.12034917196818
100127,10434,0.644876969249002
100413,10434,0.109640195650577
100416,10434,0.132919825935921
30046,10434,0.1190403374222
100912,10434,0.100594961508934
100917,10434,0.090702391352388
30012,10434,0.417282835078149
100948,10434,0.0982216384042998
10906,10434,0.132619111662336
10297,10434,0.519121085194758
100410,10434,0.108802966163629
11868,10434,0.230073629153066
30023,10434,0.116849581839752
30026,10434,0.353446751395724
30027,10434,0.136004950047556
101079,10434,0.0936723526528793
11569,10434,0.133385729219315
11842,10434,0.518888825000293
12469,10434,0.0712206792148345
12475,10434,0.0901077888898402
12699,10434,0.0905482745328725
11977,10434,0.982549297544316
12694,10434,0.0647236580447708
10919,10434,0.0730987008875939
10918,10434,0.244433950251804
30010,10434,0.129690377195114
100424,10434,0.288091907047794
11209,10434,0.21268028865427
10264,10434,0.110689408178177
11785,10434,0.535578269002143
100129,10434,0.138436679137887
100906,10434,0.0862728053884661
101211,10434,0.0901555939507114
101034,10434,0.0904977436749545
30007,10434,0.17177967246961
11049,10434,0.081707138491658
30019,10434,0.135269372140613
30021,10434,0.141187969277461
100951,10434,0.1074624783602
100418,10434,0.256924515640612
102678,10434,0.0756719960211721
101019,10434,0.0804132479841936
101021,10434,0.0899567318036886
101340,10434,0.134173398711201
30020,10434,0.137731567877806
101508,10434,0.319827637231976
101484,10434,0.103434631753901
100995,10434,0.115424415080668
102840,10434,0.117368258374419
100107,10434,0.241036489585673
100962,10434,0.0920314636196791
100097,10434,0.250274378723087
30009,10434,0.139477556424638
101282,10434,0.101733891334414
100069,10434,0.148087241565579
11896,10434,0.969815088359467
11784,10434,0.083737805027213
12913,10434,0.0879421777671959
11755,30008,0.13754031519118
12840,30008,0.0606002492653111
9,30008,0.0858975999619416
188,30008,0.0874188662312918
8,30008,0.0931508544623205
197,30008,0.0626321315362115
234,30008,0.0780989806439488
10979,30008,0.0515393071906506
11752,30008,0.0525627436789867
35,30008,0.076635219205821
238,30008,0.0630560975615233
12670,30008,0.0541808663912028
12627,30008,0.0575214803480455
10434,30008,0.137912852578003
30008,30008,1
10980,30008,0.0521652898246505
18033,30008,0.136405912045305
100079,30008,0.0712825911833013
10140,30008,0.137487124799807
10849,30008,0.0545548677753379
11691,30008,0.134819538781392
11242,30008,0.0983365210580996
30016,30008,0.107045034056553
11902,30008,0.0985136114741166
11451,30008,0.0772818723683085
10266,30008,0.0812765018450021
17033,30008,0.136679221377008
12413,30008,0.0527370355312647
10844,30008,0.122871395578785
10803,30008,0.0760489723852972
12214,30008,0.124005150402467
11379,30008,0.0679518243938753
10574,30008,0.0620018476092125
10938,30008,0.0610866902627031
11802,30008,0.093862097645176
11926,30008,0.0839327753704825
