Var1,Var2,Freq
11755,11755,1
12840,11755,0.421052631578947
9,11755,0.365079365079365
188,11755,0.393129770992366
8,11755,0.440180586907449
197,11755,0.407185628742515
234,11755,0.355633802816901
10979,11755,0.374269005847953
11752,11755,0.404907975460123
35,11755,0.352739726027397
238,11755,0.417647058823529
12670,11755,0.417177914110429
12627,11755,0.341346153846154
10434,11755,0.752620545073375
30008,11755,0.443181818181818
10980,11755,0.391812865497076
18033,11755,0.725274725274725
100079,11755,0.368965517241379
10140,11755,0.628062360801782
10849,11755,0.365313653136531
11691,11755,0.63677130044843
11242,11755,0.378181818181818
30016,11755,0.381201044386423
11902,11755,0.352313167259787
11451,11755,0.380769230769231
10266,11755,0.363945578231293
17033,11755,0.754716981132076
12413,11755,0.38728323699422
10844,11755,0.383408071748879
10803,11755,0.356164383561644
12214,11755,0.4
11379,11755,0.367816091954023
10574,11755,0.401197604790419
10938,11755,0.318181818181818
11802,11755,0.443693693693694
11926,11755,0.357377049180328
11925,11755,0.372549019607843
100127,11755,0.706864564007421
100413,11755,0.340350877192982
100416,11755,0.425373134328358
30046,11755,0.458333333333333
100912,11755,0.344947735191638
100917,11755,0.36328125
30012,11755,0.538961038961039
100948,11755,0.363636363636364
10906,11755,0.372093023255814
10297,11755,0.609071274298056
100410,11755,0.364238410596027
11868,11755,0.358490566037736
30023,11755,0.409774436090226
30026,11755,0.433035714285714
30027,11755,0.428571428571429
101079,11755,0.373913043478261
11569,11755,0.436567164179104
11842,11755,0.627232142857143
12469,11755,0.391812865497076
12475,11755,0.393129770992366
12699,11755,0.38996138996139
11977,11755,0.688888888888889
12694,11755,0.332142857142857
10919,11755,0.320284697508897
10918,11755,0.37129840546697
30010,11755,0.417582417582418
100424,11755,0.400462962962963
11209,11755,0.440789473684211
10264,11755,0.353951890034364
11785,11755,0.63771186440678
100129,11755,0.425373134328358
100906,11755,0.427672955974843
101211,11755,0.365591397849462
101034,11755,0.334437086092715
30007,11755,0.389473684210526
11049,11755,0.401197604790419
30019,11755,0.43609022556391
30021,11755,0.43609022556391
100951,11755,0.319702602230483
100418,11755,0.387527839643653
102678,11755,0.36078431372549
101019,11755,0.429602888086643
101021,11755,0.403614457831325
101340,11755,0.458498023715415
30020,11755,0.425373134328358
101508,11755,0.4337899543379
101484,11755,0.388888888888889
100995,11755,0.382022471910112
102840,11755,0.382022471910112
100107,11755,0.442455242966752
100962,11755,0.350877192982456
100097,11755,0.377574370709382
30009,11755,0.43609022556391
101282,11755,0.444444444444444
100069,11755,0.377604166666667
11896,11755,0.743271221532091
11784,11755,0.361111111111111
12913,11755,0.4125
11755,12840,0.421052631578947
12840,12840,1
9,12840,0.375757575757576
188,12840,0.379888268156425
8,12840,0.419753086419753
197,12840,0.343975283213182
234,12840,0.395348837209302
10979,12840,0.411016949152542
11752,12840,0.481081081081081
35,12840,0.432926829268293
238,12840,0.417297297297297
12670,12840,0.427549194991055
12627,12840,0.340021119324182
10434,12840,0.409356725146199
30008,12840,0.34020618556701
10980,12840,0.434497816593886
18033,12840,0.421052631578947
100079,12840,0.394255874673629
10140,12840,0.415204678362573
10849,12840,0.350877192982456
11691,12840,0.406976744186047
11242,12840,0.38150289017341
30016,12840,0.411428571428571
11902,12840,0.437125748502994
11451,12840,0.433962264150943
10266,12840,0.434782608695652
17033,12840,0.403508771929825
12413,12840,0.416666666666667
10844,12840,0.427631578947368
10803,12840,0.416184971098266
12214,12840,0.416666666666667
11379,12840,0.402116402116402
10574,12840,0.343815513626834
10938,12840,0.353293413173653
11802,12840,0.396739130434783
11926,12840,0.437673130193906
11925,12840,0.410994764397906
100127,12840,0.403508771929825
100413,12840,0.397590361445783
100416,12840,0.376623376623377
30046,12840,0.354651162790698
100912,12840,0.422077922077922
100917,12840,0.37125748502994
30012,12840,0.391534391534392
100948,12840,0.403846153846154
10906,12840,0.392638036809816
10297,12840,0.415204678362573
100410,12840,0.420382165605096
11868,12840,0.425
30023,12840,0.408284023668639
30026,12840,0.424242424242424
30027,12840,0.377906976744186
101079,12840,0.348066298342541
11569,12840,0.383116883116883
11842,12840,0.421052631578947
12469,12840,0.432314410480349
12475,12840,0.379888268156425
12699,12840,0.36969696969697
11977,12840,0.415204678362573
12694,12840,0.346590909090909
10919,12840,0.339181286549708
10918,12840,0.385093167701863
30010,12840,0.309278350515464
100424,12840,0.348837209302326
11209,12840,0.450331125827815
10264,12840,0.428985507246377
11785,12840,0.43859649122807
100129,12840,0.357142857142857
100906,12840,0.477707006369427
101211,12840,0.365853658536585
101034,12840,0.382857142857143
30007,12840,0.464968152866242
11049,12840,0.345995893223819
30019,12840,0.369942196531792
30021,12840,0.364161849710983
100951,12840,0.357575757575758
100418,12840,0.367088607594937
102678,12840,0.36969696969697
101019,12840,0.447058823529412
101021,12840,0.747701736465781
101340,12840,0.377483443708609
30020,12840,0.37012987012987
101508,12840,0.425925925925926
101484,12840,0.473684210526316
100995,12840,0.372781065088757
102840,12840,0.366863905325444
100107,12840,0.36150234741784
100962,12840,0.377906976744186
100097,12840,0.339080459770115
30009,12840,0.398692810457516
101282,12840,0.358823529411765
100069,12840,0.422857142857143
11896,12840,0.415204678362573
11784,12840,0.375757575757576
12913,12840,0.461077844311377
11755,9,0.365079365079365
12840,9,0.375757575757576
9,9,1
188,9,0.548732943469786
8,9,0.388888888888889
197,9,0.38150289017341
234,9,0.31974921630094
10979,9,0.419753086419753
11752,9,0.418300653594771
35,9,0.366037735849057
238,9,0.383233532934132
12670,9,0.447368421052632
12627,9,0.434210526315789
10434,9,0.373493975903614
30008,9,0.334231805929919
10980,9,0.407407407407407
18033,9,0.373983739837398
100079,9,0.363321799307958
10140,9,0.357142857142857
10849,9,0.364620938628159
11691,9,0.353846153846154
11242,9,0.382239382239382
30016,9,0.338461538461538
11902,9,0.326241134751773
11451,9,0.39922480620155
10266,9,0.421686746987952
17033,9,0.377510040160643
12413,9,0.407185628742515
10844,9,0.35632183908046
10803,9,0.347169811320755
12214,9,0.395918367346939
11379,9,0.373076923076923
10574,9,0.375722543352601
10938,9,0.327464788732394
11802,9,0.388888888888889
11926,9,0.416184971098266
11925,9,0.424418604651163
100127,9,0.354838709677419
100413,9,0.315602836879433
100416,9,0.349315068493151
30046,9,0.34051724137931
100912,9,0.369175627240143
100917,9,0.338645418326693
30012,9,0.351145038167939
100948,9,0.365671641791045
10906,9,0.431451612903226
10297,9,0.357142857142857
100410,9,0.367816091954023
11868,9,0.33969465648855
30023,9,0.401459854014599
30026,9,0.3515625
30027,9,0.366197183098592
101079,9,0.34156378600823
11569,9,0.377622377622378
11842,9,0.347985347985348
12469,9,0.41358024691358
12475,9,0.551420176297747
12699,9,0.562260536398468
11977,9,0.373493975903614
12694,9,0.338870431893688
10919,9,0.335714285714286
10918,9,0.33955223880597
30010,9,0.350877192982456
100424,9,0.352059925093633
11209,9,0.403703703703704
10264,9,0.412790697674419
11785,9,0.357976653696498
100129,9,0.356164383561644
100906,9,0.328571428571429
101211,9,0.359712230215827
101034,9,0.295454545454545
30007,9,0.361538461538462
11049,9,0.375722543352601
30019,9,0.373239436619718
30021,9,0.372881355932203
100951,9,0.36996336996337
100418,9,0.338461538461538
102678,9,0.472852912142152
101019,9,0.370229007633588
101021,9,0.375757575757576
101340,9,0.383512544802867
30020,9,0.384615384615385
101508,9,0.352112676056338
101484,9,0.341911764705882
100995,9,0.377952755905512
102840,9,0.377952755905512
100107,9,0.388888888888889
100962,9,0.356060606060606
100097,9,0.353174603174603
30009,9,0.372413793103448
101282,9,0.406896551724138
100069,9,0.328185328185328
11896,9,0.373493975903614
11784,9,0.903465346534653
12913,9,0.322147651006711
11755,188,0.393129770992366
12840,188,0.379888268156425
9,188,0.548732943469786
188,188,1
8,188,0.394366197183099
197,188,0.420731707317073
234,188,0.367424242424242
10979,188,0.426751592356688
11752,188,0.430379746835443
35,188,0.375912408759124
238,188,0.411392405063291
12670,188,0.448484848484848
12627,188,0.432098765432099
10434,188,0.4
30008,188,0.355742296918768
10980,188,0.414634146341463
18033,188,0.389312977099237
100079,188,0.349544072948328
10140,188,0.373540856031128
10849,188,0.379061371841155
11691,188,0.396946564885496
11242,188,0.392086330935252
30016,188,0.340996168582375
11902,188,0.421052631578947
11451,188,0.426356589147287
10266,188,0.457317073170732
17033,188,0.403846153846154
12413,188,0.408284023668639
10844,188,0.367816091954023
10803,188,0.374074074074074
12214,188,0.395918367346939
11379,188,0.404580152671756
10574,188,0.414634146341463
10938,188,0.332129963898917
11802,188,0.394366197183099
11926,188,0.450867052023121
11925,188,0.411458333333333
100127,188,0.396
100413,188,0.325088339222615
100416,188,0.32741116751269
30046,188,0.362068965517241
100912,188,0.329032258064516
100917,188,0.344
30012,188,0.354961832061069
100948,188,0.338983050847458
10906,188,0.423387096774194
10297,188,0.377431906614786
100410,188,0.348659003831418
11868,188,0.33969465648855
30023,188,0.394160583941606
30026,188,0.348659003831418
30027,188,0.364548494983278
101079,188,0.349593495934959
11569,188,0.394366197183099
11842,188,0.352517985611511
12469,188,0.420731707317073
12475,188,0.879872712808274
12699,188,0.491482112436116
11977,188,0.4
12694,188,0.322259136212625
10919,188,0.317857142857143
10918,188,0.361940298507463
30010,188,0.368613138686131
100424,188,0.370786516853933
11209,188,0.425925925925926
10264,188,0.4625
11785,188,0.354961832061069
100129,188,0.382059800664452
100906,188,0.331103678929766
101211,188,0.343971631205674
101034,188,0.382022471910112
30007,188,0.355555555555556
11049,188,0.414634146341463
30019,188,0.375862068965517
30021,188,0.345505617977528
100951,188,0.359848484848485
100418,188,0.355311355311355
102678,188,0.475946775844422
101019,188,0.377862595419847
101021,188,0.397590361445783
101340,188,0.377777777777778
30020,188,0.388704318936877
101508,188,0.363036303630363
101484,188,0.333333333333333
100995,188,0.397637795275591
102840,188,0.397637795275591
100107,188,0.394366197183099
100962,188,0.363636363636364
100097,188,0.35408560311284
30009,188,0.371527777777778
101282,188,0.394736842105263
100069,188,0.346863468634686
11896,188,0.4
11784,188,0.551219512195122
12913,188,0.335570469798658
11755,8,0.440180586907449
12840,8,0.419753086419753
9,8,0.388888888888889
188,8,0.394366197183099
8,8,1
197,8,0.407407407407407
234,8,0.435897435897436
10979,8,0.388571428571429
11752,8,0.394117647058824
35,8,0.402930402930403
238,8,0.408536585365854
12670,8,0.447368421052632
12627,8,0.386740331491713
10434,8,0.435555555555556
30008,8,0.412213740458015
10980,8,0.401197604790419
18033,8,0.44920993227991
100079,8,0.385665529010239
10140,8,0.440180586907449
10849,8,0.353790613718412
11691,8,0.413186813186813
11242,8,0.402135231316726
30016,8,0.395833333333333
11902,8,0.360424028268551
11451,8,0.409266409266409
10266,8,0.392982456140351
17033,8,0.431111111111111
12413,8,0.393258426966292
10844,8,0.40045766590389
10803,8,0.391941391941392
12214,8,0.389105058365759
11379,8,0.37984496124031
10574,8,0.401234567901235
10938,8,0.35191637630662
11802,8,0.873897707231041
11926,8,0.37953795379538
11925,8,0.426829268292683
100127,8,0.438053097345133
100413,8,0.368600682593857
100416,8,0.389090909090909
30046,8,0.402061855670103
100912,8,0.415770609318996
100917,8,0.390804597701149
30012,8,0.424892703862661
100948,8,0.438848920863309
10906,8,0.425287356321839
10297,8,0.432967032967033
100410,8,0.420689655172414
11868,8,0.396694214876033
30023,8,0.413127413127413
30026,8,0.383371824480369
30027,8,0.392592592592593
101079,8,0.430327868852459
11569,8,0.408088235294118
11842,8,0.418708240534521
12469,8,0.401197604790419
12475,8,0.390845070422535
12699,8,0.397887323943662
11977,8,0.433333333333333
12694,8,0.33
10919,8,0.344827586206897
10918,8,0.368778280542986
30010,8,0.388888888888889
100424,8,0.4
11209,8,0.539345711759505
10264,8,0.410526315789474
11785,8,0.436651583710407
100129,8,0.389473684210526
100906,8,0.430147058823529
101211,8,0.385852090032154
101034,8,0.367549668874172
30007,8,0.405913978494624
11049,8,0.407407407407407
30019,8,0.402930402930403
30021,8,0.413793103448276
100951,8,0.371541501976285
100418,8,0.390243902439024
102678,8,0.329787234042553
101019,8,0.407272727272727
101021,8,0.421052631578947
101340,8,0.404494382022472
30020,8,0.415441176470588
101508,8,0.394618834080718
101484,8,0.371024734982332
100995,8,0.386138613861386
102840,8,0.382838283828383
100107,8,0.654901960784314
100962,8,0.437956204379562
100097,8,0.416666666666667
30009,8,0.409961685823755
101282,8,0.386138613861386
100069,8,0.378306878306878
11896,8,0.432017543859649
11784,8,0.392592592592593
12913,8,0.390070921985816
11755,197,0.407185628742515
12840,197,0.343975283213182
9,197,0.38150289017341
188,197,0.420731707317073
8,197,0.407407407407407
197,197,1
234,197,0.376404494382022
10979,197,0.431654676258993
11752,197,0.383697813121272
35,197,0.396341463414634
238,197,0.380577427821522
12670,197,0.42914979757085
12627,197,0.472448979591837
10434,197,0.407407407407407
30008,197,0.413173652694611
10980,197,0.413793103448276
18033,197,0.383233532934132
100079,197,0.440860215053763
10140,197,0.438271604938272
10849,197,0.369942196531792
11691,197,0.422619047619048
11242,197,0.379120879120879
30016,197,0.451219512195122
11902,197,0.426829268292683
11451,197,0.420792079207921
10266,197,0.51685393258427
17033,197,0.407407407407407
12413,197,0.428240740740741
10844,197,0.421383647798742
10803,197,0.378048780487805
12214,197,0.382716049382716
11379,197,0.418994413407821
10574,197,0.853526220614828
10938,197,0.303030303030303
11802,197,0.401197604790419
11926,197,0.505555555555556
11925,197,0.486338797814208
100127,197,0.421686746987952
100413,197,0.420118343195266
100416,197,0.380952380952381
30046,197,0.353293413173653
100912,197,0.418079096045198
100917,197,0.392857142857143
30012,197,0.443037974683544
100948,197,0.4375
10906,197,0.405063291139241
10297,197,0.432098765432099
100410,197,0.43125
11868,197,0.433734939759036
30023,197,0.411764705882353
30026,197,0.432098765432099
30027,197,0.367469879518072
101079,197,0.390532544378698
11569,197,0.380952380952381
11842,197,0.471337579617834
12469,197,0.411494252873563
12475,197,0.420731707317073
12699,197,0.40251572327044
11977,197,0.41358024691358
12694,197,0.329545454545455
10919,197,0.317073170731707
10918,197,0.417177914110429
30010,197,0.37125748502994
100424,197,0.431372549019608
11209,197,0.43046357615894
10264,197,0.49438202247191
11785,197,0.445859872611465
100129,197,0.363095238095238
100906,197,0.494047619047619
101211,197,0.373493975903614
101034,197,0.376404494382022
30007,197,0.503184713375796
11049,197,0.858047016274864
30019,197,0.37125748502994
30021,197,0.359281437125749
100951,197,0.344827586206897
100418,197,0.43125
102678,197,0.401315789473684
101019,197,0.418181818181818
101021,197,0.348373557187828
101340,197,0.41358024691358
30020,197,0.375
101508,197,0.447204968944099
101484,197,0.398876404494382
100995,197,0.403726708074534
102840,197,0.397515527950311
100107,197,0.401197604790419
100962,197,0.407643312101911
100097,197,0.412903225806452
30009,197,0.383233532934132
101282,197,0.409638554216867
100069,197,0.409356725146199
11896,197,0.41358024691358
11784,197,0.38150289017341
12913,197,0.459302325581395
11755,234,0.355633802816901
12840,234,0.395348837209302
9,234,0.31974921630094
188,234,0.367424242424242
8,234,0.435897435897436
197,234,0.376404494382022
234,234,1
10979,234,0.377906976744186
11752,234,0.343347639484979
35,234,0.573188405797102
238,234,0.365853658536585
12670,234,0.374269005847953
12627,234,0.404624277456647
10434,234,0.392592592592593
30008,234,0.389090909090909
10980,234,0.378109452736318
18033,234,0.379928315412186
100079,234,0.397959183673469
10140,234,0.377777777777778
10849,234,0.32967032967033
11691,234,0.383802816901408
11242,234,0.391459074733096
30016,234,0.365942028985507
11902,234,0.426116838487972
11451,234,0.411764705882353
10266,234,0.395424836601307
17033,234,0.392592592592593
12413,234,0.383720930232558
10844,234,0.347266881028939
10803,234,0.574797347089167
12214,234,0.342307692307692
11379,234,0.376383763837638
10574,234,0.370786516853933
10938,234,0.312714776632302
11802,234,0.432234432234432
11926,234,0.387755102040816
11925,234,0.378548895899054
100127,234,0.362007168458781
100413,234,0.433566433566434
100416,234,0.294234592445328
30046,234,0.371859296482412
100912,234,0.41025641025641
100917,234,0.404669260700389
30012,234,0.360294117647059
100948,234,0.419014084507042
10906,234,0.322463768115942
10297,234,0.374074074074074
100410,234,0.414035087719298
11868,234,0.341379310344828
30023,234,0.313380281690141
30026,234,0.37037037037037
30027,234,0.335570469798658
101079,234,0.401273885350318
11569,234,0.286561264822134
11842,234,0.377777777777778
12469,234,0.383084577114428
12475,234,0.367424242424242
12699,234,0.289398280802292
11977,234,0.388888888888889
12694,234,0.333333333333333
10919,234,0.326241134751773
10918,234,0.34982332155477
30010,234,0.344322344322344
100424,234,0.361702127659574
11209,234,0.416058394160584
10264,234,0.403508771929825
11785,234,0.367857142857143
100129,234,0.309794988610478
100906,234,0.371024734982332
101211,234,0.568705321683876
101034,234,0.391585760517799
30007,234,0.378676470588235
11049,234,0.370786516853933
30019,234,0.36101083032491
30021,234,0.315068493150685
100951,234,0.360902255639098
100418,234,0.365248226950355
102678,234,0.284313725490196
101019,234,0.498168498168498
101021,234,0.357142857142857
101340,234,0.375
30020,234,0.308151093439364
101508,234,0.362962962962963
101484,234,0.439716312056738
100995,234,0.399280575539568
102840,234,0.383647798742138
100107,234,0.432234432234432
100962,234,0.957028404952659
100097,234,0.330960854092527
30009,234,0.306666666666667
101282,234,0.429577464788732
100069,234,0.388489208633094
11896,234,0.388888888888889
11784,234,0.316614420062696
12913,234,0.378181818181818
11755,10979,0.374269005847953
12840,10979,0.411016949152542
9,10979,0.419753086419753
188,10979,0.426751592356688
8,10979,0.388571428571429
197,10979,0.431654676258993
234,10979,0.377906976744186
10979,10979,1
11752,10979,0.420701168614357
35,10979,0.409638554216867
238,10979,0.457070707070707
12670,10979,0.441975308641975
12627,10979,0.482849604221636
10434,10979,0.368421052631579
30008,10979,0.365384615384615
10980,10979,0.45171102661597
18033,10979,0.380116959064327
100079,10979,0.432352941176471
10140,10979,0.426900584795322
10849,10979,0.423529411764706
11691,10979,0.412790697674419
11242,10979,0.396551724137931
30016,10979,0.409937888198758
11902,10979,0.416666666666667
11451,10979,0.456043956043956
10266,10979,0.459610027855153
17033,10979,0.374269005847953
12413,10979,0.816143497757848
10844,10979,0.455128205128205
10803,10979,0.397590361445783
12214,10979,0.375757575757576
11379,10979,0.470238095238095
10574,10979,0.424460431654676
10938,10979,0.344262295081967
11802,10979,0.388571428571429
11926,10979,0.467048710601719
11925,10979,0.448979591836735
100127,10979,0.381818181818182
100413,10979,0.386363636363636
100416,10979,0.378698224852071
30046,10979,0.380952380952381
100912,10979,0.414364640883978
100917,10979,0.365853658536585
30012,10979,0.435294117647059
100948,10979,0.431137724550898
10906,10979,0.408805031446541
10297,10979,0.409356725146199
100410,10979,0.466257668711656
11868,10979,0.449101796407186
30023,10979,0.431372549019608
30026,10979,0.475609756097561
30027,10979,0.383233532934132
101079,10979,0.355932203389831
11569,10979,0.36094674556213
11842,10979,0.421052631578947
12469,10979,0.444700460829493
12475,10979,0.426751592356688
12699,10979,0.409937888198758
11977,10979,0.374269005847953
12694,10979,0.340782122905028
10919,10979,0.349726775956284
10918,10979,0.385542168674699
30010,10979,0.408284023668639
100424,10979,0.390532544378698
11209,10979,0.446540880503145
10264,10979,0.459610027855153
11785,10979,0.449704142011834
100129,10979,0.36094674556213
100906,10979,0.473053892215569
101211,10979,0.381818181818182
101034,10979,0.372972972972973
30007,10979,0.451219512195122
11049,10979,0.452631578947368
30019,10979,0.386904761904762
30021,10979,0.369047619047619
100951,10979,0.377358490566038
100418,10979,0.385093167701863
102678,10979,0.380645161290323
101019,10979,0.421052631578947
101021,10979,0.430952380952381
101340,10979,0.351190476190476
30020,10979,0.378698224852071
101508,10979,0.422360248447205
101484,10979,0.44578313253012
100995,10979,0.42603550295858
102840,10979,0.42603550295858
100107,10979,0.388571428571429
100962,10979,0.367021276595745
100097,10979,0.37037037037037
30009,10979,0.392857142857143
101282,10979,0.462025316455696
100069,10979,0.409937888198758
11896,10979,0.374269005847953
11784,10979,0.419753086419753
12913,10979,0.481927710843373
11755,11752,0.404907975460123
12840,11752,0.481081081081081
9,11752,0.418300653594771
188,11752,0.430379746835443
8,11752,0.394117647058824
197,11752,0.383697813121272
234,11752,0.343347639484979
10979,11752,0.420701168614357
11752,11752,1
35,11752,0.439024390243902
238,11752,0.49002849002849
12670,11752,0.442211055276382
12627,11752,0.425675675675676
10434,11752,0.398773006134969
30008,11752,0.4
10980,11752,0.447209653092006
18033,11752,0.404907975460123
100079,11752,0.429411764705882
10140,11752,0.441717791411043
10849,11752,0.408839779005525
11691,11752,0.426136363636364
11242,11752,0.403314917127072
30016,11752,0.402439024390244
11902,11752,0.413793103448276
11451,11752,0.49685534591195
10266,11752,0.432
17033,11752,0.404907975460123
12413,11752,0.43561872909699
10844,11752,0.429447852760736
10803,11752,0.426829268292683
12214,11752,0.402777777777778
11379,11752,0.484276729559748
10574,11752,0.418390804597701
10938,11752,0.45360824742268
11802,11752,0.379888268156425
11926,11752,0.452777777777778
11925,11752,0.458579881656805
100127,11752,0.398773006134969
100413,11752,0.391566265060241
100416,11752,0.372781065088757
30046,11752,0.347305389221557
100912,11752,0.463855421686747
100917,11752,0.393939393939394
30012,11752,0.422360248447205
100948,11752,0.407035175879397
10906,11752,0.413793103448276
10297,11752,0.429447852760736
100410,11752,0.44578313253012
11868,11752,0.466666666666667
30023,11752,0.415584415584416
30026,11752,0.46583850931677
30027,11752,0.377245508982036
101079,11752,0.405228758169935
11569,11752,0.366863905325444
11842,11752,0.417177914110429
12469,11752,0.435897435897436
12475,11752,0.430379746835443
12699,11752,0.414473684210526
11977,11752,0.404907975460123
12694,11752,0.331428571428571
10919,11752,0.324175824175824
10918,11752,0.404907975460123
30010,11752,0.377245508982036
100424,11752,0.391566265060241
11209,11752,0.39247311827957
10264,11752,0.45821325648415
11785,11752,0.423728813559322
100129,11752,0.355029585798817
100906,11752,0.447058823529412
101211,11752,0.4
101034,11752,0.380681818181818
30007,11752,0.471337579617834
11049,11752,0.418390804597701
30019,11752,0.369047619047619
30021,11752,0.357142857142857
100951,11752,0.404907975460123
100418,11752,0.412903225806452
102678,11752,0.407894736842105
101019,11752,0.44578313253012
101021,11752,0.478260869565217
101340,11752,0.381818181818182
30020,11752,0.372781065088757
101508,11752,0.422360248447205
101484,11752,0.475903614457831
100995,11752,0.440476190476191
102840,11752,0.440476190476191
100107,11752,0.379888268156425
100962,11752,0.401098901098901
100097,11752,0.383116883116883
30009,11752,0.375722543352601
101282,11752,0.469135802469136
100069,11752,0.447204968944099
11896,11752,0.404907975460123
11784,11752,0.411764705882353
12913,11752,0.452941176470588
11755,35,0.352739726027397
12840,35,0.432926829268293
9,35,0.366037735849057
188,35,0.375912408759124
8,35,0.402930402930403
197,35,0.396341463414634
234,35,0.573188405797102
10979,35,0.409638554216867
11752,35,0.439024390243902
35,35,1
238,35,0.403614457831325
12670,35,0.43125
12627,35,0.407407407407407
10434,35,0.376306620209059
30008,35,0.386281588447653
10980,35,0.382775119617225
18033,35,0.369337979094077
100079,35,0.395104895104895
10140,35,0.367132867132867
10849,35,0.320143884892086
11691,35,0.372822299651568
11242,35,0.386029411764706
30016,35,0.373188405797101
11902,35,0.443636363636364
11451,35,0.4106463878327
10266,35,0.397163120567376
17033,35,0.376306620209059
12413,35,0.413173652694611
10844,35,0.375
10803,35,0.94364161849711
12214,35,0.330769230769231
11379,35,0.378787878787879
10574,35,0.390243902439024
10938,35,0.309278350515464
11802,35,0.402930402930403
11926,35,0.387096774193548
11925,35,0.394366197183099
100127,35,0.365853658536585
100413,35,0.448028673835125
100416,35,0.296296296296296
30046,35,0.388059701492537
100912,35,0.417582417582418
100917,35,0.408560311284047
30012,35,0.375
100948,35,0.413793103448276
10906,35,0.329710144927536
10297,35,0.36013986013986
100410,35,0.404929577464789
11868,35,0.371428571428571
30023,35,0.353790613718412
30026,35,0.374074074074074
30027,35,0.303846153846154
101079,35,0.43265306122449
11569,35,0.300387596899225
11842,35,0.363636363636364
12469,35,0.37799043062201
12475,35,0.368613138686131
12699,35,0.348148148148148
11977,35,0.372822299651568
12694,35,0.332155477031802
10919,35,0.309278350515464
10918,35,0.334532374100719
30010,35,0.345454545454545
100424,35,0.336917562724014
11209,35,0.388111888111888
10264,35,0.397163120567376
11785,35,0.370629370629371
100129,35,0.316628701594533
100906,35,0.366300366300366
101211,35,0.538341158059468
101034,35,0.408163265306122
30007,35,0.378676470588235
11049,35,0.390243902439024
30019,35,0.386281588447653
30021,35,0.303501945525292
100951,35,0.369402985074627
100418,35,0.340501792114695
102678,35,0.324626865671642
101019,35,0.496402877697842
101021,35,0.439024390243902
101340,35,0.37984496124031
30020,35,0.312127236580517
101508,35,0.366666666666667
101484,35,0.445229681978799
100995,35,0.39568345323741
102840,35,0.399280575539568
100107,35,0.402930402930403
100962,35,0.568542568542569
100097,35,0.352517985611511
30009,35,0.309021113243762
101282,35,0.422145328719723
100069,35,0.392086330935252
11896,35,0.372822299651568
11784,35,0.366037735849057
12913,35,0.379699248120301
11755,238,0.417647058823529
12840,238,0.417297297297297
9,238,0.383233532934132
188,238,0.411392405063291
8,238,0.408536585365854
197,238,0.380577427821522
234,238,0.365853658536585
10979,238,0.457070707070707
11752,238,0.49002849002849
35,238,0.403614457831325
238,238,1
12670,238,0.371191135734072
12627,238,0.419400855920114
10434,238,0.41358024691358
30008,238,0.344086021505376
10980,238,0.5
18033,238,0.417647058823529
100079,238,0.4
10140,238,0.426829268292683
10849,238,0.360406091370558
11691,238,0.409356725146199
11242,238,0.373493975903614
30016,238,0.395604395604396
11902,238,0.420382165605096
11451,238,0.453416149068323
10266,238,0.413978494623656
17033,238,0.419753086419753
12413,238,0.478481012658228
10844,238,0.388535031847134
10803,238,0.397590361445783
12214,238,0.3875
11379,238,0.440677966101695
10574,238,0.374015748031496
10938,238,0.314009661835749
11802,238,0.408536585365854
11926,238,0.419525065963061
11925,238,0.432203389830508
100127,238,0.425925925925926
100413,238,0.388888888888889
100416,238,0.355191256830601
30046,238,0.318627450980392
100912,238,0.39622641509434
100917,238,0.371069182389937
30012,238,0.389189189189189
100948,238,0.4
10906,238,0.425806451612903
10297,238,0.420731707317073
100410,238,0.372093023255814
11868,238,0.406060606060606
30023,238,0.431372549019608
30026,238,0.448484848484848
30027,238,0.366834170854271
101079,238,0.324742268041237
11569,238,0.345744680851064
11842,238,0.4375
12469,238,0.426636568848759
12475,238,0.411392405063291
12699,238,0.401315789473684
11977,238,0.419753086419753
12694,238,0.355932203389831
10919,238,0.346590909090909
10918,238,0.387878787878788
30010,238,0.293269230769231
100424,238,0.353591160220995
11209,238,0.402439024390244
10264,238,0.42741935483871
11785,238,0.435294117647059
100129,238,0.378205128205128
100906,238,0.393939393939394
101211,238,0.367469879518072
101034,238,0.365714285714286
30007,238,0.464968152866242
11049,238,0.372703412073491
30019,238,0.311688311688312
30021,238,0.333333333333333
100951,238,0.352201257861635
100418,238,0.318918918918919
102678,238,0.392405063291139
101019,238,0.4
101021,238,0.409782608695652
101340,238,0.331818181818182
30020,238,0.325581395348837
101508,238,0.445161290322581
101484,238,0.418181818181818
100995,238,0.387878787878788
102840,238,0.387878787878788
100107,238,0.408536585365854
100962,238,0.35672514619883
100097,238,0.349397590361446
30009,238,0.363636363636364
101282,238,0.429447852760736
100069,238,0.441717791411043
11896,238,0.419753086419753
11784,238,0.383233532934132
12913,238,0.419191919191919
11755,12670,0.417177914110429
12840,12670,0.427549194991055
9,12670,0.447368421052632
188,12670,0.448484848484848
8,12670,0.447368421052632
197,12670,0.42914979757085
234,12670,0.374269005847953
10979,12670,0.441975308641975
11752,12670,0.442211055276382
35,12670,0.43125
238,12670,0.371191135734072
12670,12670,1
12627,12670,0.420560747663551
10434,12670,0.422360248447205
30008,12670,0.373333333333333
10980,12670,0.434673366834171
18033,12670,0.416666666666667
100079,12670,0.40625
10140,12670,0.436781609195402
10849,12670,0.391566265060241
11691,12670,0.395061728395062
11242,12670,0.407185628742515
30016,12670,0.435897435897436
11902,12670,0.426751592356688
11451,12670,0.46875
10266,12670,0.431428571428571
17033,12670,0.428571428571429
12413,12670,0.458128078817734
10844,12670,0.465408805031447
10803,12670,0.4125
12214,12670,0.406896551724138
11379,12670,0.474358974358974
10574,12670,0.431174089068826
10938,12670,0.37125748502994
11802,12670,0.447368421052632
11926,12670,0.428571428571429
11925,12670,0.410404624277457
100127,12670,0.402366863905326
100413,12670,0.385093167701863
100416,12670,0.361842105263158
30046,12670,0.353333333333333
100912,12670,0.415584415584416
100917,12670,0.349112426035503
30012,12670,0.437086092715232
100948,12670,0.415584415584416
10906,12670,0.401315789473684
10297,12670,0.431034482758621
100410,12670,0.401273885350318
11868,12670,0.439024390243902
30023,12670,0.402597402597403
30026,12670,0.431137724550898
30027,12670,0.38
101079,12670,0.348837209302326
11569,12670,0.368421052631579
11842,12670,0.437869822485207
12469,12670,0.424657534246575
12475,12670,0.459119496855346
12699,12670,0.4
11977,12670,0.416149068322981
12694,12670,0.333333333333333
10919,12670,0.357954545454545
10918,12670,0.402597402597403
30010,12670,0.317647058823529
100424,12670,0.398773006134969
11209,12670,0.469798657718121
10264,12670,0.404580152671756
11785,12670,0.437869822485207
100129,12670,0.334975369458128
100906,12670,0.450867052023121
101211,12670,0.405228758169935
101034,12670,0.348571428571429
30007,12670,0.452229299363057
11049,12670,0.431174089068826
30019,12670,0.364238410596027
30021,12670,0.370860927152318
100951,12670,0.379746835443038
100418,12670,0.393939393939394
102678,12670,0.415584415584416
101019,12670,0.45
101021,12670,0.397849462365591
101340,12670,0.384146341463415
30020,12670,0.375
101508,12670,0.433962264150943
101484,12670,0.45625
100995,12670,0.365269461077844
102840,12670,0.365269461077844
100107,12670,0.447368421052632
100962,12670,0.398692810457516
100097,12670,0.41025641025641
30009,12670,0.384105960264901
101282,12670,0.440993788819876
100069,12670,0.449367088607595
11896,12670,0.416149068322981
11784,12670,0.447368421052632
12913,12670,0.449704142011834
11755,12627,0.341346153846154
12840,12627,0.340021119324182
9,12627,0.434210526315789
188,12627,0.432098765432099
8,12627,0.386740331491713
197,12627,0.472448979591837
234,12627,0.404624277456647
10979,12627,0.482849604221636
11752,12627,0.425675675675676
35,12627,0.407407407407407
238,12627,0.419400855920114
12670,12627,0.420560747663551
12627,12627,1
10434,12627,0.330188679245283
30008,12627,0.365269461077844
10980,12627,0.424942263279446
18033,12627,0.316037735849057
100079,12627,0.439814814814815
10140,12627,0.405555555555556
10849,12627,0.375
11691,12627,0.402298850574713
11242,12627,0.372222222222222
30016,12627,0.437869822485207
11902,12627,0.464052287581699
11451,12627,0.460674157303371
10266,12627,0.540697674418605
17033,12627,0.325471698113208
12413,12627,0.394782608695652
10844,12627,0.440251572327044
10803,12627,0.395061728395062
12214,12627,0.407643312101911
11379,12627,0.409836065573771
10574,12627,0.45290199809705
10938,12627,0.344262295081967
11802,12627,0.386740331491713
11926,12627,0.541666666666667
11925,12627,0.517647058823529
100127,12627,0.368421052631579
100413,12627,0.414634146341463
100416,12627,0.354651162790698
30046,12627,0.347305389221557
100912,12627,0.441176470588235
100917,12627,0.371069182389937
30012,12627,0.421965317919075
100948,12627,0.418181818181818
10906,12627,0.43046357615894
10297,12627,0.394444444444444
100410,12627,0.425
11868,12627,0.451612903225806
30023,12627,0.4
30026,12627,0.443181818181818
30027,12627,0.373493975903614
101079,12627,0.339181286549708
11569,12627,0.364161849710983
11842,12627,0.368421052631579
12469,12627,0.41304347826087
12475,12627,0.444444444444444
12699,12627,0.42483660130719
11977,12627,0.330188679245283
12694,12627,0.338888888888889
10919,12627,0.371584699453552
10918,12627,0.421052631578947
30010,12627,0.329341317365269
100424,12627,0.40251572327044
11209,12627,0.413793103448276
10264,12627,0.535714285714286
11785,12627,0.388888888888889
100129,12627,0.343023255813953
100906,12627,0.446927374301676
101211,12627,0.378698224852071
101034,12627,0.376404494382022
30007,12627,0.45398773006135
11049,12627,0.444958371877891
30019,12627,0.350877192982456
30021,12627,0.345029239766082
100951,12627,0.353658536585366
100418,12627,0.4
102678,12627,0.411764705882353
101019,12627,0.426829268292683
101021,12627,0.343584305408272
101340,12627,0.407407407407407
30020,12627,0.358381502890173
101508,12627,0.427027027027027
101484,12627,0.438271604938272
100995,12627,0.398773006134969
102840,12627,0.392638036809816
100107,12627,0.386740331491713
100962,12627,0.41025641025641
100097,12627,0.413333333333333
30009,12627,0.359281437125749
101282,12627,0.383886255924171
100069,12627,0.414634146341463
11896,12627,0.330188679245283
11784,12627,0.434210526315789
12913,12627,0.446236559139785
11755,10434,0.752620545073375
12840,10434,0.409356725146199
9,10434,0.373493975903614
188,10434,0.4
8,10434,0.435555555555556
197,10434,0.407407407407407
234,10434,0.392592592592593
10979,10434,0.368421052631579
11752,10434,0.398773006134969
35,10434,0.376306620209059
238,10434,0.41358024691358
12670,10434,0.422360248447205
12627,10434,0.330188679245283
10434,10434,1
30008,10434,0.444839857651246
10980,10434,0.38953488372093
18033,10434,0.822410147991543
100079,10434,0.369491525423729
10140,10434,0.607223476297968
10849,10434,0.361788617886179
11691,10434,0.627539503386005
11242,10434,0.392727272727273
30016,10434,0.384039900249377
11902,10434,0.354838709677419
11451,10434,0.375478927203065
10266,10434,0.360544217687075
17033,10434,0.942164179104478
12413,10434,0.385964912280702
10844,10434,0.403153153153153
10803,10434,0.379790940766551
12214,10434,0.388
11379,10434,0.3828125
10574,10434,0.407407407407407
10938,10434,0.301418439716312
11802,10434,0.435555555555556
11926,10434,0.36271186440678
11925,10434,0.379661016949153
100127,10434,0.746666666666667
100413,10434,0.348920863309353
100416,10434,0.433212996389892
30046,10434,0.494791666666667
100912,10434,0.365942028985507
100917,10434,0.36328125
30012,10434,0.519480519480519
100948,10434,0.382142857142857
10906,10434,0.365671641791045
10297,10434,0.602708803611738
100410,10434,0.374570446735395
11868,10434,0.385342789598109
30023,10434,0.379084967320261
30026,10434,0.45067264573991
30027,10434,0.435714285714286
101079,10434,0.364035087719298
11569,10434,0.441605839416058
11842,10434,0.602708803611738
12469,10434,0.377906976744186
12475,10434,0.4
12699,10434,0.408
11977,10434,0.988826815642458
12694,10434,0.326388888888889
10919,10434,0.348178137651822
10918,10434,0.378132118451025
30010,10434,0.424908424908425
100424,10434,0.404109589041096
11209,10434,0.437086092715232
10264,10434,0.36426116838488
11785,10434,0.631221719457014
100129,10434,0.429078014184397
100906,10434,0.442307692307692
101211,10434,0.380952380952381
101034,10434,0.342756183745583
30007,10434,0.398395721925134
11049,10434,0.407407407407407
30019,10434,0.439285714285714
30021,10434,0.439285714285714
100951,10434,0.338289962825279
100418,10434,0.394557823129252
102678,10434,0.368627450980392
101019,10434,0.421602787456446
101021,10434,0.39766081871345
101340,10434,0.456204379562044
30020,10434,0.430656934306569
101508,10434,0.430839002267574
101484,10434,0.39568345323741
100995,10434,0.378277153558052
102840,10434,0.378277153558052
100107,10434,0.446153846153846
100962,10434,0.375
100097,10434,0.392694063926941
30009,10434,0.435714285714286
101282,10434,0.450980392156863
100069,10434,0.388451443569554
11896,10434,0.977859778597786
11784,10434,0.369477911646586
12913,10434,0.4375
11755,30008,0.443181818181818
12840,30008,0.34020618556701
9,30008,0.334231805929919
188,30008,0.355742296918768
8,30008,0.412213740458015
197,30008,0.413173652694611
234,30008,0.389090909090909
10979,30008,0.365384615384615
11752,30008,0.4
35,30008,0.386281588447653
238,30008,0.344086021505376
12670,30008,0.373333333333333
12627,30008,0.365269461077844
10434,30008,0.444839857651246
30008,30008,1
10980,30008,0.391025641025641
18033,30008,0.4375
100079,30008,0.345047923322684
10140,30008,0.435114503816794
10849,30008,0.323529411764706
11691,30008,0.410909090909091
11242,30008,0.405204460966543
30016,30008,0.370229007633588
11902,30008,0.397111913357401
11451,30008,0.3828125
10266,30008,0.348920863309353
17033,30008,0.441281138790036
12413,30008,0.371794871794872
10844,30008,0.4
10803,30008,0.379790940766551
12214,30008,0.390845070422535
11379,30008,0.351648351648352
10574,30008,0.413173652694611
10938,30008,0.32967032967033
11802,30008,0.416030534351145
11926,30008,0.34375
11925,30008,0.357142857142857
100127,30008,0.397810218978102
100413,30008,0.391003460207612
100416,30008,0.481481481481481
30046,30008,0.491508491508491
100912,30008,0.357664233576642
100917,30008,0.394422310756972
30012,30008,0.423076923076923
100948,30008,0.373665480427046
10906,30008,0.362676056338028
10297,30008,0.442748091603053
100410,30008,0.364620938628159
11868,30008,0.411538461538462
30023,30008,0.377289377289377
30026,30008,0.404761904761905
30027,30008,0.51381780962129
101079,30008,0.403162055335968
11569,30008,0.485714285714286
11842,30008,0.422535211267606
12469,30008,0.384615384615385
12475,30008,0.348901098901099
12699,30008,0.360881542699725
11977,30008,0.444839857651246
12694,30008,0.304964539007092
10919,30008,0.287128712871287
10918,30008,0.400749063670412
30010,30008,0.469879518072289
100424,30008,0.41044776119403
11209,30008,0.413793103448276
10264,30008,0.358156028368794
11785,30008,0.422680412371134
100129,30008,0.465570400822199
100906,30008,0.35958904109589
101211,30008,0.348684210526316
101034,30008,0.380952380952381
30007,30008,0.436507936507937
11049,30008,0.413173652694611
30019,30008,0.51951951951952
30021,30008,0.511770726714432
100951,30008,0.356617647058824
100418,30008,0.394160583941606
102678,30008,0.313559322033898
101019,30008,0.40377358490566
101021,30008,0.369942196531792
101340,30008,0.503642039542144
30020,30008,0.478083588175331
101508,30008,0.436507936507937
101484,30008,0.357377049180328
100995,30008,0.409266409266409
102840,30008,0.400763358778626
100107,30008,0.416030534351145
100962,30008,0.386524822695035
100097,30008,0.4
30009,30008,0.515057113187954
101282,30008,0.364285714285714
100069,30008,0.418604651162791
