Var1,Var2,Freq
10904,10904,1
12038,10904,0.333333333333333
11870,10904,0.339285714285714
19639,10904,0.35678391959799
100908,10904,0.324074074074074
100909,10904,0.330232558139535
13004,10904,0.303738317757009
20007,10904,0.293478260869565
19623,10904,0.32843137254902
101055,10904,0.27810650887574
100075,10904,0.397590361445783
100126,10904,0.566978193146417
100417,10904,0.292517006802721
101030,10904,0.33502538071066
100907,10904,0.294392523364486
101324,10904,0.316151202749141
101473,10904,0.359550561797753
20025,10904,0.278260869565217
100993,10904,0.444444444444444
101204,10904,0.294392523364486
101434,10904,0.278225806451613
11873,10904,0.335664335664336
30018,10904,0.288256227758007
101130,10904,0.350230414746544
100990,10904,0.272727272727273
100992,10904,0.348837209302326
103154,10904,0.28515625
101226,10904,0.264150943396226
101386,10904,0.355072463768116
101598,10904,0.283018867924528
103453,10904,0.33955223880597
10904,12038,0.333333333333333
12038,12038,1
11870,12038,0.635687732342007
19639,12038,0.353233830845771
100908,12038,0.316901408450704
100909,12038,0.269767441860465
13004,12038,0.316901408450704
20007,12038,0.380239520958084
19623,12038,0.273170731707317
101055,12038,0.242574257425743
100075,12038,0.299270072992701
100126,12038,0.315602836879433
100417,12038,0.297202797202797
101030,12038,0.294642857142857
100907,12038,0.265116279069767
101324,12038,0.371323529411765
101473,12038,0.298701298701299
20025,12038,0.276595744680851
100993,12038,0.260204081632653
101204,12038,0.255813953488372
101434,12038,0.29368029739777
11873,12038,0.550796812749004
30018,12038,0.288135593220339
101130,12038,0.33210332103321
100990,12038,0.274914089347079
100992,12038,0.28695652173913
103154,12038,0.320143884892086
101226,12038,0.307116104868914
101386,12038,0.294605809128631
101598,12038,0.274418604651163
103453,12038,0.368279569892473
10904,11870,0.339285714285714
12038,11870,0.635687732342007
11870,11870,1
19639,11870,0.348258706467662
100908,11870,0.342857142857143
100909,11870,0.296296296296296
13004,11870,0.364285714285714
20007,11870,0.37125748502994
19623,11870,0.283783783783784
101055,11870,0.267326732673267
100075,11870,0.298850574712644
100126,11870,0.339350180505415
100417,11870,0.305755395683453
101030,11870,0.289473684210526
100907,11870,0.287037037037037
101324,11870,0.355555555555556
101473,11870,0.298245614035088
20025,11870,0.270386266094421
100993,11870,0.269430051813472
101204,11870,0.291666666666667
101434,11870,0.294573643410853
11873,11870,0.669291338582677
30018,11870,0.274021352313167
101130,11870,0.315985130111524
100990,11870,0.285223367697595
100992,11870,0.29004329004329
103154,11870,0.333333333333333
101226,11870,0.298181818181818
101386,11870,0.294605809128631
101598,11870,0.296296296296296
103453,11870,0.384823848238482
10904,19639,0.35678391959799
12038,19639,0.353233830845771
11870,19639,0.348258706467662
19639,19639,1
100908,19639,0.294117647058824
100909,19639,0.37037037037037
13004,19639,0.291479820627803
20007,19639,0.284810126582278
19623,19639,0.421052631578947
101055,19639,0.304659498207885
100075,19639,0.264705882352941
100126,19639,0.351758793969849
100417,19639,0.315270935960591
101030,19639,0.360248447204969
100907,19639,0.3125
101324,19639,0.330049261083744
101473,19639,0.337662337662338
20025,19639,0.324175824175824
100993,19639,0.277173913043478
101204,19639,0.306603773584906
101434,19639,0.334975369458128
11873,19639,0.377450980392157
30018,19639,0.3125
101130,19639,0.314720812182741
100990,19639,0.300411522633745
100992,19639,0.318965517241379
103154,19639,0.323232323232323
101226,19639,0.341772151898734
101386,19639,0.317567567567568
101598,19639,0.425925925925926
103453,19639,0.333333333333333
10904,100908,0.324074074074074
12038,100908,0.316901408450704
11870,100908,0.342857142857143
19639,100908,0.294117647058824
100908,100908,1
100909,100908,0.532846715328467
13004,100908,0.698189134808853
20007,100908,0.296650717703349
19623,100908,0.298013245033113
101055,100908,0.284090909090909
100075,100908,0.385906040268456
100126,100908,0.301435406698565
100417,100908,0.271028037383178
101030,100908,0.325966850828729
100907,100908,0.517094017094017
101324,100908,0.322784810126582
101473,100908,0.398648648648649
20025,100908,0.292857142857143
100993,100908,0.376237623762376
101204,100908,0.595744680851064
101434,100908,0.305882352941176
11873,100908,0.304761904761905
30018,100908,0.29746835443038
101130,100908,0.308411214953271
100990,100908,0.571428571428572
100992,100908,0.396610169491525
103154,100908,0.339285714285714
101226,100908,0.313953488372093
101386,100908,0.309677419354839
101598,100908,0.563414634146342
103453,100908,0.285714285714286
10904,100909,0.330232558139535
12038,100909,0.269767441860465
11870,100909,0.296296296296296
19639,100909,0.37037037037037
100908,100909,0.532846715328467
100909,100909,1
13004,100909,0.630434782608696
20007,100909,0.270142180094787
19623,100909,0.251231527093596
101055,100909,0.229268292682927
100075,100909,0.350769230769231
100126,100909,0.287735849056604
100417,100909,0.2421875
101030,100909,0.291079812206573
100907,100909,0.509756097560976
101324,100909,0.266187050359712
101473,100909,0.409090909090909
20025,100909,0.275862068965517
100993,100909,0.359872611464968
101204,100909,0.501222493887531
101434,100909,0.283582089552239
11873,100909,0.292237442922374
30018,100909,0.518518518518519
101130,100909,0.283720930232558
100990,100909,0.464285714285714
100992,100909,0.383333333333333
103154,100909,0.311926605504587
101226,100909,0.302325581395349
101386,100909,0.342342342342342
101598,100909,0.604417670682731
103453,100909,0.29047619047619
10904,13004,0.303738317757009
12038,13004,0.316901408450704
11870,13004,0.364285714285714
19639,13004,0.291479820627803
100908,13004,0.698189134808853
100909,13004,0.630434782608696
13004,13004,1
20007,13004,0.296650717703349
19623,13004,0.302631578947368
101055,13004,0.28735632183908
100075,13004,0.409395973154362
100126,13004,0.30622009569378
100417,13004,0.416666666666667
101030,13004,0.293838862559242
100907,13004,0.52928870292887
101324,13004,0.291079812206573
101473,13004,0.403973509933775
20025,13004,0.3
100993,13004,0.376237623762376
101204,13004,0.533742331288344
101434,13004,0.276119402985075
11873,13004,0.310502283105023
30018,13004,0.29746835443038
101130,13004,0.299065420560748
100990,13004,0.354838709677419
100992,13004,0.396610169491525
103154,13004,0.381818181818182
101226,13004,0.302325581395349
101386,13004,0.316129032258065
101598,13004,0.578817733990148
103453,13004,0.292079207920792
10904,20007,0.293478260869565
12038,20007,0.380239520958084
11870,20007,0.37125748502994
19639,20007,0.284810126582278
100908,20007,0.296650717703349
100909,20007,0.270142180094787
13004,20007,0.296650717703349
20007,20007,1
19623,20007,0.271889400921659
101055,20007,0.274725274725275
100075,20007,0.290780141843972
100126,20007,0.307984790874525
100417,20007,0.283185840707965
101030,20007,0.270676691729323
100907,20007,0.305555555555556
101324,20007,0.357414448669202
101473,20007,0.297169811320755
20025,20007,0.298701298701299
100993,20007,0.304093567251462
101204,20007,0.286384976525822
101434,20007,0.307359307359307
11873,20007,0.38368580060423
30018,20007,0.296943231441048
101130,20007,0.345724907063197
100990,20007,0.293333333333333
100992,20007,0.295774647887324
103154,20007,0.301587301587302
101226,20007,0.279816513761468
101386,20007,0.268085106382979
101598,20007,0.277777777777778
103453,20007,0.372549019607843
10904,19623,0.32843137254902
12038,19623,0.273170731707317
11870,19623,0.283783783783784
19639,19623,0.421052631578947
100908,19623,0.298013245033113
100909,19623,0.251231527093596
13004,19623,0.302631578947368
20007,19623,0.271889400921659
19623,19623,1
101055,19623,0.395918367346939
100075,19623,0.518518518518519
100126,19623,0.374193548387097
100417,19623,0.287425149700599
101030,19623,0.291044776119403
100907,19623,0.244897959183673
101324,19623,0.333333333333333
101473,19623,0.315789473684211
20025,19623,0.341176470588235
100993,19623,0.236842105263158
101204,19623,0.26530612244898
101434,19623,0.328571428571429
11873,19623,0.276995305164319
30018,19623,0.26027397260274
101130,19623,0.297560975609756
100990,19623,0.246636771300448
100992,19623,0.287581699346405
103154,19623,0.28804347826087
101226,19623,0.291866028708134
101386,19623,0.3125
101598,19623,0.371428571428571
103453,19623,0.294117647058824
10904,101055,0.27810650887574
12038,101055,0.242574257425743
11870,101055,0.267326732673267
19639,101055,0.304659498207885
100908,101055,0.284090909090909
100909,101055,0.229268292682927
13004,101055,0.28735632183908
20007,101055,0.274725274725275
19623,101055,0.395918367346939
101055,101055,1
100075,101055,0.428571428571429
100126,101055,0.283132530120482
100417,101055,0.366666666666667
101030,101055,0.24390243902439
100907,101055,0.22463768115942
101324,101055,0.267441860465116
101473,101055,0.315789473684211
20025,101055,0.296969696969697
100993,101055,0.4
101204,101055,0.473684210526316
101434,101055,0.315789473684211
11873,101055,0.262376237623762
30018,101055,0.235294117647059
101130,101055,0.262376237623762
100990,101055,0.268156424581006
100992,101055,0.3
103154,101055,0.25
101226,101055,0.305084745762712
101386,101055,0.32051282051282
101598,101055,0.270440251572327
103453,101055,0.257142857142857
10904,100075,0.397590361445783
12038,100075,0.299270072992701
11870,100075,0.298850574712644
19639,100075,0.264705882352941
100908,100075,0.385906040268456
100909,100075,0.350769230769231
13004,100075,0.409395973154362
20007,100075,0.290780141843972
19623,100075,0.518518518518519
101055,100075,0.428571428571429
100075,100075,1
100126,100075,0.409638554216867
100417,100075,0.4
101030,100075,0.279187817258883
100907,100075,0.323943661971831
101324,100075,0.308510638297872
101473,100075,0.449838187702265
20025,100075,0.386363636363636
100993,100075,0.401273885350318
101204,100075,0.332417582417582
101434,100075,0.272108843537415
11873,100075,0.299270072992701
30018,100075,0.303571428571429
101130,100075,0.265560165975104
100990,100075,0.337209302325581
100992,100075,0.460264900662252
103154,100075,0.45
101226,100075,0.27536231884058
101386,100075,0.333333333333333
101598,100075,0.377049180327869
103453,100075,0.373493975903614
10904,100126,0.566978193146417
12038,100126,0.315602836879433
11870,100126,0.339350180505415
19639,100126,0.351758793969849
100908,100126,0.301435406698565
100909,100126,0.287735849056604
13004,100126,0.30622009569378
20007,100126,0.307984790874525
19623,100126,0.374193548387097
101055,100126,0.283132530120482
100075,100126,0.409638554216867
100126,100126,1
100417,100126,0.291666666666667
101030,100126,0.355329949238579
100907,100126,0.276190476190476
101324,100126,0.333333333333333
101473,100126,0.359550561797753
20025,100126,0.265573770491803
100993,100126,0.33695652173913
101204,100126,0.276190476190476
101434,100126,0.28735632183908
11873,100126,0.336842105263158
30018,100126,0.264797507788162
101130,100126,0.345971563981043
100990,100126,0.290748898678414
100992,100126,0.372093023255814
103154,100126,0.296875
101226,100126,0.280898876404494
101386,100126,0.3125
101598,100126,0.285714285714286
103453,100126,0.358695652173913
10904,100417,0.292517006802721
12038,100417,0.297202797202797
11870,100417,0.305755395683453
19639,100417,0.315270935960591
100908,100417,0.271028037383178
100909,100417,0.2421875
13004,100417,0.416666666666667
20007,100417,0.283185840707965
19623,100417,0.287425149700599
101055,100417,0.366666666666667
100075,100417,0.4
100126,100417,0.291666666666667
100417,100417,1
101030,100417,0.286995515695067
100907,100417,0.275
101324,100417,0.309012875536481
101473,100417,0.294117647058824
20025,100417,0.254464285714286
100993,100417,0.36
101204,100417,0.225
101434,100417,0.266666666666667
11873,100417,0.29757785467128
30018,100417,0.263829787234043
101130,100417,0.263888888888889
100990,100417,0.254166666666667
100992,100417,0.318181818181818
103154,100417,0.26457399103139
101226,100417,0.236051502145923
101386,100417,0.325
101598,100417,0.247787610619469
103453,100417,0.309090909090909
10904,101030,0.33502538071066
12038,101030,0.294642857142857
11870,101030,0.289473684210526
19639,101030,0.360248447204969
100908,101030,0.325966850828729
100909,101030,0.291079812206573
13004,101030,0.293838862559242
20007,101030,0.270676691729323
19623,101030,0.291044776119403
101055,101030,0.24390243902439
100075,101030,0.279187817258883
100126,101030,0.355329949238579
100417,101030,0.286995515695067
101030,101030,1
100907,101030,0.303030303030303
101324,101030,0.306273062730627
101473,101030,0.323863636363636
20025,101030,0.341880341880342
100993,101030,0.341880341880342
101204,101030,0.294392523364486
101434,101030,0.315
11873,101030,0.27536231884058
30018,101030,0.434027777777778
101130,101030,0.308550185873606
100990,101030,0.298578199052133
100992,101030,0.357894736842105
103154,101030,0.300518134715026
101226,101030,0.263681592039801
101386,101030,0.432432432432432
101598,101030,0.3
103453,101030,0.291079812206573
10904,100907,0.294392523364486
12038,100907,0.265116279069767
11870,100907,0.287037037037037
19639,100907,0.3125
100908,100907,0.517094017094017
100909,100907,0.509756097560976
13004,100907,0.52928870292887
20007,100907,0.305555555555556
19623,100907,0.244897959183673
101055,100907,0.22463768115942
100075,100907,0.323943661971831
100126,100907,0.276190476190476
100417,100907,0.275
101030,100907,0.303030303030303
100907,100907,1
101324,100907,0.291079812206573
101473,100907,0.412162162162162
20025,100907,0.278571428571429
100993,100907,0.355263157894737
101204,100907,0.733197556008147
101434,100907,0.303030303030303
11873,100907,0.278538812785388
30018,100907,0.518518518518519
101130,100907,0.283720930232558
100990,100907,0.373626373626374
100992,100907,0.386759581881533
103154,100907,0.293103448275862
101226,100907,0.294117647058824
101386,100907,0.333333333333333
101598,100907,0.518681318681319
103453,100907,0.293838862559242
10904,101324,0.316151202749141
12038,101324,0.371323529411765
11870,101324,0.355555555555556
19639,101324,0.330049261083744
100908,101324,0.322784810126582
100909,101324,0.266187050359712
13004,101324,0.291079812206573
20007,101324,0.357414448669202
19623,101324,0.333333333333333
101055,101324,0.267441860465116
100075,101324,0.308510638297872
100126,101324,0.333333333333333
100417,101324,0.309012875536481
101030,101324,0.306273062730627
100907,101324,0.291079812206573
101324,101324,1
101473,101324,0.28310502283105
20025,101324,0.311418685121107
100993,101324,0.289308176100629
101204,101324,0.295774647887324
101434,101324,0.340823970037453
11873,101324,0.384892086330935
30018,101324,0.277978339350181
101130,101324,0.362264150943396
100990,101324,0.297872340425532
100992,101324,0.322222222222222
103154,101324,0.288888888888889
101226,101324,0.323144104803493
101386,101324,0.333333333333333
101598,101324,0.294930875576037
103453,101324,0.345098039215686
10904,101473,0.359550561797753
12038,101473,0.298701298701299
11870,101473,0.298245614035088
19639,101473,0.337662337662338
100908,101473,0.398648648648649
100909,101473,0.409090909090909
13004,101473,0.403973509933775
20007,101473,0.297169811320755
19623,101473,0.315789473684211
101055,101473,0.315789473684211
100075,101473,0.449838187702265
100126,101473,0.359550561797753
100417,101473,0.294117647058824
101030,101473,0.323863636363636
100907,101473,0.412162162162162
101324,101473,0.28310502283105
101473,101473,1
20025,101473,0.269230769230769
100993,101473,0.362222222222222
101204,101473,0.403973509933775
101434,101473,0.28030303030303
11873,101473,0.289099526066351
30018,101473,0.327433628318584
101130,101473,0.285714285714286
100990,101473,0.277372262773723
100992,101473,0.671875
103154,101473,0.329787234042553
101226,101473,0.26271186440678
101386,101473,0.357142857142857
101598,101473,0.392156862745098
103453,101473,0.348314606741573
10904,20025,0.278260869565217
12038,20025,0.276595744680851
11870,20025,0.270386266094421
19639,20025,0.324175824175824
100908,20025,0.292857142857143
100909,20025,0.275862068965517
13004,20025,0.3
20007,20025,0.298701298701299
19623,20025,0.341176470588235
101055,20025,0.296969696969697
100075,20025,0.386363636363636
100126,20025,0.265573770491803
100417,20025,0.254464285714286
101030,20025,0.341880341880342
100907,20025,0.278571428571429
101324,20025,0.311418685121107
101473,20025,0.269230769230769
20025,20025,1
100993,20025,0.319727891156463
101204,20025,0.292857142857143
101434,20025,0.432950191570881
11873,20025,0.278169014084507
30018,20025,0.259842519685039
101130,20025,0.307167235494881
100990,20025,0.319066147859922
100992,20025,0.25
103154,20025,0.338709677419355
101226,20025,0.386281588447653
101386,20025,0.300884955752212
101598,20025,0.337078651685393
103453,20025,0.301801801801802
10904,100993,0.444444444444444
12038,100993,0.260204081632653
11870,100993,0.269430051813472
19639,100993,0.277173913043478
100908,100993,0.376237623762376
100909,100993,0.359872611464968
13004,100993,0.376237623762376
20007,100993,0.304093567251462
19623,100993,0.236842105263158
101055,100993,0.4
100075,100993,0.401273885350318
100126,100993,0.33695652173913
100417,100993,0.36
101030,100993,0.341880341880342
100907,100993,0.355263157894737
101324,100993,0.289308176100629
101473,100993,0.362222222222222
20025,100993,0.319727891156463
100993,100993,1
101204,100993,0.382838283828383
101434,100993,0.354430379746835
11873,100993,0.3125
30018,100993,0.555555555555556
101130,100993,0.291666666666667
100990,100993,0.296296296296296
100992,100993,0.365079365079365
103154,100993,0.271929824561403
101226,100993,0.379746835443038
101386,100993,0.382978723404255
101598,100993,0.389078498293515
103453,100993,0.352272727272727
10904,101204,0.294392523364486
12038,101204,0.255813953488372
11870,101204,0.291666666666667
19639,101204,0.306603773584906
100908,101204,0.595744680851064
100909,101204,0.501222493887531
13004,101204,0.533742331288344
20007,101204,0.286384976525822
19623,101204,0.26530612244898
101055,101204,0.473684210526316
100075,101204,0.332417582417582
100126,101204,0.276190476190476
100417,101204,0.225
101030,101204,0.294392523364486
100907,101204,0.733197556008147
101324,101204,0.295774647887324
101473,101204,0.403973509933775
20025,101204,0.292857142857143
100993,101204,0.382838283828383
101204,101204,1
101434,101204,0.298507462686567
11873,101204,0.269406392694064
30018,101204,0.416666666666667
101130,101204,0.288372093023256
100990,101204,0.347222222222222
100992,101204,0.386666666666667
103154,101204,0.293103448275862
101226,101204,0.301470588235294
101386,101204,0.333333333333333
101598,101204,0.535087719298246
103453,101204,0.293838862559242
10904,101434,0.278225806451613
12038,101434,0.29368029739777
11870,101434,0.294573643410853
19639,101434,0.334975369458128
100908,101434,0.305882352941176
100909,101434,0.283582089552239
13004,101434,0.276119402985075
20007,101434,0.307359307359307
19623,101434,0.328571428571429
101055,101434,0.315789473684211
100075,101434,0.272108843537415
100126,101434,0.28735632183908
100417,101434,0.266666666666667
101030,101434,0.315
100907,101434,0.303030303030303
101324,101434,0.340823970037453
101473,101434,0.28030303030303
20025,101434,0.432950191570881
100993,101434,0.354430379746835
101204,101434,0.298507462686567
101434,101434,1
11873,101434,0.286624203821656
30018,101434,0.282051282051282
101130,101434,0.313531353135314
100990,101434,0.333333333333333
100992,101434,0.272727272727273
103154,101434,0.290076335877863
101226,101434,0.343915343915344
101386,101434,0.3125
101598,101434,0.313432835820896
103453,101434,0.30188679245283
10904,11873,0.335664335664336
12038,11873,0.550796812749004
11870,11873,0.669291338582677
19639,11873,0.377450980392157
100908,11873,0.304761904761905
100909,11873,0.292237442922374
13004,11873,0.310502283105023
20007,11873,0.38368580060423
19623,11873,0.276995305164319
101055,11873,0.262376237623762
100075,11873,0.299270072992701
100126,11873,0.336842105263158
100417,11873,0.29757785467128
101030,11873,0.27536231884058
100907,11873,0.278538812785388
101324,11873,0.384892086330935
101473,11873,0.289099526066351
20025,11873,0.278169014084507
100993,11873,0.3125
101204,11873,0.269406392694064
101434,11873,0.286624203821656
11873,11873,1
30018,11873,0.267857142857143
101130,11873,0.345323741007194
100990,11873,0.278350515463918
100992,11873,0.271428571428571
103154,11873,0.344036697247706
101226,11873,0.281021897810219
101386,11873,0.274368231046931
101598,11873,0.286995515695067
103453,11873,0.395095367847411
10904,30018,0.288256227758007
12038,30018,0.288135593220339
11870,30018,0.274021352313167
19639,30018,0.3125
100908,30018,0.29746835443038
100909,30018,0.518518518518519
13004,30018,0.29746835443038
20007,30018,0.296943231441048
19623,30018,0.26027397260274
101055,30018,0.235294117647059
100075,30018,0.303571428571429
100126,30018,0.264797507788162
100417,30018,0.263829787234043
101030,30018,0.434027777777778
100907,30018,0.518518518518519
101324,30018,0.277978339350181
101473,30018,0.327433628318584
20025,30018,0.259842519685039
100993,30018,0.555555555555556
101204,30018,0.416666666666667
101434,30018,0.282051282051282
11873,30018,0.267857142857143
30018,30018,1
101130,30018,0.323651452282158
100990,30018,0.284671532846715
100992,30018,0.483870967741935
103154,30018,0.277777777777778
101226,30018,0.242990654205607
101386,30018,0.546325878594249
101598,30018,0.307692307692308
103453,30018,0.322429906542056
10904,101130,0.350230414746544
12038,101130,0.33210332103321
11870,101130,0.315985130111524
19639,101130,0.314720812182741
100908,101130,0.308411214953271
100909,101130,0.283720930232558
13004,101130,0.299065420560748
20007,101130,0.345724907063197
19623,101130,0.297560975609756
101055,101130,0.262376237623762
100075,101130,0.265560165975104
100126,101130,0.345971563981043
100417,101130,0.263888888888889
101030,101130,0.308550185873606
100907,101130,0.283720930232558
101324,101130,0.362264150943396
101473,101130,0.285714285714286
20025,101130,0.307167235494881
100993,101130,0.291666666666667
101204,101130,0.288372093023256
101434,101130,0.313531353135314
11873,101130,0.345323741007194
30018,101130,0.323651452282158
101130,101130,1
100990,101130,0.273408239700375
100992,101130,0.279816513761468
103154,101130,0.322727272727273
101226,101130,0.316831683168317
101386,101130,0.369127516778524
101598,101130,0.293023255813953
103453,101130,0.305660377358491
10904,100990,0.272727272727273
12038,100990,0.274914089347079
11870,100990,0.285223367697595
19639,100990,0.300411522633745
100908,100990,0.571428571428572
100909,100990,0.464285714285714
13004,100990,0.354838709677419
20007,100990,0.293333333333333
19623,100990,0.246636771300448
101055,100990,0.268156424581006
100075,100990,0.337209302325581
100126,100990,0.290748898678414
100417,100990,0.254166666666667
101030,100990,0.298578199052133
100907,100990,0.373626373626374
101324,100990,0.297872340425532
101473,100990,0.277372262773723
20025,100990,0.319066147859922
100993,100990,0.296296296296296
101204,100990,0.347222222222222
101434,100990,0.333333333333333
11873,100990,0.278350515463918
30018,100990,0.284671532846715
101130,100990,0.273408239700375
100990,100990,1
100992,100990,0.2578125
103154,100990,0.340909090909091
101226,100990,0.334821428571429
101386,100990,0.282229965156794
101598,100990,0.405063291139241
103453,100990,0.300925925925926
10904,100992,0.348837209302326
12038,100992,0.28695652173913
11870,100992,0.29004329004329
19639,100992,0.318965517241379
100908,100992,0.396610169491525
100909,100992,0.383333333333333
13004,100992,0.396610169491525
20007,100992,0.295774647887324
19623,100992,0.287581699346405
101055,100992,0.3
100075,100992,0.460264900662252
100126,100992,0.372093023255814
100417,100992,0.318181818181818
101030,100992,0.357894736842105
100907,100992,0.386759581881533
101324,100992,0.322222222222222
101473,100992,0.671875
20025,100992,0.25
100993,100992,0.365079365079365
101204,100992,0.386666666666667
101434,100992,0.272727272727273
11873,100992,0.271428571428571
30018,100992,0.483870967741935
101130,100992,0.279816513761468
100990,100992,0.2578125
100992,100992,1
103154,100992,0.317460317460317
101226,100992,0.26271186440678
101386,100992,0.31858407079646
101598,100992,0.376623376623377
103453,100992,0.313953488372093
10904,103154,0.28515625
12038,103154,0.320143884892086
11870,103154,0.333333333333333
19639,103154,0.323232323232323
100908,103154,0.339285714285714
100909,103154,0.311926605504587
13004,103154,0.381818181818182
20007,103154,0.301587301587302
19623,103154,0.28804347826087
101055,103154,0.25
100075,103154,0.45
100126,103154,0.296875
100417,103154,0.26457399103139
101030,103154,0.300518134715026
100907,103154,0.293103448275862
101324,103154,0.288888888888889
101473,103154,0.329787234042553
20025,103154,0.338709677419355
100993,103154,0.271929824561403
101204,103154,0.293103448275862
101434,103154,0.290076335877863
11873,103154,0.344036697247706
30018,103154,0.277777777777778
101130,103154,0.322727272727273
100990,103154,0.340909090909091
100992,103154,0.317460317460317
103154,103154,1
101226,103154,0.271084337349398
101386,103154,0.305882352941176
101598,103154,0.321100917431193
103453,103154,0.306532663316583
10904,101226,0.264150943396226
12038,101226,0.307116104868914
11870,101226,0.298181818181818
19639,101226,0.341772151898734
100908,101226,0.313953488372093
100909,101226,0.302325581395349
13004,101226,0.302325581395349
20007,101226,0.279816513761468
19623,101226,0.291866028708134
101055,101226,0.305084745762712
100075,101226,0.27536231884058
100126,101226,0.280898876404494
100417,101226,0.236051502145923
101030,101226,0.263681592039801
100907,101226,0.294117647058824
101324,101226,0.323144104803493
101473,101226,0.26271186440678
20025,101226,0.386281588447653
100993,101226,0.379746835443038
101204,101226,0.301470588235294
101434,101226,0.343915343915344
11873,101226,0.281021897810219
30018,101226,0.242990654205607
101130,101226,0.316831683168317
100990,101226,0.334821428571429
100992,101226,0.26271186440678
103154,101226,0.271084337349398
101226,101226,1
101386,101226,0.231404958677686
101598,101226,0.313953488372093
103453,101226,0.331797235023041
10904,101386,0.355072463768116
12038,101386,0.294605809128631
11870,101386,0.294605809128631
19639,101386,0.317567567567568
100908,101386,0.309677419354839
100909,101386,0.342342342342342
13004,101386,0.316129032258065
20007,101386,0.268085106382979
19623,101386,0.3125
101055,101386,0.32051282051282
100075,101386,0.333333333333333
100126,101386,0.3125
100417,101386,0.325
101030,101386,0.432432432432432
100907,101386,0.333333333333333
101324,101386,0.333333333333333
101473,101386,0.357142857142857
20025,101386,0.300884955752212
100993,101386,0.382978723404255
101204,101386,0.333333333333333
101434,101386,0.3125
11873,101386,0.274368231046931
30018,101386,0.546325878594249
101130,101386,0.369127516778524
100990,101386,0.282229965156794
100992,101386,0.31858407079646
103154,101386,0.305882352941176
101226,101386,0.231404958677686
101386,101386,1
101598,101386,0.311258278145695
103453,101386,0.313636363636364
10904,101598,0.283018867924528
12038,101598,0.274418604651163
11870,101598,0.296296296296296
19639,101598,0.425925925925926
100908,101598,0.563414634146342
100909,101598,0.604417670682731
13004,101598,0.578817733990148
20007,101598,0.277777777777778
19623,101598,0.371428571428571
101055,101598,0.270440251572327
100075,101598,0.377049180327869
100126,101598,0.285714285714286
100417,101598,0.247787610619469
101030,101598,0.3
100907,101598,0.518681318681319
101324,101598,0.294930875576037
101473,101598,0.392156862745098
20025,101598,0.337078651685393
100993,101598,0.389078498293515
101204,101598,0.535087719298246
101434,101598,0.313432835820896
11873,101598,0.286995515695067
30018,101598,0.307692307692308
101130,101598,0.293023255813953
100990,101598,0.405063291139241
100992,101598,0.376623376623377
103154,101598,0.321100917431193
101226,101598,0.313953488372093
101386,101598,0.311258278145695
101598,101598,1
103453,101598,0.3
10904,103453,0.33955223880597
12038,103453,0.368279569892473
11870,103453,0.384823848238482
19639,103453,0.333333333333333
100908,103453,0.285714285714286
100909,103453,0.29047619047619
13004,103453,0.292079207920792
20007,103453,0.372549019607843
19623,103453,0.294117647058824
101055,103453,0.257142857142857
100075,103453,0.373493975903614
100126,103453,0.358695652173913
100417,103453,0.309090909090909
101030,103453,0.291079812206573
100907,103453,0.293838862559242
101324,103453,0.345098039215686
101473,103453,0.348314606741573
20025,103453,0.301801801801802
100993,103453,0.352272727272727
101204,103453,0.293838862559242
101434,103453,0.30188679245283
11873,103453,0.395095367847411
30018,103453,0.322429906542056
101130,103453,0.305660377358491
100990,103453,0.300925925925926
100992,103453,0.313953488372093
103154,103453,0.306532663316583
101226,103453,0.331797235023041
101386,103453,0.313636363636364
101598,103453,0.3
103453,103453,1
