Var1,Var2,Freq
10904,10904,1
12038,10904,0.0547799360244682
11870,10904,0.0632771358666087
19639,10904,0.0886578422733007
100908,10904,0.0435641903578346
100909,10904,0.0435641903578346
13004,10904,0.0455457186609364
20007,10904,0.0620823906122405
19623,10904,0.0462774338608271
101055,10904,0.0298363493517284
100075,10904,0.0326189721024434
100126,10904,0.466052677445497
100417,10904,0.0341948181602823
101030,10904,0.0585298396011698
100907,10904,0.0411786297291763
101324,10904,0.0710724761720518
101473,10904,0.0380520302282026
20025,10904,0.0614896921672722
100993,10904,0.0139067465409994
101204,10904,0.0439760380585939
101434,10904,0.0466709081537815
11873,10904,0.0550888078990928
30018,10904,0.0628415944250822
101130,10904,0.0754366592465589
100990,10904,0.0583606034707825
100992,10904,0.037287323604821
103154,10904,0.0244350916282742
101226,10904,0.0458194543805277
101386,10904,0.0527936925770089
101598,10904,0.0377507072483739
103453,10904,0.0658561894889513
10904,12038,0.0547799360244682
12038,12038,1
11870,12038,0.337648280224324
19639,12038,0.0491378000293794
100908,12038,0.0260471927131764
100909,12038,0.0293347024730919
13004,12038,0.026747566363675
20007,12038,0.102195640762768
19623,12038,0.0348190379846421
101055,12038,0.0305603895791165
100075,12038,0.0173768805210586
100126,12038,0.0481124893256125
100417,12038,0.0280329248937494
101030,12038,0.0556658946645261
100907,12038,0.0194740820341245
101324,12038,0.0839088862856732
101473,12038,0.0219302017040583
20025,12038,0.0411958440502775
100993,12038,0.0115439816664428
101204,12038,0.0182416844095099
101434,12038,0.0393574932468009
11873,12038,0.40368256219105
30018,12038,0.0410838967175091
101130,12038,0.0607723392972541
100990,12038,0.040533074017841
100992,12038,0.0206209869091532
103154,12038,0.0235476846558107
101226,12038,0.042795530241941
101386,12038,0.0366323787758167
101598,12038,0.022889516920062
103453,12038,0.101291024760616
10904,11870,0.0632771358666087
12038,11870,0.337648280224324
11870,11870,1
19639,11870,0.0559239982833923
100908,11870,0.0303420790603827
100909,11870,0.0380707218399141
13004,11870,0.0322945151851665
20007,11870,0.110885932434028
19623,11870,0.0418303056936192
101055,11870,0.0396090678096136
100075,11870,0.0177831487937807
100126,11870,0.0551637113071994
100417,11870,0.0318904835594505
101030,11870,0.0566318809676836
100907,11870,0.0262285045388
101324,11870,0.0902160190313535
101473,11870,0.0236949071864693
20025,11870,0.0410459243964235
100993,11870,0.0174894960691398
101204,11870,0.0249498228270553
101434,11870,0.0357300860591282
11873,11870,0.363254010477588
30018,11870,0.0440034901652261
101130,11870,0.0699097814198151
100990,11870,0.0448828055069896
100992,11870,0.0241849713501695
103154,11870,0.0228835179087605
101226,11870,0.0432677972727923
101386,11870,0.0407017676932779
101598,11870,0.0276173968646552
103453,11870,0.118807453619412
10904,19639,0.0886578422733007
12038,19639,0.0491378000293794
11870,19639,0.0559239982833923
19639,19639,1
100908,19639,0.0394719553002097
100909,19639,0.0307881251341636
13004,19639,0.04015885208162
20007,19639,0.0437324847878366
19623,19639,0.128367426544026
101055,19639,0.120890066398607
100075,19639,0.0457002954911094
100126,19639,0.0799524429055902
100417,19639,0.0367194992484911
101030,19639,0.0777408805922432
100907,19639,0.0415545516745195
101324,19639,0.0576415349159008
101473,19639,0.0606805479933432
20025,19639,0.0746970767273037
100993,19639,0.0246715946004693
101204,19639,0.0351955203116907
101434,19639,0.061119841117334
11873,19639,0.0572550624954378
30018,19639,0.0617129997763895
101130,19639,0.0587064908146113
100990,19639,0.0495129899186127
100992,19639,0.0539027715622528
103154,19639,0.0242043297233977
101226,19639,0.0483150464675062
101386,19639,0.0603352206653957
101598,19639,0.0302308878197473
103453,19639,0.0644435337856598
10904,100908,0.0435641903578346
12038,100908,0.0260471927131764
11870,100908,0.0303420790603827
19639,100908,0.0394719553002097
100908,100908,1
100909,100908,0.390706319702602
13004,100908,0.656074409112045
20007,100908,0.034372128155972
19623,100908,0.0216671742323245
101055,100908,0.0157750027549179
100075,100908,0.193157712747684
100126,100908,0.0381069225531058
100417,100908,0.0122177538211187
101030,100908,0.0327983092370284
100907,100908,0.412741035487311
101324,100908,0.0398561659894348
101473,100908,0.202952189143322
20025,100908,0.0293728423693312
100993,100908,0.120355853936157
101204,100908,0.441713987485427
101434,100908,0.0234949871542157
11873,100908,0.0292646713875092
30018,100908,0.0256513246529279
101130,100908,0.0346288892379435
100990,100908,0.024611004085951
100992,100908,0.19575829119485
103154,100908,0.0143528219498863
101226,100908,0.0235150517037688
101386,100908,0.0300637347139878
101598,100908,0.411912002699153
103453,100908,0.0213099779308489
10904,100909,0.0435641903578346
12038,100909,0.0293347024730919
11870,100909,0.0380707218399141
19639,100909,0.0307881251341636
100908,100909,0.390706319702602
100909,100909,1
13004,100909,0.402557071801055
20007,100909,0.0272606533650813
19623,100909,0.0241793103752027
101055,100909,0.0157750027549179
100075,100909,0.168313151868906
100126,100909,0.0381069225531058
100417,100909,0.0132531566873152
101030,100909,0.0205403552797552
100907,100909,0.387375036818205
101324,100909,0.0322972379569558
101473,100909,0.186833242713167
20025,100909,0.037713279091487
100993,100909,0.107824224892913
101204,100909,0.387710169453904
101434,100909,0.0281939845850588
11873,100909,0.0373937467729285
30018,100909,0.0227290218443665
101130,100909,0.032882894822585
100990,100909,0.0220203720769035
100992,100909,0.180419022108686
103154,100909,0.0143528219498863
101226,100909,0.0280959059317758
101386,100909,0.0264296568914178
101598,100909,0.541697561897899
103453,100909,0.0280536418330163
10904,13004,0.0455457186609364
12038,13004,0.026747566363675
11870,13004,0.0322945151851665
19639,13004,0.04015885208162
100908,13004,0.656074409112045
100909,13004,0.402557071801055
13004,13004,1
20007,13004,0.0364149350740646
19623,13004,0.0243565171253583
101055,13004,0.0158906155217221
100075,13004,0.203033048701392
100126,13004,0.0405358301625976
100417,13004,0.0106385101129203
101030,13004,0.0300351667384702
100907,13004,0.443508021793063
101324,13004,0.0439554293739899
101473,13004,0.212927161567632
20025,13004,0.0306839677737499
100993,13004,0.124130803892385
101204,13004,0.463709731173699
101434,13004,0.0236671785961525
11873,13004,0.031935743699343
30018,13004,0.0251851595982231
101130,13004,0.0334170206739798
100990,13004,0.0244651723601954
100992,13004,0.200871949491999
103154,13004,0.015818765801948
101226,13004,0.0249179039723683
101386,13004,0.0316152353845502
101598,13004,0.425732458513402
103453,13004,0.0274440725396606
10904,20007,0.0620823906122405
12038,20007,0.102195640762768
11870,20007,0.110885932434028
19639,20007,0.0437324847878366
100908,20007,0.034372128155972
100909,20007,0.0272606533650813
13004,20007,0.0364149350740646
20007,20007,1
19623,20007,0.0267816713146254
101055,20007,0.0388150964464883
100075,20007,0.0276127006128676
100126,20007,0.058804416300786
100417,20007,0.0288853823356756
101030,20007,0.043835408984292
100907,20007,0.0343717464812894
101324,20007,0.100234984656944
101473,20007,0.0315361334056951
20025,20007,0.0465358386443288
100993,20007,0.0201854641721375
101204,20007,0.0347330593067841
101434,20007,0.0458819650161909
11873,20007,0.109719626805484
30018,20007,0.0486565451230196
101130,20007,0.0705124649158269
100990,20007,0.0462029264655784
100992,20007,0.0311486957338875
103154,20007,0.0170931776292757
101226,20007,0.038460330588762
101386,20007,0.0410796608741932
101598,20007,0.0359566977991316
103453,20007,0.107289486679969
10904,19623,0.0462774338608271
12038,19623,0.0348190379846421
11870,19623,0.0418303056936192
19639,19623,0.128367426544026
100908,19623,0.0216671742323245
100909,19623,0.0241793103752027
13004,19623,0.0243565171253583
20007,19623,0.0267816713146254
19623,19623,1
101055,19623,0.122534235168036
100075,19623,0.0206907618155887
100126,19623,0.0404295569060315
100417,19623,0.0124194731282312
101030,19623,0.0444957827301598
100907,19623,0.0250999723230403
101324,19623,0.0403420343497006
101473,19623,0.0309449254216244
20025,19623,0.0686142687085039
100993,19623,0.0134524563985032
101204,19623,0.026426595301506
101434,19623,0.0377080676679937
11873,19623,0.0391400586047919
30018,19623,0.0356559098650808
101130,19623,0.045720398703597
100990,19623,0.0341925285441409
100992,19623,0.0286908747192218
103154,19623,0.0102696663238208
101226,19623,0.0405004948972511
101386,19623,0.0354413881719925
101598,19623,0.0190526134400668
103453,19623,0.0348620406036372
10904,101055,0.0298363493517284
12038,101055,0.0305603895791165
11870,101055,0.0396090678096136
19639,101055,0.120890066398607
100908,101055,0.0157750027549179
100909,101055,0.0157750027549179
13004,101055,0.0158906155217221
20007,101055,0.0388150964464883
19623,101055,0.122534235168036
101055,101055,1
100075,101055,0.0164629267015368
100126,101055,0.0278415205924936
100417,101055,0.0127990593613534
101030,101055,0.03270121819658
100907,101055,0.021060000000086
101324,101055,0.03645014515266
101473,101055,0.0148696430756563
20025,101055,0.0608830268797426
100993,101055,0.0103561573603653
101204,101055,0.0182094246811553
101434,101055,0.0322400775952781
11873,101055,0.0394948869773186
30018,101055,0.0314511041787671
101130,101055,0.0472463387836801
100990,101055,0.0334578211265564
100992,101055,0.0161718798143913
103154,101055,0.014330788649478
101226,101055,0.0326796272410563
101386,101055,0.0338289415023396
101598,101055,0.0191016628465761
103453,101055,0.0288654139502294
10904,100075,0.0326189721024434
12038,100075,0.0173768805210586
11870,100075,0.0177831487937807
19639,100075,0.0457002954911094
100908,100075,0.193157712747684
100909,100075,0.168313151868906
13004,100075,0.203033048701392
20007,100075,0.0276127006128676
19623,100075,0.0206907618155887
101055,100075,0.0164629267015368
100075,100075,1
100126,100075,0.0315654369777167
100417,100075,0.0113055737784299
101030,100075,0.0265069918027633
100907,100075,0.16952570941193
101324,100075,0.0223157700077547
101473,100075,0.23621082875045
20025,100075,0.0385713336722099
100993,100075,0.127297920535552
101204,100075,0.182649901640079
101434,100075,0.0281975030996898
11873,100075,0.0183644382872213
30018,100075,0.0244510745277235
101130,100075,0.0284872282664214
100990,100075,0.0271288261998919
100992,100075,0.228613713045962
103154,100075,0.00683458396962793
101226,100075,0.0339205180600447
101386,100075,0.0295427146619784
101598,100075,0.179594988694996
103453,100075,0.0225980607435975
10904,100126,0.466052677445497
12038,100126,0.0481124893256125
11870,100126,0.0551637113071994
19639,100126,0.0799524429055902
100908,100126,0.0381069225531058
100909,100126,0.0381069225531058
13004,100126,0.0405358301625976
20007,100126,0.058804416300786
19623,100126,0.0404295569060315
101055,100126,0.0278415205924936
100075,100126,0.0315654369777167
100126,100126,1
100417,100126,0.0317560962363393
101030,100126,0.0567817393934911
100907,100126,0.0386316646084575
101324,100126,0.0676230750517439
101473,100126,0.0363509269716296
20025,100126,0.0651255216420919
100993,100126,0.0158432456957768
101204,100126,0.04001049302669
101434,100126,0.0457598898316134
11873,100126,0.0528862772853572
30018,100126,0.0516571664671919
101130,100126,0.0649092585468553
100990,100126,0.0544397028021348
100992,100126,0.0371384013383026
103154,100126,0.0235403782768804
101226,100126,0.0428250094573554
101386,100126,0.0555394460234516
101598,100126,0.0375999342686427
103453,100126,0.0694595077288645
10904,100417,0.0341948181602823
12038,100417,0.0280329248937494
11870,100417,0.0318904835594505
19639,100417,0.0367194992484911
100908,100417,0.0122177538211187
100909,100417,0.0132531566873152
13004,100417,0.0106385101129203
20007,100417,0.0288853823356756
19623,100417,0.0124194731282312
101055,100417,0.0127990593613534
100075,100417,0.0113055737784299
100126,100417,0.0317560962363393
100417,100417,1
101030,100417,0.0383858564771855
100907,100417,0.011707753159427
101324,100417,0.0438293117043803
101473,100417,0.0102034165836497
20025,100417,0.0153520432970296
100993,100417,0.00770785970677441
101204,100417,0.0116181272405701
101434,100417,0.0139057939259043
11873,100417,0.0312450972173186
30018,100417,0.0222474098687178
101130,100417,0.0290159149360462
100990,100417,0.0207446073556974
100992,100417,0.00915502485998481
103154,100417,0.0117576363321869
101226,100417,0.0120782829705281
101386,100417,0.0252123741769367
101598,100417,0.0164778627719862
103453,100417,0.0293009808463151
10904,101030,0.0585298396011698
12038,101030,0.0556658946645261
11870,101030,0.0566318809676836
19639,101030,0.0777408805922432
100908,101030,0.0327983092370284
100909,101030,0.0205403552797552
13004,101030,0.0300351667384702
20007,101030,0.043835408984292
19623,101030,0.0444957827301598
101055,101030,0.03270121819658
100075,101030,0.0265069918027633
100126,101030,0.0567817393934911
100417,101030,0.0383858564771855
101030,101030,1
100907,101030,0.0268040586392547
101324,101030,0.0643021310335462
101473,101030,0.0365654177777957
20025,101030,0.0475058214562692
100993,101030,0.019078695966911
101204,101030,0.0298722210342517
101434,101030,0.04082990457805
11873,101030,0.0557828138880941
30018,101030,0.151339723637202
101130,101030,0.0562755664831131
100990,101030,0.0559868472242704
100992,101030,0.031897011356023
103154,101030,0.0231743538620289
101226,101030,0.0310262012954558
101386,101030,0.150449580108114
101598,101030,0.0257029162171089
103453,101030,0.0555311196724585
10904,100907,0.0411786297291763
12038,100907,0.0194740820341245
11870,100907,0.0262285045388
19639,100907,0.0415545516745195
100908,100907,0.412741035487311
100909,100907,0.387375036818205
13004,100907,0.443508021793063
20007,100907,0.0343717464812894
19623,100907,0.0250999723230403
101055,100907,0.021060000000086
100075,100907,0.16952570941193
100126,100907,0.0386316646084575
100417,100907,0.011707753159427
101030,100907,0.0268040586392547
100907,100907,1
101324,100907,0.0415303336466344
101473,100907,0.205332656302696
20025,100907,0.0293389963738441
100993,100907,0.115793423735148
101204,100907,0.701043459889566
101434,100907,0.0289143080754623
11873,100907,0.0285265897943895
30018,100907,0.0234218195700558
101130,100907,0.0340391770067751
100990,100907,0.0280938948237478
100992,100907,0.184056908882363
103154,100907,0.0121802526475658
101226,100907,0.0324479987118223
101386,100907,0.0276953077093142
101598,100907,0.414859256950659
103453,100907,0.0294496499287022
10904,101324,0.0710724761720518
12038,101324,0.0839088862856732
11870,101324,0.0902160190313535
19639,101324,0.0576415349159008
100908,101324,0.0398561659894348
100909,101324,0.0322972379569558
13004,101324,0.0439554293739899
20007,101324,0.100234984656944
19623,101324,0.0403420343497006
101055,101324,0.03645014515266
100075,101324,0.0223157700077547
100126,101324,0.0676230750517439
100417,101324,0.0438293117043803
101030,101324,0.0643021310335462
100907,101324,0.0415303336466344
101324,101324,1
101473,101324,0.0308116657183293
20025,101324,0.0609989210713289
100993,101324,0.0188213471699102
101204,101324,0.0402746833355894
101434,101324,0.0594455226063997
11873,101324,0.102431377696968
30018,101324,0.0492171389154039
101130,101324,0.092789856831013
100990,101324,0.0466906745453504
100992,101324,0.0270044397957185
103154,101324,0.0348027085326427
101226,101324,0.0522175812179222
101386,101324,0.0442750795432961
101598,101324,0.0355420444095246
103453,101324,0.0827720672715741
10904,101473,0.0380520302282026
12038,101473,0.0219302017040583
11870,101473,0.0236949071864693
19639,101473,0.0606805479933432
100908,101473,0.202952189143322
100909,101473,0.186833242713167
13004,101473,0.212927161567632
20007,101473,0.0315361334056951
19623,101473,0.0309449254216244
101055,101473,0.0148696430756563
100075,101473,0.23621082875045
100126,101473,0.0363509269716296
100417,101473,0.0102034165836497
101030,101473,0.0365654177777957
100907,101473,0.205332656302696
101324,101473,0.0308116657183293
101473,101473,1
20025,101473,0.0353779289843233
100993,101473,0.170832551741984
101204,101473,0.208101771556006
101434,101473,0.0211273166046824
11873,101473,0.0218962631681246
30018,101473,0.0278380117688486
101130,101473,0.0321178065542743
100990,101473,0.0255294808100641
100992,101473,0.699301454767953
103154,101473,0.00948482850418332
101226,101473,0.0273862684282585
101386,101473,0.0361377219843098
101598,101473,0.196401263261401
103453,101473,0.0231265801848234
10904,20025,0.0614896921672722
12038,20025,0.0411958440502775
11870,20025,0.0410459243964235
19639,20025,0.0746970767273037
100908,20025,0.0293728423693312
100909,20025,0.037713279091487
13004,20025,0.0306839677737499
20007,20025,0.0465358386443288
19623,20025,0.0686142687085039
101055,20025,0.0608830268797426
100075,20025,0.0385713336722099
100126,20025,0.0651255216420919
100417,20025,0.0153520432970296
101030,20025,0.0475058214562692
100907,20025,0.0293389963738441
101324,20025,0.0609989210713289
101473,20025,0.0353779289843233
20025,20025,1
100993,20025,0.0277591412583243
101204,20025,0.0348771453914691
101434,20025,0.13092261186011
11873,20025,0.0449347214079218
30018,20025,0.0424424787747103
101130,20025,0.0760745916174535
100990,20025,0.0881319093890389
100992,20025,0.0342010818928547
103154,20025,0.0107064369562944
101226,20025,0.133458568607603
101386,20025,0.0451172696432666
101598,20025,0.0321012910049906
103453,20025,0.0394693890048444
10904,100993,0.0139067465409994
12038,100993,0.0115439816664428
11870,100993,0.0174894960691398
19639,100993,0.0246715946004693
100908,100993,0.120355853936157
100909,100993,0.107824224892913
13004,100993,0.124130803892385
20007,100993,0.0201854641721375
19623,100993,0.0134524563985032
101055,100993,0.0103561573603653
100075,100993,0.127297920535552
100126,100993,0.0158432456957768
100417,100993,0.00770785970677441
101030,100993,0.019078695966911
100907,100993,0.115793423735148
101324,100993,0.0188213471699102
101473,100993,0.170832551741984
20025,100993,0.0277591412583243
100993,100993,1
101204,100993,0.12764236965477
101434,100993,0.0171191379066732
11873,100993,0.0129403905014192
30018,100993,0.0180147554312348
101130,100993,0.0253414731826267
100990,100993,0.0238794111128347
100992,100993,0.168515292444756
103154,100993,0.0077081525573257
101226,100993,0.0229486722626783
101386,100993,0.0264499565362912
101598,100993,0.12464620682054
103453,100993,0.0149658563783151
10904,101204,0.0439760380585939
12038,101204,0.0182416844095099
11870,101204,0.0249498228270553
19639,101204,0.0351955203116907
100908,101204,0.441713987485427
100909,101204,0.387710169453904
13004,101204,0.463709731173699
20007,101204,0.0347330593067841
19623,101204,0.026426595301506
101055,101204,0.0182094246811553
100075,101204,0.182649901640079
100126,101204,0.04001049302669
100417,101204,0.0116181272405701
101030,101204,0.0298722210342517
100907,101204,0.701043459889566
101324,101204,0.0402746833355894
101473,101204,0.208101771556006
20025,101204,0.0348771453914691
100993,101204,0.12764236965477
101204,101204,1
101434,101204,0.0276580668192732
11873,101204,0.0257900535904382
30018,101204,0.0243979149136005
101130,101204,0.0364426840544534
100990,101204,0.0272523381634036
100992,101204,0.195391368950607
103154,101204,0.0126878600030458
101226,101204,0.0327376675009107
101386,101204,0.0304507580473108
101598,101204,0.427127276474277
103453,101204,0.027835682638321
10904,101434,0.0466709081537815
12038,101434,0.0393574932468009
11870,101434,0.0357300860591282
19639,101434,0.061119841117334
100908,101434,0.0234949871542157
100909,101434,0.0281939845850588
13004,101434,0.0236671785961525
20007,101434,0.0458819650161909
19623,101434,0.0377080676679937
101055,101434,0.0322400775952781
100075,101434,0.0281975030996898
100126,101434,0.0457598898316134
100417,101434,0.0139057939259043
101030,101434,0.04082990457805
100907,101434,0.0289143080754623
101324,101434,0.0594455226063997
101473,101434,0.0211273166046824
20025,101434,0.13092261186011
100993,101434,0.0171191379066732
101204,101434,0.0276580668192732
101434,101434,1
11873,101434,0.0413156614667091
30018,101434,0.0341170798471424
101130,101434,0.0735663286725896
100990,101434,0.074958496245299
100992,101434,0.0187545322571465
103154,101434,0.0138736015010072
101226,101434,0.212312414777423
101386,101434,0.0370618750449871
101598,101434,0.0271668765759315
103453,101434,0.0298346844787349
10904,11873,0.0550888078990928
12038,11873,0.40368256219105
11870,11873,0.363254010477588
19639,11873,0.0572550624954378
100908,11873,0.0292646713875092
100909,11873,0.0373937467729285
13004,11873,0.031935743699343
20007,11873,0.109719626805484
19623,11873,0.0391400586047919
101055,11873,0.0394948869773186
100075,11873,0.0183644382872213
100126,11873,0.0528862772853572
100417,11873,0.0312450972173186
101030,11873,0.0557828138880941
100907,11873,0.0285265897943895
101324,11873,0.102431377696968
101473,11873,0.0218962631681246
20025,11873,0.0449347214079218
100993,11873,0.0129403905014192
101204,11873,0.0257900535904382
101434,11873,0.0413156614667091
11873,11873,1
30018,11873,0.0444951557790207
101130,11873,0.0755116176680025
100990,11873,0.040363054743281
100992,11873,0.0250239236059313
103154,11873,0.0246161734642273
101226,11873,0.0414038125149356
101386,11873,0.0341949567582978
101598,11873,0.0274910675065803
103453,11873,0.11541604449477
10904,30018,0.0628415944250822
12038,30018,0.0410838967175091
11870,30018,0.0440034901652261
19639,30018,0.0617129997763895
100908,30018,0.0256513246529279
100909,30018,0.0227290218443665
13004,30018,0.0251851595982231
20007,30018,0.0486565451230196
19623,30018,0.0356559098650808
101055,30018,0.0314511041787671
100075,30018,0.0244510745277235
100126,30018,0.0516571664671919
100417,30018,0.0222474098687178
101030,30018,0.151339723637202
100907,30018,0.0234218195700558
101324,30018,0.0492171389154039
101473,30018,0.0278380117688486
20025,30018,0.0424424787747103
100993,30018,0.0180147554312348
101204,30018,0.0243979149136005
101434,30018,0.0341170798471424
11873,30018,0.0444951557790207
30018,30018,1
101130,30018,0.0559176957461884
100990,30018,0.0695802257337979
100992,30018,0.0248819815863203
103154,30018,0.0151911475625223
101226,30018,0.0237399721688422
101386,30018,0.479587156078219
101598,30018,0.0245452711737574
103453,30018,0.0478285189281153
10904,101130,0.0754366592465589
12038,101130,0.0607723392972541
11870,101130,0.0699097814198151
19639,101130,0.0587064908146113
100908,101130,0.0346288892379435
100909,101130,0.032882894822585
13004,101130,0.0334170206739798
20007,101130,0.0705124649158269
19623,101130,0.045720398703597
101055,101130,0.0472463387836801
100075,101130,0.0284872282664214
100126,101130,0.0649092585468553
100417,101130,0.0290159149360462
101030,101130,0.0562755664831131
100907,101130,0.0340391770067751
101324,101130,0.092789856831013
101473,101130,0.0321178065542743
20025,101130,0.0760745916174535
100993,101130,0.0253414731826267
101204,101130,0.0364426840544534
101434,101130,0.0735663286725896
11873,101130,0.0755116176680025
30018,101130,0.0559176957461884
101130,101130,1
100990,101130,0.0375164153637636
100992,101130,0.0303043602959422
103154,101130,0.0270966818747651
101226,101130,0.0717167082337204
101386,101130,0.0512047922363053
101598,101130,0.0370487112681305
103453,101130,0.0574339509007664
10904,100990,0.0583606034707825
12038,100990,0.040533074017841
11870,100990,0.0448828055069896
19639,100990,0.0495129899186127
100908,100990,0.024611004085951
100909,100990,0.0220203720769035
13004,100990,0.0244651723601954
20007,100990,0.0462029264655784
19623,100990,0.0341925285441409
101055,100990,0.0334578211265564
100075,100990,0.0271288261998919
100126,100990,0.0544397028021348
100417,100990,0.0207446073556974
101030,100990,0.0559868472242704
100907,100990,0.0280938948237478
101324,100990,0.0466906745453504
101473,100990,0.0255294808100641
20025,100990,0.0881319093890389
100993,100990,0.0238794111128347
101204,100990,0.0272523381634036
101434,100990,0.074958496245299
11873,100990,0.040363054743281
30018,100990,0.0695802257337979
101130,100990,0.0375164153637636
100990,100990,1
100992,100990,0.0232244937517644
103154,100990,0.0163271119533997
101226,100990,0.0702307263285989
101386,100990,0.0653274062882384
101598,100990,0.0254456979559736
103453,100990,0.0427656735915886
10904,100992,0.037287323604821
12038,100992,0.0206209869091532
11870,100992,0.0241849713501695
19639,100992,0.0539027715622528
100908,100992,0.19575829119485
100909,100992,0.180419022108686
13004,100992,0.200871949491999
20007,100992,0.0311486957338875
19623,100992,0.0286908747192218
101055,100992,0.0161718798143913
100075,100992,0.228613713045962
100126,100992,0.0371384013383026
100417,100992,0.00915502485998481
101030,100992,0.031897011356023
100907,100992,0.184056908882363
101324,100992,0.0270044397957185
101473,100992,0.699301454767953
20025,100992,0.0342010818928547
100993,100992,0.168515292444756
101204,100992,0.195391368950607
101434,100992,0.0187545322571465
11873,100992,0.0250239236059313
30018,100992,0.0248819815863203
101130,100992,0.0303043602959422
100990,100992,0.0232244937517644
100992,100992,1
103154,100992,0.00912407227431185
101226,100992,0.0279026734832258
101386,100992,0.0282376432065707
101598,100992,0.192895205386412
103453,100992,0.0212008635693076
10904,103154,0.0244350916282742
12038,103154,0.0235476846558107
11870,103154,0.0228835179087605
19639,103154,0.0242043297233977
100908,103154,0.0143528219498863
100909,103154,0.0143528219498863
13004,103154,0.015818765801948
20007,103154,0.0170931776292757
19623,103154,0.0102696663238208
101055,103154,0.014330788649478
100075,103154,0.00683458396962793
100126,103154,0.0235403782768804
100417,103154,0.0117576363321869
101030,103154,0.0231743538620289
100907,103154,0.0121802526475658
101324,103154,0.0348027085326427
101473,103154,0.00948482850418332
20025,103154,0.0107064369562944
100993,103154,0.0077081525573257
101204,103154,0.0126878600030458
101434,103154,0.0138736015010072
11873,103154,0.0246161734642273
30018,103154,0.0151911475625223
101130,103154,0.0270966818747651
100990,103154,0.0163271119533997
100992,103154,0.00912407227431185
103154,103154,1
101226,103154,0.0113746938605634
101386,103154,0.0124551878565826
101598,103154,0.0156197060447592
103453,103154,0.0185013537741752
10904,101226,0.0458194543805277
12038,101226,0.042795530241941
11870,101226,0.0432677972727923
19639,101226,0.0483150464675062
100908,101226,0.0235150517037688
100909,101226,0.0280959059317758
13004,101226,0.0249179039723683
20007,101226,0.038460330588762
19623,101226,0.0405004948972511
101055,101226,0.0326796272410563
100075,101226,0.0339205180600447
100126,101226,0.0428250094573554
100417,101226,0.0120782829705281
101030,101226,0.0310262012954558
100907,101226,0.0324479987118223
101324,101226,0.0522175812179222
101473,101226,0.0273862684282585
20025,101226,0.133458568607603
100993,101226,0.0229486722626783
101204,101226,0.0327376675009107
101434,101226,0.212312414777423
11873,101226,0.0414038125149356
30018,101226,0.0237399721688422
101130,101226,0.0717167082337204
100990,101226,0.0702307263285989
100992,101226,0.0279026734832258
103154,101226,0.0113746938605634
101226,101226,1
101386,101226,0.0241545548204528
101598,101226,0.0303757317609992
103453,101226,0.0418817871828557
10904,101386,0.0527936925770089
12038,101386,0.0366323787758167
11870,101386,0.0407017676932779
19639,101386,0.0603352206653957
100908,101386,0.0300637347139878
100909,101386,0.0264296568914178
13004,101386,0.0316152353845502
20007,101386,0.0410796608741932
19623,101386,0.0354413881719925
101055,101386,0.0338289415023396
100075,101386,0.0295427146619784
100126,101386,0.0555394460234516
100417,101386,0.0252123741769367
101030,101386,0.150449580108114
100907,101386,0.0276953077093142
101324,101386,0.0442750795432961
101473,101386,0.0361377219843098
20025,101386,0.0451172696432666
100993,101386,0.0264499565362912
101204,101386,0.0304507580473108
101434,101386,0.0370618750449871
11873,101386,0.0341949567582978
30018,101386,0.479587156078219
101130,101386,0.0512047922363053
100990,101386,0.0653274062882384
100992,101386,0.0282376432065707
103154,101386,0.0124551878565826
101226,101386,0.0241545548204528
101386,101386,1
101598,101386,0.0272741463640102
103453,101386,0.0467459874576942
10904,101598,0.0377507072483739
12038,101598,0.022889516920062
11870,101598,0.0276173968646552
19639,101598,0.0302308878197473
100908,101598,0.411912002699153
100909,101598,0.541697561897899
13004,101598,0.425732458513402
20007,101598,0.0359566977991316
19623,101598,0.0190526134400668
101055,101598,0.0191016628465761
100075,101598,0.179594988694996
100126,101598,0.0375999342686427
100417,101598,0.0164778627719862
101030,101598,0.0257029162171089
100907,101598,0.414859256950659
101324,101598,0.0355420444095246
101473,101598,0.196401263261401
20025,101598,0.0321012910049906
100993,101598,0.12464620682054
101204,101598,0.427127276474277
101434,101598,0.0271668765759315
11873,101598,0.0274910675065803
30018,101598,0.0245452711737574
101130,101598,0.0370487112681305
100990,101598,0.0254456979559736
100992,101598,0.192895205386412
103154,101598,0.0156197060447592
101226,101598,0.0303757317609992
101386,101598,0.0272741463640102
101598,101598,1
103453,101598,0.0276353309295841
10904,103453,0.0658561894889513
12038,103453,0.101291024760616
11870,103453,0.118807453619412
19639,103453,0.0644435337856598
100908,103453,0.0213099779308489
100909,103453,0.0280536418330163
13004,103453,0.0274440725396606
20007,103453,0.107289486679969
19623,103453,0.0348620406036372
101055,103453,0.0288654139502294
100075,103453,0.0225980607435975
100126,103453,0.0694595077288645
100417,103453,0.0293009808463151
101030,103453,0.0555311196724585
100907,103453,0.0294496499287022
101324,103453,0.0827720672715741
101473,103453,0.0231265801848234
20025,103453,0.0394693890048444
100993,103453,0.0149658563783151
101204,103453,0.027835682638321
101434,103453,0.0298346844787349
11873,103453,0.11541604449477
30018,103453,0.0478285189281153
101130,103453,0.0574339509007664
100990,103453,0.0427656735915886
100992,103453,0.0212008635693076
103154,103453,0.0185013537741752
101226,103453,0.0418817871828557
101386,103453,0.0467459874576942
101598,103453,0.0276353309295841
103453,103453,1
