Var1,Var2,Freq
11521,11521,1
11518,11521,0.168859718779917
11441,11521,0.102652260134264
12388,11521,0.136325516804385
12114,11521,0.103938167969726
11523,11521,0.142054182144584
18014,11521,0.0356216975799224
11618,11521,0.0724659199732537
11520,11521,0.168262099427445
13061,11521,0.166568932047973
100247,11521,0.0709202501251736
100485,11521,0.0436257346925066
100627,11521,0.0180914019822673
100629,11521,0.0988042170141993
11414,11521,0.154075468109508
10258,11521,0.1572930290419
100600,11521,0.0318492593142758
100602,11521,0.0233227627430141
100483,11521,0.161432123759258
10756,11521,0.14247926027227
11521,11518,0.168859718779917
11518,11518,1
11441,11518,0.0965541134808473
12388,11518,0.124177708010341
12114,11518,0.0896824404917064
11523,11518,0.149359837266418
18014,11518,0.0213470324973576
11618,11518,0.0753858272781379
11520,11518,0.156979559468687
13061,11518,0.854752813357274
100247,11518,0.0929857536287178
100485,11518,0.0328868656870861
100627,11518,0.0186287717883996
100629,11518,0.0921427422256766
11414,11518,0.122081778626223
10258,11518,0.502134275645226
100600,11518,0.0245479458499302
100602,11518,0.0198281984947987
100483,11518,0.126528895111985
10756,11518,0.126231819714806
11521,11441,0.102652260134264
11518,11441,0.0965541134808473
11441,11441,1
12388,11441,0.0572070911309287
12114,11441,0.0552534696252878
11523,11441,0.0751023174875255
18014,11441,0.0114170877271512
11618,11441,0.0366612909780403
11520,11441,0.0797409108567036
13061,11441,0.0950448650102195
100247,11441,0.0459204130180459
100485,11441,0.0215361975095671
100627,11441,0.012101141821624
100629,11441,0.0611013027293637
11414,11441,0.0846344629418056
10258,11441,0.099266976685004
100600,11441,0.0141341343621786
100602,11441,0.0109635737393668
100483,11441,0.0839078621459134
10756,11441,0.0580101295070201
11521,12388,0.136325516804385
11518,12388,0.124177708010341
11441,12388,0.0572070911309287
12388,12388,1
12114,12388,0.06639901138961
11523,12388,0.103499772497243
18014,12388,0.0160836791751882
11618,12388,0.0487582394146342
11520,12388,0.114858854350592
13061,12388,0.124810640038165
100247,12388,0.0603708101631539
100485,12388,0.0253045704885357
100627,12388,0.0185236530215903
100629,12388,0.0701731193339695
11414,12388,0.100355099860043
10258,12388,0.120578250327963
100600,12388,0.023490110207787
100602,12388,0.0141233170716508
100483,12388,0.0914416977306771
10756,12388,0.249443096230896
11521,12114,0.103938167969726
11518,12114,0.0896824404917064
11441,12114,0.0552534696252878
12388,12114,0.06639901138961
12114,12114,1
11523,12114,0.0743930632736696
18014,12114,0.0143526303320061
11618,12114,0.0385880859961597
11520,12114,0.0796665873966173
13061,12114,0.0881847272837906
100247,12114,0.0411307676747769
100485,12114,0.0302715756611291
100627,12114,0.0120432824279197
100629,12114,0.122348851797466
11414,12114,0.237134347411481
10258,12114,0.0947980499556981
100600,12114,0.0144684561465418
100602,12114,0.0102026369633523
100483,12114,0.233864301387147
10756,12114,0.0641886702737744
11521,11523,0.142054182144584
11518,11523,0.149359837266418
11441,11523,0.0751023174875255
12388,11523,0.103499772497243
12114,11523,0.0743930632736696
11523,11523,1
18014,11523,0.0200363434521109
11618,11523,0.0622851660047904
11520,11523,0.522486356027499
13061,11523,0.150796045462968
100247,11523,0.0592979159052955
100485,11523,0.0309845639026135
100627,11523,0.0171181637680779
100629,11523,0.0889841281380978
11414,11523,0.13260377321548
10258,11523,0.147235085507181
100600,11523,0.0266586883891614
100602,11523,0.0169188768393151
100483,11523,0.131599065287057
10756,11523,0.10853669138033
11521,18014,0.0356216975799224
11518,18014,0.0213470324973576
11441,18014,0.0114170877271512
12388,18014,0.0160836791751882
12114,18014,0.0143526303320061
11523,18014,0.0200363434521109
18014,18014,1
11618,18014,0.0134072861785893
11520,18014,0.0212096764537329
13061,18014,0.0216616389164807
100247,18014,0.0265233768081765
100485,18014,0.0310557763390044
100627,18014,0.0197684317278111
100629,18014,0.0180652595044088
11414,18014,0.0224175182699171
10258,18014,0.0288483306641962
100600,18014,0.0197910252217085
100602,18014,0.0202360869028143
100483,18014,0.0232509334830086
10756,18014,0.014633669036852
11521,11618,0.0724659199732537
11518,11618,0.0753858272781379
11441,11618,0.0366612909780403
12388,11618,0.0487582394146342
12114,11618,0.0385880859961597
11523,11618,0.0622851660047904
18014,11618,0.0134072861785893
11618,11618,1
11520,11618,0.0636247013201003
13061,11618,0.0746310652653074
100247,11618,0.0375909275567286
100485,11618,0.0145376063372587
100627,11618,0.014290597431637
100629,11618,0.0320295681412311
11414,11618,0.0509916180258897
10258,11618,0.0775554477231715
100600,11618,0.014915735809489
100602,11618,0.0117201045652144
100483,11618,0.0552910223348119
10756,11618,0.0527465996670092
11521,11520,0.168262099427445
11518,11520,0.156979559468687
11441,11520,0.0797409108567036
12388,11520,0.114858854350592
12114,11520,0.0796665873966173
11523,11520,0.522486356027499
18014,11520,0.0212096764537329
11618,11520,0.0636247013201003
11520,11520,1
13061,11520,0.155431294368207
100247,11520,0.0838361552235458
100485,11520,0.0322762060883342
100627,11520,0.0214791683475273
100629,11520,0.0844284958672385
11414,11520,0.119934975940153
10258,11520,0.147035752510122
100600,11520,0.0281937623617496
100602,11520,0.0206225652627764
100483,11520,0.132392983599893
10756,11520,0.124158646521096
11521,13061,0.166568932047973
11518,13061,0.854752813357274
11441,13061,0.0950448650102195
12388,13061,0.124810640038165
12114,13061,0.0881847272837906
11523,13061,0.150796045462968
18014,13061,0.0216616389164807
11618,13061,0.0746310652653074
11520,13061,0.155431294368207
13061,13061,1
100247,13061,0.0905585349147499
100485,13061,0.0402148902753402
100627,13061,0.0185326639841009
100629,13061,0.091904234655389
11414,13061,0.120814402793229
10258,13061,0.505280521210078
100600,13061,0.0249763299550455
100602,13061,0.0190214061954819
100483,13061,0.124175090519998
10756,13061,0.125259398458714
11521,100247,0.0709202501251736
11518,100247,0.0929857536287178
11441,100247,0.0459204130180459
12388,100247,0.0603708101631539
12114,100247,0.0411307676747769
11523,100247,0.0592979159052955
18014,100247,0.0265233768081765
11618,100247,0.0375909275567286
11520,100247,0.0838361552235458
13061,100247,0.0905585349147499
100247,100247,1
100485,100247,0.0433379029867582
100627,100247,0.023469697452763
100629,100247,0.0688475915292199
11414,100247,0.0669570358580025
10258,100247,0.0961996048111441
100600,100247,0.0415915431885188
100602,100247,0.0223965888113686
100483,100247,0.0710729649735795
10756,100247,0.0503233785691913
11521,100485,0.0436257346925066
11518,100485,0.0328868656870861
11441,100485,0.0215361975095671
12388,100485,0.0253045704885357
12114,100485,0.0302715756611291
11523,100485,0.0309845639026135
18014,100485,0.0310557763390044
11618,100485,0.0145376063372587
11520,100485,0.0322762060883342
13061,100485,0.0402148902753402
100247,100485,0.0433379029867582
100485,100485,1
100627,100485,0.0396548188717147
100629,100485,0.0173190892944216
11414,100485,0.03445496687438
10258,100485,0.0294604775604365
100600,100485,0.0458757181094844
100602,100485,0.0324743357228261
100483,100485,0.0416385663999751
10756,100485,0.0321624916663134
11521,100627,0.0180914019822673
11518,100627,0.0186287717883996
11441,100627,0.012101141821624
12388,100627,0.0185236530215903
12114,100627,0.0120432824279197
11523,100627,0.0171181637680779
18014,100627,0.0197684317278111
11618,100627,0.014290597431637
11520,100627,0.0214791683475273
13061,100627,0.0185326639841009
100247,100627,0.023469697452763
100485,100627,0.0396548188717147
100627,100627,1
100629,100627,0.0122055833482897
11414,100627,0.0148364699928896
10258,100627,0.0234730810147539
100600,100627,0.0239873629819836
100602,100627,0.251773701820122
100483,100627,0.0186615885722618
10756,100627,0.0192194637112801
11521,100629,0.0988042170141993
11518,100629,0.0921427422256766
11441,100629,0.0611013027293637
12388,100629,0.0701731193339695
12114,100629,0.122348851797466
11523,100629,0.0889841281380978
18014,100629,0.0180652595044088
11618,100629,0.0320295681412311
11520,100629,0.0844284958672385
13061,100629,0.091904234655389
100247,100629,0.0688475915292199
100485,100629,0.0173190892944216
100627,100629,0.0122055833482897
100629,100629,1
11414,100629,0.169917910189044
10258,100629,0.0953094954068651
100600,100629,0.0168620798695056
100602,100629,0.0116743431253736
100483,100629,0.167812931055306
10756,100629,0.0679480240643292
11521,11414,0.154075468109508
11518,11414,0.122081778626223
11441,11414,0.0846344629418056
12388,11414,0.100355099860043
12114,11414,0.237134347411481
11523,11414,0.13260377321548
18014,11414,0.0224175182699171
11618,11414,0.0509916180258897
11520,11414,0.119934975940153
13061,11414,0.120814402793229
100247,11414,0.0669570358580025
100485,11414,0.03445496687438
100627,11414,0.0148364699928896
100629,11414,0.169917910189044
11414,11414,1
10258,11414,0.127938049176477
100600,11414,0.0218675448778454
100602,11414,0.0136163357373307
100483,11414,0.598868356957591
10756,11414,0.10409748846882
11521,10258,0.1572930290419
11518,10258,0.502134275645226
11441,10258,0.099266976685004
12388,10258,0.120578250327963
12114,10258,0.0947980499556981
11523,10258,0.147235085507181
18014,10258,0.0288483306641962
11618,10258,0.0775554477231715
11520,10258,0.147035752510122
13061,10258,0.505280521210078
100247,10258,0.0961996048111441
100485,10258,0.0294604775604365
100627,10258,0.0234730810147539
100629,10258,0.0953094954068651
11414,10258,0.127938049176477
10258,10258,1
100600,10258,0.0228471333426832
100602,10258,0.0195748406614455
100483,10258,0.137240819774839
10756,10258,0.114030341643126
11521,100600,0.0318492593142758
11518,100600,0.0245479458499302
11441,100600,0.0141341343621786
12388,100600,0.023490110207787
12114,100600,0.0144684561465418
11523,100600,0.0266586883891614
18014,100600,0.0197910252217085
11618,100600,0.014915735809489
11520,100600,0.0281937623617496
13061,100600,0.0249763299550455
100247,100600,0.0415915431885188
100485,100600,0.0458757181094844
100627,100600,0.0239873629819836
100629,100600,0.0168620798695056
11414,100600,0.0218675448778454
10258,100600,0.0228471333426832
100600,100600,1
100602,100600,0.026443656617583
100483,100600,0.0246589342836418
10756,100600,0.0212012050412928
11521,100602,0.0233227627430141
11518,100602,0.0198281984947987
11441,100602,0.0109635737393668
12388,100602,0.0141233170716508
12114,100602,0.0102026369633523
11523,100602,0.0169188768393151
18014,100602,0.0202360869028143
11618,100602,0.0117201045652144
11520,100602,0.0206225652627764
13061,100602,0.0190214061954819
100247,100602,0.0223965888113686
100485,100602,0.0324743357228261
100627,100602,0.251773701820122
100629,100602,0.0116743431253736
11414,100602,0.0136163357373307
10258,100602,0.0195748406614455
100600,100602,0.026443656617583
100602,100602,1
100483,100602,0.0167675757621986
10756,100602,0.0163574202030291
11521,100483,0.161432123759258
11518,100483,0.126528895111985
11441,100483,0.0839078621459134
12388,100483,0.0914416977306771
12114,100483,0.233864301387147
11523,100483,0.131599065287057
18014,100483,0.0232509334830086
11618,100483,0.0552910223348119
11520,100483,0.132392983599893
13061,100483,0.124175090519998
100247,100483,0.0710729649735795
100485,100483,0.0416385663999751
100627,100483,0.0186615885722618
100629,100483,0.167812931055306
11414,100483,0.598868356957591
10258,100483,0.137240819774839
100600,100483,0.0246589342836418
100602,100483,0.0167675757621986
100483,100483,1
10756,100483,0.0963180499779765
11521,10756,0.14247926027227
11518,10756,0.126231819714806
11441,10756,0.0580101295070201
12388,10756,0.249443096230896
12114,10756,0.0641886702737744
11523,10756,0.10853669138033
18014,10756,0.014633669036852
11618,10756,0.0527465996670092
11520,10756,0.124158646521096
13061,10756,0.125259398458714
100247,10756,0.0503233785691913
100485,10756,0.0321624916663134
100627,10756,0.0192194637112801
100629,10756,0.0679480240643292
11414,10756,0.10409748846882
10258,10756,0.114030341643126
100600,10756,0.0212012050412928
100602,10756,0.0163574202030291
100483,10756,0.0963180499779765
10756,10756,1
