Var1,Var2,Freq
11521,11521,1
11518,11521,0.382352941176471
11441,11521,0.421276595744681
12388,11521,0.378151260504202
12114,11521,0.408906882591093
11523,11521,0.387351778656126
18014,11521,0.350877192982456
11618,11521,0.381147540983607
11520,11521,0.387096774193548
13061,11521,0.382352941176471
100247,11521,0.321266968325792
100485,11521,0.226415094339623
100627,11521,1
100629,11521,0.38671875
11414,11521,0.369811320754717
10258,11521,0.337606837606838
100600,11521,0.5
100602,11521,0.333333333333333
100483,11521,0.398523985239852
10756,11521,0.388185654008439
11521,11518,0.382352941176471
11518,11518,1
11441,11518,0.4
12388,11518,0.366533864541833
12114,11518,0.376760563380282
11523,11518,0.353790613718412
18014,11518,0.272727272727273
11618,11518,0.382113821138211
11520,11518,0.361111111111111
13061,11518,0.849884526558891
100247,11518,0.327272727272727
100485,11518,0.260869565217391
100627,11518,0.384615384615385
100629,11518,0.37890625
11414,11518,0.362903225806452
10258,11518,0.681967213114754
100600,11518,0.5
100602,11518,0.666666666666667
100483,11518,0.380952380952381
10756,11518,0.366533864541833
11521,11441,0.421276595744681
11518,11441,0.4
11441,11441,1
12388,11441,0.357429718875502
12114,11441,0.433691756272401
11523,11441,0.39622641509434
18014,11441,0.419354838709677
11618,11441,0.4
11520,11441,0.392996108949416
13061,11441,0.380073800738007
100247,11441,0.336134453781513
100485,11441,0.296875
100627,11441,0.32258064516129
100629,11441,0.41
11414,11441,0.408637873754153
10258,11441,0.3828125
100600,11441,0.526315789473684
100602,11441,0.275862068965517
100483,11441,0.410526315789474
10756,11441,0.372384937238494
11521,12388,0.378151260504202
11518,12388,0.366533864541833
11441,12388,0.357429718875502
12388,12388,1
12114,12388,0.412244897959184
11523,12388,0.360824742268041
18014,12388,0.313432835820896
11618,12388,0.38
11520,12388,0.328804347826087
13061,12388,0.370517928286853
100247,12388,0.281512605042017
100485,12388,0.444444444444444
100627,12388,0.6
100629,12388,0.382575757575758
11414,12388,0.395833333333333
10258,12388,0.372
100600,12388,0.234042553191489
100602,12388,0.666666666666667
100483,12388,0.362903225806452
10756,12388,0.633333333333333
11521,12114,0.408906882591093
11518,12114,0.376760563380282
11441,12114,0.433691756272401
12388,12114,0.412244897959184
12114,12114,1
11523,12114,0.405511811023622
18014,12114,0.415094339622642
11618,12114,0.382352941176471
11520,12114,0.43265306122449
13061,12114,0.373239436619718
100247,12114,0.324200913242009
100485,12114,0.314285714285714
100627,12114,0.538461538461538
100629,12114,0.407718120805369
11414,12114,0.481481481481481
10258,12114,0.423236514522822
100600,12114,0.32258064516129
100602,12114,0.35
100483,12114,0.44578313253012
10756,12114,0.389121338912134
11521,11523,0.387351778656126
11518,11523,0.353790613718412
11441,11523,0.39622641509434
12388,11523,0.360824742268041
12114,11523,0.405511811023622
11523,11523,1
18014,11523,0.6
11618,11523,0.382978723404255
11520,11523,0.581352833638026
13061,11523,0.36101083032491
100247,11523,0.301310043668122
100485,11523,0.245283018867925
100627,11523,0.555555555555556
100629,11523,0.371794871794872
11414,11523,0.427046263345196
10258,11523,0.377862595419847
100600,11523,0.4
100602,11523,0.428571428571429
100483,11523,0.430555555555556
10756,11523,0.378277153558052
11521,18014,0.350877192982456
11518,18014,0.272727272727273
11441,18014,0.419354838709677
12388,18014,0.313432835820896
12114,18014,0.415094339622642
11523,18014,0.6
18014,18014,1
11618,18014,0.314814814814815
11520,18014,0.2
13061,18014,0.272727272727273
100247,18014,0.6
100485,18014,0.291666666666667
100627,18014,0.533333333333333
100629,18014,0.307692307692308
11414,18014,0.415094339622642
10258,18014,0.26984126984127
100600,18014,0.5
100602,18014,0.266666666666667
100483,18014,0.433962264150943
10756,18014,0.615384615384615
11521,11618,0.381147540983607
11518,11618,0.382113821138211
11441,11618,0.4
12388,11618,0.38
12114,11618,0.382352941176471
11523,11618,0.382978723404255
18014,11618,0.314814814814815
11618,11618,1
11520,11618,0.417624521072797
13061,11618,0.373983739837398
100247,11618,0.324074074074074
100485,11618,0.333333333333333
100627,11618,0.215189873417722
100629,11618,0.352490421455939
11414,11618,0.379032258064516
10258,11618,0.375
100600,11618,0.358974358974359
100602,11618,0.428571428571429
100483,11618,0.383673469387755
10756,11618,0.390946502057613
11521,11520,0.387096774193548
11518,11520,0.361111111111111
11441,11520,0.392996108949416
12388,11520,0.328804347826087
12114,11520,0.43265306122449
11523,11520,0.581352833638026
18014,11520,0.2
11618,11520,0.417624521072797
11520,11520,1
13061,11520,0.354166666666667
100247,11520,0.326086956521739
100485,11520,0.267857142857143
100627,11520,0.368421052631579
100629,11520,0.383802816901408
11414,11520,0.406474820143885
10258,11520,0.373493975903614
100600,11520,0.259259259259259
100602,11520,0.318181818181818
100483,11520,0.39873417721519
10756,11520,0.379194630872483
11521,13061,0.382352941176471
11518,13061,0.849884526558891
11441,13061,0.380073800738007
12388,13061,0.370517928286853
12114,13061,0.373239436619718
11523,13061,0.36101083032491
18014,13061,0.272727272727273
11618,13061,0.373983739837398
11520,13061,0.354166666666667
13061,13061,1
100247,13061,0.318181818181818
100485,13061,0.298850574712644
100627,13061,0.5
100629,13061,0.38671875
11414,13061,0.354838709677419
10258,13061,0.685245901639344
100600,13061,0.571428571428572
100602,13061,0.666666666666667
100483,13061,0.373015873015873
10756,13061,0.362549800796813
11521,100247,0.321266968325792
11518,100247,0.327272727272727
11441,100247,0.336134453781513
12388,100247,0.281512605042017
12114,100247,0.324200913242009
11523,100247,0.301310043668122
18014,100247,0.6
11618,100247,0.324074074074074
11520,100247,0.326086956521739
13061,100247,0.318181818181818
100247,100247,1
100485,100247,0.476190476190476
100627,100247,0.411764705882353
100629,100247,0.314410480349345
11414,100247,0.337777777777778
10258,100247,0.35
100600,100247,0.461538461538462
100602,100247,0.5
100483,100247,0.306306306306306
10756,100247,0.401869158878505
11521,100485,0.226415094339623
11518,100485,0.260869565217391
11441,100485,0.296875
12388,100485,0.444444444444444
12114,100485,0.314285714285714
11523,100485,0.245283018867925
18014,100485,0.291666666666667
11618,100485,0.333333333333333
11520,100485,0.267857142857143
13061,100485,0.298850574712644
100247,100485,0.476190476190476
100485,100485,1
100627,100485,0.3
100629,100485,0.444444444444444
11414,100485,0.3
10258,100485,0.252873563218391
100600,100485,0.433333333333333
100602,100485,0.314285714285714
100483,100485,0.333333333333333
10756,100485,0.326923076923077
11521,100627,1
11518,100627,0.384615384615385
11441,100627,0.32258064516129
12388,100627,0.6
12114,100627,0.538461538461538
11523,100627,0.555555555555556
18014,100627,0.533333333333333
11618,100627,0.215189873417722
11520,100627,0.368421052631579
13061,100627,0.5
100247,100627,0.411764705882353
100485,100627,0.3
100627,100627,1
100629,100627,0.4
11414,100627,0.263157894736842
10258,100627,0.291666666666667
100600,100627,0.4
100602,100627,0.376811594202899
100483,100627,0.444444444444444
10756,100627,0.357142857142857
11521,100629,0.38671875
11518,100629,0.37890625
11441,100629,0.41
12388,100629,0.382575757575758
12114,100629,0.407718120805369
11523,100629,0.371794871794872
18014,100629,0.307692307692308
11618,100629,0.352490421455939
11520,100629,0.383802816901408
13061,100629,0.38671875
100247,100629,0.314410480349345
100485,100629,0.444444444444444
100627,100629,0.4
100629,100629,1
11414,100629,0.378839590443686
10258,100629,0.376470588235294
100600,100629,0.526315789473684
100602,100629,0.6
100483,100629,0.366386554621849
10756,100629,0.405622489959839
11521,11414,0.369811320754717
11518,11414,0.362903225806452
11441,11414,0.408637873754153
12388,11414,0.395833333333333
12114,11414,0.481481481481481
11523,11414,0.427046263345196
18014,11414,0.415094339622642
11618,11414,0.379032258064516
11520,11414,0.406474820143885
13061,11414,0.354838709677419
100247,11414,0.337777777777778
100485,11414,0.3
100627,11414,0.263157894736842
100629,11414,0.378839590443686
11414,11414,1
10258,11414,0.37246963562753
100600,11414,0.434782608695652
100602,11414,0.384615384615385
100483,11414,0.67007299270073
10756,11414,0.368421052631579
11521,10258,0.337606837606838
11518,10258,0.681967213114754
11441,10258,0.3828125
12388,10258,0.372
12114,10258,0.423236514522822
11523,10258,0.377862595419847
18014,10258,0.26984126984127
11618,10258,0.375
11520,10258,0.373493975903614
13061,10258,0.685245901639344
100247,10258,0.35
100485,10258,0.252873563218391
100627,10258,0.291666666666667
100629,10258,0.376470588235294
11414,10258,0.37246963562753
10258,10258,1
100600,10258,0.5
100602,10258,0.242424242424242
100483,10258,0.373983739837398
10756,10258,0.34
11521,100600,0.5
11518,100600,0.5
11441,100600,0.526315789473684
12388,100600,0.234042553191489
12114,100600,0.32258064516129
11523,100600,0.4
18014,100600,0.5
11618,100600,0.358974358974359
11520,100600,0.259259259259259
13061,100600,0.571428571428572
100247,100600,0.461538461538462
100485,100600,0.433333333333333
100627,100600,0.4
100629,100600,0.526315789473684
11414,100600,0.434782608695652
10258,100600,0.5
100600,100600,1
100602,100600,0.4
100483,100600,0.434782608695652
10756,100600,0.473684210526316
11521,100602,0.333333333333333
11518,100602,0.666666666666667
11441,100602,0.275862068965517
12388,100602,0.666666666666667
12114,100602,0.35
11523,100602,0.428571428571429
18014,100602,0.266666666666667
11618,100602,0.428571428571429
11520,100602,0.318181818181818
13061,100602,0.666666666666667
100247,100602,0.5
100485,100602,0.314285714285714
100627,100602,0.376811594202899
100629,100602,0.6
11414,100602,0.384615384615385
10258,100602,0.242424242424242
100600,100602,0.4
100602,100602,1
100483,100602,0.421052631578947
10756,100602,0.375
11521,100483,0.398523985239852
11518,100483,0.380952380952381
11441,100483,0.410526315789474
12388,100483,0.362903225806452
12114,100483,0.44578313253012
11523,100483,0.430555555555556
18014,100483,0.433962264150943
11618,100483,0.383673469387755
11520,100483,0.39873417721519
13061,100483,0.373015873015873
100247,100483,0.306306306306306
100485,100483,0.333333333333333
100627,100483,0.444444444444444
100629,100483,0.366386554621849
11414,100483,0.67007299270073
10258,100483,0.373983739837398
100600,100483,0.434782608695652
100602,100483,0.421052631578947
100483,100483,1
10756,100483,0.361111111111111
11521,10756,0.388185654008439
11518,10756,0.366533864541833
11441,10756,0.372384937238494
12388,10756,0.633333333333333
12114,10756,0.389121338912134
11523,10756,0.378277153558052
18014,10756,0.615384615384615
11618,10756,0.390946502057613
11520,10756,0.379194630872483
13061,10756,0.362549800796813
100247,10756,0.401869158878505
100485,10756,0.326923076923077
100627,10756,0.357142857142857
100629,10756,0.405622489959839
11414,10756,0.368421052631579
10258,10756,0.34
100600,10756,0.473684210526316
100602,10756,0.375
100483,10756,0.361111111111111
10756,10756,1
