Var1,Var2,Freq
12930,12930,1
165,12930,0.0114444653786773
10178,12930,0.237776290807333
10198,12930,0.0552450401083779
10397,12930,0.213293650793651
10553,12930,0.0604230122315971
10011,12930,0.493171405025545
100117,12930,0.216755127609076
10554,12930,0.0633947559395589
12930,165,0.0114444653786773
165,165,1
10178,165,0.0140120281419685
10198,165,0.0115398122133492
10397,165,0.0130369735327857
10553,165,0.0119166597287263
10011,165,0.0203904152344195
100117,165,0.0132485465517627
10554,165,0.0124396034631932
12930,10178,0.237776290807333
165,10178,0.0140120281419685
10178,10178,1
10198,10178,0.0564240152890346
10397,10178,0.758744943662244
10553,10178,0.05855506318158
10011,10178,0.281707240644224
100117,10178,0.82154575745356
10554,10178,0.0617268727623407
12930,10198,0.0552450401083779
165,10198,0.0115398122133492
10178,10198,0.0564240152890346
10198,10198,1
10397,10198,0.0524976389201924
10553,10198,0.507811063360816
10011,10198,0.0877215416772392
100117,10198,0.0533496068963166
10554,10198,0.532779575517817
12930,10397,0.213293650793651
165,10397,0.0130369735327857
10178,10397,0.758744943662244
10198,10397,0.0524976389201924
10397,10397,1
10553,10397,0.0544803936428296
10011,10397,0.262104086793311
100117,10397,0.914120643543217
10554,10397,0.0574314865992847
12930,10553,0.0604230122315971
165,10553,0.0119166597287263
10178,10553,0.05855506318158
10198,10553,0.507811063360816
10397,10553,0.0544803936428296
10553,10553,1
10011,10553,0.0973647615984522
100117,10553,0.0553645391332752
10554,10553,0.911535767378693
12930,10011,0.493171405025545
165,10011,0.0203904152344195
10178,10011,0.281707240644224
10198,10011,0.0877215416772392
10397,10011,0.262104086793311
10553,10011,0.0973647615984522
10011,10011,1
100117,10011,0.266357693106894
10554,10011,0.102280734984
12930,100117,0.216755127609076
165,100117,0.0132485465517627
10178,100117,0.82154575745356
10198,100117,0.0533496068963166
10397,100117,0.914120643543217
10553,100117,0.0553645391332752
10011,100117,0.266357693106894
100117,100117,1
10554,100117,0.0583635244663243
12930,10554,0.0633947559395589
165,10554,0.0124396034631932
10178,10554,0.0617268727623407
10198,10554,0.532779575517817
10397,10554,0.0574314865992847
10553,10554,0.911535767378693
10011,10554,0.102280734984
100117,10554,0.0583635244663243
10554,10554,1
