Var1,Var2,Freq
12930,12930,1
165,12930,0.25
10178,12930,0.416666666666667
10198,12930,0.340909090909091
10397,12930,0.572881355932203
10553,12930,0.280788177339901
10011,12930,0.988165680473373
100117,12930,0.572881355932203
10554,12930,0.280788177339901
12930,165,0.25
165,165,1
10178,165,0.311111111111111
10198,165,0.3
10397,165,0.311111111111111
10553,165,0.3
10011,165,0.32
100117,165,0.311111111111111
10554,165,0.3
12930,10178,0.416666666666667
165,10178,0.311111111111111
10178,10178,1
10198,10178,0.3203125
10397,10178,0.875160875160875
10553,10178,0.257575757575758
10011,10178,0.597633136094674
100117,10178,0.925925925925926
10554,10178,0.257575757575758
12930,10198,0.340909090909091
165,10198,0.3
10178,10198,0.3203125
10198,10198,1
10397,10198,0.3203125
10553,10198,0.767220902612827
10011,10198,0.359223300970874
100117,10198,0.3203125
10554,10198,0.765957446808511
12930,10397,0.572881355932203
165,10397,0.311111111111111
10178,10397,0.875160875160875
10198,10397,0.3203125
10397,10397,1
10553,10397,0.257575757575758
10011,10397,0.597633136094674
100117,10397,0.927835051546392
10554,10397,0.257575757575758
12930,10553,0.280788177339901
165,10553,0.3
10178,10553,0.257575757575758
10198,10553,0.767220902612827
10397,10553,0.257575757575758
10553,10553,1
10011,10553,0.287425149700599
100117,10553,0.257575757575758
10554,10553,0.965909090909091
12930,10011,0.988165680473373
165,10011,0.32
10178,10011,0.597633136094674
10198,10011,0.359223300970874
10397,10011,0.597633136094674
10553,10011,0.287425149700599
10011,10011,1
100117,10011,0.597633136094674
10554,10011,0.287425149700599
12930,100117,0.572881355932203
165,100117,0.311111111111111
10178,100117,0.925925925925926
10198,100117,0.3203125
10397,100117,0.927835051546392
10553,100117,0.257575757575758
10011,100117,0.597633136094674
100117,100117,1
10554,100117,0.257575757575758
12930,10554,0.280788177339901
165,10554,0.3
10178,10554,0.257575757575758
10198,10554,0.765957446808511
10397,10554,0.257575757575758
10553,10554,0.965909090909091
10011,10554,0.287425149700599
100117,10554,0.257575757575758
10554,10554,1
