Var1,Var2,Freq
12263,12263,1
11635,12263,0.97983270749321
12635,12263,0.702818302157428
12504,12263,0.96860003652902
11636,12263,0.789721535577795
10880,12263,0.703967537199307
12263,11635,0.97983270749321
11635,11635,1
12635,11635,0.703914251456917
12504,11635,0.982990545778834
11636,11635,0.79059661562042
10880,11635,0.70533212698112
12263,12635,0.702818302157428
11635,12635,0.703914251456917
12635,12635,1
12504,12635,0.693047756381694
11636,12635,0.670426674698503
10880,12635,0.991709650127151
12263,12504,0.96860003652902
11635,12504,0.982990545778834
12635,12504,0.693047756381694
12504,12504,1
11636,12504,0.779993883252049
10880,12504,0.694203197192983
12263,11636,0.789721535577795
11635,11636,0.79059661562042
12635,11636,0.670426674698503
12504,11636,0.779993883252049
11636,11636,1
10880,11636,0.668639798192621
12263,10880,0.703967537199307
11635,10880,0.70533212698112
12635,10880,0.991709650127151
12504,10880,0.694203197192983
11636,10880,0.668639798192621
10880,10880,1
