Var1,Var2,Freq
12263,12263,1
11635,12263,0.976190476190476
12635,12263,0.711509715994021
12504,12263,0.967261904761905
11636,12263,0.788922155688623
10880,12263,0.713004484304933
12263,11635,0.976190476190476
11635,11635,1
12635,11635,0.711509715994021
12504,11635,0.982142857142857
11636,11635,0.788922155688623
10880,11635,0.717910447761194
12263,12635,0.711509715994021
11635,12635,0.711509715994021
12635,12635,1
12504,12635,0.704035874439462
11636,12635,0.689604685212299
10880,12635,0.989956958393113
12263,12504,0.967261904761905
11635,12504,0.982142857142857
12635,12504,0.704035874439462
12504,12504,1
11636,12504,0.781437125748503
10880,12504,0.705530642750374
12263,11636,0.788922155688623
11635,11636,0.788922155688623
12635,11636,0.689604685212299
12504,11636,0.781437125748503
11636,11636,1
10880,11636,0.68814055636896
12263,10880,0.713004484304933
11635,10880,0.717910447761194
12635,10880,0.989956958393113
12504,10880,0.705530642750374
11636,10880,0.68814055636896
10880,10880,1
