Var1,Var2,Freq
12536,12536,1
11081,12536,0.622093023255814
10188,12536,0.994444444444444
12983,12536,0.636887608069164
12506,12536,0.76
10120,12536,0.754985754985755
12077,12536,0.991666666666667
12536,11081,0.622093023255814
11081,11081,1
10188,11081,0.622093023255814
12983,11081,0.671469740634006
12506,11081,0.600574712643678
10120,11081,0.605187319884726
12077,11081,0.619186046511628
12536,10188,0.994444444444444
11081,10188,0.622093023255814
10188,10188,1
12983,10188,0.636887608069164
12506,10188,0.76
10120,10188,0.754985754985755
12077,10188,0.986111111111111
12536,12983,0.636887608069164
11081,12983,0.671469740634006
10188,12983,0.636887608069164
12983,12983,1
12506,12983,0.630057803468208
10120,12983,0.639769452449568
12077,12983,0.636887608069164
12536,12506,0.76
11081,12506,0.600574712643678
10188,12506,0.76
12983,12506,0.630057803468208
12506,12506,1
10120,12506,0.972527472527473
12077,12506,0.765714285714286
12536,10120,0.754985754985755
11081,10120,0.605187319884726
10188,10120,0.754985754985755
12983,10120,0.639769452449568
12506,10120,0.972527472527473
10120,10120,1
12077,10120,0.760683760683761
12536,12077,0.991666666666667
11081,12077,0.619186046511628
10188,12077,0.986111111111111
12983,12077,0.636887608069164
12506,12077,0.765714285714286
10120,12077,0.760683760683761
12077,12077,1
