Var1,Var2,Freq
12536,12536,1
11081,12536,0.610033265289595
10188,12536,0.992836610612392
12983,12536,0.646164558126358
12506,12536,0.765937107725518
10120,12536,0.767929340735954
12077,12536,0.994964254400531
12536,11081,0.610033265289595
11081,11081,1
10188,11081,0.60893463316639
12983,11081,0.646768852063925
12506,11081,0.599106708846002
10120,11081,0.600476578296757
12077,11081,0.609344032243362
12536,10188,0.992836610612392
11081,10188,0.60893463316639
10188,10188,1
12983,10188,0.647205700347794
12506,10188,0.765488244701964
10120,10188,0.767481504937415
12077,10188,0.987798964489579
12536,12983,0.646164558126358
11081,12983,0.646768852063925
10188,12983,0.647205700347794
12983,12983,1
12506,12983,0.638853946422903
10120,12983,0.647069622344936
12077,12983,0.647045427048048
12536,12506,0.765937107725518
11081,12506,0.599106708846002
10188,12506,0.765488244701964
12983,12506,0.638853946422903
12506,12506,1
10120,12506,0.970961064585816
12077,12506,0.767320595559984
12536,10120,0.767929340735954
11081,10120,0.600476578296757
10188,10120,0.767481504937415
12983,10120,0.647069622344936
12506,10120,0.970961064585816
10120,10120,1
12077,10120,0.769313138465134
12536,12077,0.994964254400531
11081,12077,0.609344032243362
10188,12077,0.987798964489579
12983,12077,0.647045427048048
12506,12077,0.767320595559984
10120,12077,0.769313138465134
12077,12077,1
