Var1,Var2,Freq
100908,100908,1
100909,100908,0.532846715328467
13004,100908,0.698189134808853
100417,100908,0.271028037383178
100907,100908,0.517094017094017
101204,100908,0.595744680851064
100908,100909,0.532846715328467
100909,100909,1
13004,100909,0.630434782608696
100417,100909,0.2421875
100907,100909,0.509756097560976
101204,100909,0.501222493887531
100908,13004,0.698189134808853
100909,13004,0.630434782608696
13004,13004,1
100417,13004,0.416666666666667
100907,13004,0.52928870292887
101204,13004,0.533742331288344
100908,100417,0.271028037383178
100909,100417,0.2421875
13004,100417,0.416666666666667
100417,100417,1
100907,100417,0.275
101204,100417,0.225
100908,100907,0.517094017094017
100909,100907,0.509756097560976
13004,100907,0.52928870292887
100417,100907,0.275
100907,100907,1
101204,100907,0.733197556008147
100908,101204,0.595744680851064
100909,101204,0.501222493887531
13004,101204,0.533742331288344
100417,101204,0.225
100907,101204,0.733197556008147
101204,101204,1
