Var1,Var2,Freq
100908,100908,1
100909,100908,0.390706319702602
13004,100908,0.656074409112045
100417,100908,0.0122177538211187
100907,100908,0.412741035487311
101204,100908,0.441713987485427
100908,100909,0.390706319702602
100909,100909,1
13004,100909,0.402557071801055
100417,100909,0.0132531566873152
100907,100909,0.387375036818205
101204,100909,0.387710169453904
100908,13004,0.656074409112045
100909,13004,0.402557071801055
13004,13004,1
100417,13004,0.0106385101129203
100907,13004,0.443508021793063
101204,13004,0.463709731173699
100908,100417,0.0122177538211187
100909,100417,0.0132531566873152
13004,100417,0.0106385101129203
100417,100417,1
100907,100417,0.011707753159427
101204,100417,0.0116181272405701
100908,100907,0.412741035487311
100909,100907,0.387375036818205
13004,100907,0.443508021793063
100417,100907,0.011707753159427
100907,100907,1
101204,100907,0.701043459889566
100908,101204,0.441713987485427
100909,101204,0.387710169453904
13004,101204,0.463709731173699
100417,101204,0.0116181272405701
100907,101204,0.701043459889566
101204,101204,1
