Var1,Var2,Freq
93,93,1
10666,93,0.884364820846905
10667,93,0.885993485342019
17018,93,0.600649350649351
17066,93,0.928338762214984
10437,93,0.571428571428572
93,10666,0.884364820846905
10666,10666,1
10667,10666,0.982084690553746
17018,10666,0.599683544303797
17066,10666,0.899022801302932
10437,10666,0.582720588235294
93,10667,0.885993485342019
10666,10667,0.982084690553746
10667,10667,1
17018,10667,0.593406593406593
17066,10667,0.897394136807818
10437,10667,0.580882352941176
93,17018,0.600649350649351
10666,17018,0.599683544303797
10667,17018,0.593406593406593
17018,17018,1
17066,17018,0.619902120717781
10437,17018,0.644827586206897
93,17066,0.928338762214984
10666,17066,0.899022801302932
10667,17066,0.897394136807818
17018,17066,0.619902120717781
17066,17066,1
10437,17066,0.580882352941176
93,10437,0.571428571428572
10666,10437,0.582720588235294
10667,10437,0.580882352941176
17018,10437,0.644827586206897
17066,10437,0.580882352941176
10437,10437,1
