Var1,Var2,Freq
114,114,1
10657,114,0.841935483870968
12512,114,0.947852760736196
11806,114,0.947852760736196
12265,114,0.94478527607362
105567,114,0.95398773006135
114,10657,0.841935483870968
10657,10657,1
12512,10657,0.825806451612903
11806,10657,0.825806451612903
12265,10657,0.819354838709677
105567,10657,0.832258064516129
114,12512,0.947852760736196
10657,12512,0.825806451612903
12512,12512,1
11806,12512,0.98159509202454
12265,12512,0.920245398773006
105567,12512,0.94478527607362
114,11806,0.947852760736196
10657,11806,0.825806451612903
12512,11806,0.98159509202454
11806,11806,1
12265,11806,0.917177914110429
105567,11806,0.94478527607362
114,12265,0.94478527607362
10657,12265,0.819354838709677
12512,12265,0.920245398773006
11806,12265,0.917177914110429
12265,12265,1
105567,12265,0.914110429447853
114,105567,0.95398773006135
10657,105567,0.832258064516129
12512,105567,0.94478527607362
11806,105567,0.94478527607362
12265,105567,0.914110429447853
105567,105567,1
