Var1,Var2,Freq
43,43,1
12887,43,0.889952153110048
10283,43,0.870813397129187
10031,43,0.882775119617225
17052,43,0.873205741626794
100863,43,0.880382775119617
43,12887,0.889952153110048
12887,12887,1
10283,12887,0.880382775119617
10031,12887,0.901913875598086
17052,12887,0.870813397129187
100863,12887,0.892344497607656
43,10283,0.870813397129187
12887,10283,0.880382775119617
10283,10283,1
10031,10283,0.87799043062201
17052,10283,0.954545454545455
100863,10283,0.894736842105263
43,10031,0.882775119617225
12887,10031,0.901913875598086
10283,10031,0.87799043062201
10031,10031,1
17052,10031,0.87799043062201
100863,10031,0.88755980861244
43,17052,0.873205741626794
12887,17052,0.870813397129187
10283,17052,0.954545454545455
10031,17052,0.87799043062201
17052,17052,1
100863,17052,0.881642512077295
43,100863,0.880382775119617
12887,100863,0.892344497607656
10283,100863,0.894736842105263
10031,100863,0.88755980861244
17052,100863,0.881642512077295
100863,100863,1
