Var1,Var2,Freq
12802,12802,1
10033,12802,0.416666666666667
18040,12802,0.437994722955145
103098,12802,0.342857142857143
101195,12802,0.181818181818182
103693,12802,0.230769230769231
103462,12802,0.346153846153846
103677,12802,0.5
12802,10033,0.416666666666667
10033,10033,1
18040,10033,0.333333333333333
103098,10033,0.409090909090909
101195,10033,0.417670682730924
103693,10033,0.346320346320346
103462,10033,0.304347826086957
103677,10033,0.25
12802,18040,0.437994722955145
10033,18040,0.333333333333333
18040,18040,1
103098,18040,0.409090909090909
101195,18040,0.375
103693,18040,0.416666666666667
103462,18040,0.380952380952381
103677,18040,0.261904761904762
12802,103098,0.342857142857143
10033,103098,0.409090909090909
18040,103098,0.409090909090909
103098,103098,1
101195,103098,0.333333333333333
103693,103098,0.277777777777778
103462,103098,0.315789473684211
103677,103098,0.7
12802,101195,0.181818181818182
10033,101195,0.417670682730924
18040,101195,0.375
103098,101195,0.333333333333333
101195,101195,1
103693,101195,0.403508771929825
103462,101195,0.384615384615385
103677,101195,0.333333333333333
12802,103693,0.230769230769231
10033,103693,0.346320346320346
18040,103693,0.416666666666667
103098,103693,0.277777777777778
101195,103693,0.403508771929825
103693,103693,1
103462,103693,0.210526315789474
103677,103693,0.454545454545455
12802,103462,0.346153846153846
10033,103462,0.304347826086957
18040,103462,0.380952380952381
103098,103462,0.315789473684211
101195,103462,0.384615384615385
103693,103462,0.210526315789474
103462,103462,1
103677,103462,0.368421052631579
12802,103677,0.5
10033,103677,0.25
18040,103677,0.261904761904762
103098,103677,0.7
101195,103677,0.333333333333333
103693,103677,0.454545454545455
103462,103677,0.368421052631579
103677,103677,1
