Var1,Var2,Freq
20009,20009,1
20099,20009,0.307692307692308
100954,20009,0.377777777777778
102876,20009,0.3
104205,20009,0.238095238095238
103851,20009,0.375
101385,20009,0.380952380952381
20009,20099,0.307692307692308
20099,20099,1
100954,20099,0.261904761904762
102876,20099,0.461538461538462
104205,20099,0.363636363636364
103851,20099,0.28
101385,20099,0.555555555555556
20009,100954,0.377777777777778
20099,100954,0.261904761904762
100954,100954,1
102876,100954,0.346153846153846
104205,100954,0.555555555555556
103851,100954,0.307692307692308
101385,100954,0.355450236966825
20009,102876,0.3
20099,102876,0.461538461538462
100954,102876,0.346153846153846
102876,102876,1
104205,102876,0.259259259259259
103851,102876,0.4375
101385,102876,0.291139240506329
20009,104205,0.238095238095238
20099,104205,0.363636363636364
100954,104205,0.555555555555556
102876,104205,0.259259259259259
104205,104205,1
103851,104205,0.435483870967742
101385,104205,0.269230769230769
20009,103851,0.375
20099,103851,0.28
100954,103851,0.307692307692308
102876,103851,0.4375
104205,103851,0.435483870967742
103851,103851,1
101385,103851,0.384615384615385
20009,101385,0.380952380952381
20099,101385,0.555555555555556
100954,101385,0.355450236966825
102876,101385,0.291139240506329
104205,101385,0.269230769230769
103851,101385,0.384615384615385
101385,101385,1
