Var1,Var2,Freq
96,96,1
17027,96,0.905882352941176
17047,96,0.912897822445561
17019,96,0.909547738693467
10575,96,0.894824707846411
11343,96,0.925549915397631
12478,96,0.874581939799331
96,17027,0.905882352941176
17027,17027,1
17047,17027,0.866336633663366
17019,17027,0.866336633663366
10575,17027,0.86963696369637
11343,17027,0.882838283828383
12478,17027,0.856435643564356
96,17047,0.912897822445561
17027,17047,0.866336633663366
17047,17047,1
17019,17047,0.978333333333333
10575,17047,0.865448504983389
11343,17047,0.910016977928693
12478,17047,0.848837209302326
96,17019,0.909547738693467
17027,17019,0.866336633663366
17047,17019,0.978333333333333
17019,17019,1
10575,17019,0.867109634551495
11343,17019,0.910016977928693
12478,17019,0.850498338870432
96,10575,0.894824707846411
17027,10575,0.86963696369637
17047,10575,0.865448504983389
17019,10575,0.867109634551495
10575,10575,1
11343,10575,0.854063018242123
12478,10575,0.951827242524917
96,11343,0.925549915397631
17027,11343,0.882838283828383
17047,11343,0.910016977928693
17019,11343,0.910016977928693
10575,11343,0.854063018242123
11343,11343,1
12478,11343,0.844112769485904
96,12478,0.874581939799331
17027,12478,0.856435643564356
17047,12478,0.848837209302326
17019,12478,0.850498338870432
10575,12478,0.951827242524917
11343,12478,0.844112769485904
12478,12478,1
