Var1,Var2,Freq
126,126,1
11111,126,0.889072847682119
13031,126,0.864238410596026
17100,126,0.875827814569536
11112,126,0.867549668874172
11346,126,0.900662251655629
126,11111,0.889072847682119
11111,11111,1
13031,11111,0.872516556291391
17100,11111,0.970198675496689
11112,11111,0.874172185430464
11346,11111,0.900662251655629
126,13031,0.864238410596026
11111,13031,0.872516556291391
13031,13031,1
17100,13031,0.860927152317881
11112,13031,0.960264900662252
11346,13031,0.899006622516556
126,17100,0.875827814569536
11111,17100,0.970198675496689
13031,17100,0.860927152317881
17100,17100,1
11112,17100,0.864238410596026
11346,17100,0.895695364238411
126,11112,0.867549668874172
11111,11112,0.874172185430464
13031,11112,0.960264900662252
17100,11112,0.864238410596026
11112,11112,1
11346,11112,0.899006622516556
126,11346,0.900662251655629
11111,11346,0.900662251655629
13031,11346,0.899006622516556
17100,11346,0.895695364238411
11112,11346,0.899006622516556
11346,11346,1
