Var1,Var2,Freq
7,7,1
70,7,0.333333333333333
10460,7,0.300578034682081
6,7,0.314814814814815
10358,7,0.342592592592593
10094,7,0.37719298245614
10457,7,0.375
18011,7,0.348101265822785
10458,7,0.307692307692308
10459,7,0.455223880597015
10455,7,0.357142857142857
10095,7,0.342592592592593
10096,7,0.397260273972603
14065,7,0.309210526315789
12409,7,0.359223300970874
101140,7,0.39375
102564,7,0.349514563106796
10456,7,0.351351351351351
101197,7,0.330985915492958
100036,7,0.376
103913,7,0.352201257861635
7,70,0.333333333333333
70,70,1
10460,70,0.330357142857143
6,70,0.359649122807018
10358,70,0.359649122807018
10094,70,0.34
10457,70,0.408710217755444
18011,70,0.336065573770492
10458,70,0.232
10459,70,0.284403669724771
10455,70,0.527586206896552
10095,70,0.365217391304348
10096,70,0.351648351648352
14065,70,0.267326732673267
12409,70,0.368421052631579
101140,70,0.310077519379845
102564,70,0.368421052631579
10456,70,0.707592891760905
101197,70,0.26865671641791
100036,70,0.5
103913,70,0.336065573770492
7,10460,0.300578034682081
70,10460,0.330357142857143
10460,10460,1
6,10460,0.398692810457516
10358,10460,0.38961038961039
10094,10460,0.321951219512195
10457,10460,0.323076923076923
18011,10460,0.325301204819277
10458,10460,0.46875
10459,10460,0.342105263157895
10455,10460,0.376470588235294
10095,10460,0.402597402597403
10096,10460,0.380165289256198
14065,10460,0.274647887323944
12409,10460,0.383116883116883
101140,10460,0.33112582781457
102564,10460,0.396103896103896
10456,10460,0.317757009345794
101197,10460,0.371428571428571
100036,10460,0.393617021276596
103913,10460,0.296052631578947
7,6,0.314814814814815
70,6,0.359649122807018
10460,6,0.398692810457516
6,6,1
10358,6,0.898395721925134
10094,6,0.363636363636364
10457,6,0.375
18011,6,0.280701754385965
10458,6,0.380281690140845
10459,6,0.373333333333333
10455,6,0.344827586206897
10095,6,0.751351351351351
10096,6,0.32824427480916
14065,6,0.258620689655172
12409,6,0.898395721925134
101140,6,0.30939226519337
102564,6,0.871657754010695
10456,6,0.39344262295082
101197,6,0.409090909090909
100036,6,0.330188679245283
103913,6,0.280701754385965
7,10358,0.342592592592593
70,10358,0.359649122807018
10460,10358,0.38961038961039
6,10358,0.898395721925134
10358,10358,1
10094,10358,0.390977443609023
10457,10358,0.416666666666667
18011,10358,0.272727272727273
10458,10358,0.394366197183099
10459,10358,0.38255033557047
10455,10358,0.36734693877551
10095,10358,0.766304347826087
10096,10358,0.37593984962406
14065,10358,0.25
12409,10358,0.967914438502674
101140,10358,0.307692307692308
102564,10358,0.887700534759358
10456,10358,0.368852459016393
101197,10358,0.304347826086957
100036,10358,0.41025641025641
103913,10358,0.272727272727273
7,10094,0.37719298245614
70,10094,0.34
10460,10094,0.321951219512195
6,10094,0.363636363636364
10358,10094,0.390977443609023
10094,10094,1
10457,10094,0.36283185840708
18011,10094,0.338983050847458
10458,10094,0.28
10459,10094,0.390625
10455,10094,0.56
10095,10094,0.373134328358209
10096,10094,0.43859649122807
14065,10094,0.34
12409,10094,0.398496240601504
101140,10094,0.369747899159664
102564,10094,0.398496240601504
10456,10094,0.37
101197,10094,0.313953488372093
100036,10094,0.39
103913,10094,0.338983050847458
7,10457,0.375
70,10457,0.408710217755444
10460,10457,0.323076923076923
6,10457,0.375
10358,10457,0.416666666666667
10094,10457,0.36283185840708
10457,10457,1
18011,10457,0.4
10458,10457,0.481481481481481
10459,10457,0.666666666666667
10455,10457,0.565079365079365
10095,10457,0.4375
10096,10457,0.39
14065,10457,0.421052631578947
12409,10457,0.408333333333333
101140,10457,0.425
102564,10457,0.415254237288136
10456,10457,0.420265780730897
101197,10457,0.28
100036,10457,0.620689655172414
103913,10457,0.4
7,18011,0.348101265822785
70,18011,0.336065573770492
10460,18011,0.325301204819277
6,18011,0.280701754385965
10358,18011,0.272727272727273
10094,18011,0.338983050847458
10457,18011,0.4
18011,18011,1
10458,18011,0.371428571428571
10459,18011,0.308641975308642
10455,18011,0.388888888888889
10095,18011,0.283018867924528
10096,18011,0.416666666666667
14065,18011,0.309210526315789
12409,18011,0.280701754385965
101140,18011,0.432098765432099
102564,18011,0.30188679245283
10456,18011,0.324324324324324
101197,18011,0.292307692307692
100036,18011,0.390243902439024
103913,18011,0.987421383647799
7,10458,0.307692307692308
70,10458,0.232
10460,10458,0.46875
6,10458,0.380281690140845
10358,10458,0.394366197183099
10094,10458,0.28
10457,10458,0.481481481481481
18011,10458,0.371428571428571
10458,10458,1
10459,10458,0.398230088495575
10455,10458,0.379310344827586
10095,10458,0.312056737588652
10096,10458,0.416666666666667
14065,10458,0.333333333333333
12409,10458,0.380281690140845
101140,10458,0.361963190184049
102564,10458,0.380281690140845
10456,10458,0.413793103448276
101197,10458,0.226415094339623
100036,10458,0.428571428571429
103913,10458,0.371428571428571
7,10459,0.455223880597015
70,10459,0.284403669724771
10460,10459,0.342105263157895
6,10459,0.373333333333333
10358,10459,0.38255033557047
10094,10459,0.390625
10457,10459,0.666666666666667
18011,10459,0.308641975308642
10458,10459,0.398230088495575
10459,10459,1
10455,10459,0.4625
10095,10459,0.436893203883495
10096,10459,0.410958904109589
14065,10459,0.305084745762712
12409,10459,0.389261744966443
101140,10459,0.394904458598726
102564,10459,0.395973154362416
10456,10459,0.571428571428572
101197,10459,0.32824427480916
100036,10459,0.425925925925926
103913,10459,0.308641975308642
7,10455,0.357142857142857
70,10455,0.527586206896552
10460,10455,0.376470588235294
6,10455,0.344827586206897
10358,10455,0.36734693877551
10094,10455,0.56
10457,10455,0.565079365079365
18011,10455,0.388888888888889
10458,10455,0.379310344827586
10459,10455,0.4625
10455,10455,1
10095,10455,0.407407407407407
10096,10455,0.447368421052632
14065,10455,0.363636363636364
12409,10455,0.374149659863946
101140,10455,0.363636363636364
102564,10455,0.360544217687075
10456,10455,0.524137931034483
101197,10455,0.352941176470588
100036,10455,0.477611940298508
103913,10455,0.388888888888889
7,10095,0.342592592592593
70,10095,0.365217391304348
10460,10095,0.402597402597403
6,10095,0.751351351351351
10358,10095,0.766304347826087
10094,10095,0.373134328358209
10457,10095,0.4375
18011,10095,0.283018867924528
10458,10095,0.312056737588652
10459,10095,0.436893203883495
10455,10095,0.407407407407407
10095,10095,1
10096,10095,0.421487603305785
14065,10095,0.275862068965517
12409,10095,0.771739130434783
101140,10095,0.320441988950276
102564,10095,0.767567567567568
10456,10095,0.377049180327869
101197,10095,0.326086956521739
100036,10095,0.384615384615385
103913,10095,0.283018867924528
7,10096,0.397260273972603
70,10096,0.351648351648352
10460,10096,0.380165289256198
6,10096,0.32824427480916
10358,10096,0.37593984962406
10094,10096,0.43859649122807
10457,10096,0.39
18011,10096,0.416666666666667
10458,10096,0.416666666666667
10459,10096,0.410958904109589
10455,10096,0.447368421052632
10095,10096,0.421487603305785
10096,10096,1
14065,10096,0.344262295081967
12409,10096,0.368421052631579
101140,10096,0.321167883211679
102564,10096,0.360902255639098
10456,10096,0.318181818181818
101197,10096,0.289156626506024
100036,10096,0.411764705882353
103913,10096,0.416666666666667
7,14065,0.309210526315789
70,14065,0.267326732673267
10460,14065,0.274647887323944
6,14065,0.258620689655172
10358,14065,0.25
10094,14065,0.34
10457,14065,0.421052631578947
18011,14065,0.309210526315789
10458,14065,0.333333333333333
10459,14065,0.305084745762712
10455,14065,0.363636363636364
10095,14065,0.275862068965517
10096,14065,0.344262295081967
14065,14065,1
12409,14065,0.4
101140,14065,0.417721518987342
102564,14065,0.267241379310345
10456,14065,0.352941176470588
101197,14065,0.345070422535211
100036,14065,0.351351351351351
103913,14065,0.315789473684211
7,12409,0.359223300970874
70,12409,0.368421052631579
10460,12409,0.383116883116883
6,12409,0.898395721925134
10358,12409,0.967914438502674
10094,12409,0.398496240601504
10457,12409,0.408333333333333
18011,12409,0.280701754385965
10458,12409,0.380281690140845
10459,12409,0.389261744966443
10455,12409,0.374149659863946
10095,12409,0.771739130434783
10096,12409,0.368421052631579
14065,12409,0.4
12409,12409,1
101140,12409,0.307692307692308
102564,12409,0.898395721925134
10456,12409,0.365079365079365
101197,12409,0.282608695652174
100036,12409,0.397435897435897
103913,12409,0.272727272727273
7,101140,0.39375
70,101140,0.310077519379845
10460,101140,0.33112582781457
6,101140,0.30939226519337
10358,101140,0.307692307692308
10094,101140,0.369747899159664
10457,101140,0.425
18011,101140,0.432098765432099
10458,101140,0.361963190184049
10459,101140,0.394904458598726
10455,101140,0.363636363636364
10095,101140,0.320441988950276
10096,101140,0.321167883211679
14065,101140,0.417721518987342
12409,101140,0.307692307692308
101140,101140,1
102564,101140,0.314917127071823
10456,101140,0.307692307692308
101197,101140,0.318181818181818
100036,101140,0.389830508474576
103913,101140,0.438271604938272
7,102564,0.349514563106796
70,102564,0.368421052631579
10460,102564,0.396103896103896
6,102564,0.871657754010695
10358,102564,0.887700534759358
10094,102564,0.398496240601504
10457,102564,0.415254237288136
18011,102564,0.30188679245283
10458,102564,0.380281690140845
10459,102564,0.395973154362416
10455,102564,0.360544217687075
10095,102564,0.767567567567568
10096,102564,0.360902255639098
14065,102564,0.267241379310345
12409,102564,0.898395721925134
101140,102564,0.314917127071823
102564,102564,1
10456,102564,0.382113821138211
101197,102564,0.304347826086957
100036,102564,0.330188679245283
103913,102564,0.279503105590062
7,10456,0.351351351351351
70,10456,0.707592891760905
10460,10456,0.317757009345794
6,10456,0.39344262295082
10358,10456,0.368852459016393
10094,10456,0.37
10457,10456,0.420265780730897
18011,10456,0.324324324324324
10458,10456,0.413793103448276
10459,10456,0.571428571428572
10455,10456,0.524137931034483
10095,10456,0.377049180327869
10096,10456,0.318181818181818
14065,10456,0.352941176470588
12409,10456,0.365079365079365
101140,10456,0.307692307692308
102564,10456,0.382113821138211
10456,10456,1
101197,10456,0.219178082191781
100036,10456,0.424242424242424
103913,10456,0.324324324324324
7,101197,0.330985915492958
70,101197,0.26865671641791
10460,101197,0.371428571428571
6,101197,0.409090909090909
10358,101197,0.304347826086957
10094,101197,0.313953488372093
10457,101197,0.28
18011,101197,0.292307692307692
10458,101197,0.226415094339623
10459,101197,0.32824427480916
10455,101197,0.352941176470588
10095,101197,0.326086956521739
10096,101197,0.289156626506024
14065,101197,0.345070422535211
12409,101197,0.282608695652174
101140,101197,0.318181818181818
102564,101197,0.304347826086957
10456,101197,0.219178082191781
101197,101197,1
100036,101197,0.328125
103913,101197,0.315384615384615
7,100036,0.376
70,100036,0.5
10460,100036,0.393617021276596
6,100036,0.330188679245283
10358,100036,0.41025641025641
10094,100036,0.39
10457,100036,0.620689655172414
18011,100036,0.390243902439024
10458,100036,0.428571428571429
10459,100036,0.425925925925926
10455,100036,0.477611940298508
10095,100036,0.384615384615385
10096,100036,0.411764705882353
14065,100036,0.351351351351351
12409,100036,0.397435897435897
101140,100036,0.389830508474576
102564,100036,0.330188679245283
10456,100036,0.424242424242424
101197,100036,0.328125
100036,100036,1
103913,100036,0.402439024390244
7,103913,0.352201257861635
70,103913,0.336065573770492
10460,103913,0.296052631578947
6,103913,0.280701754385965
10358,103913,0.272727272727273
10094,103913,0.338983050847458
10457,103913,0.4
18011,103913,0.987421383647799
10458,103913,0.371428571428571
10459,103913,0.308641975308642
10455,103913,0.388888888888889
10095,103913,0.283018867924528
10096,103913,0.416666666666667
14065,103913,0.315789473684211
12409,103913,0.272727272727273
101140,103913,0.438271604938272
102564,103913,0.279503105590062
10456,103913,0.324324324324324
101197,103913,0.315384615384615
100036,103913,0.402439024390244
103913,103913,1
