Var1,Var2,Freq
88,88,1
10453,88,0.752066115702479
11104,88,0.91647855530474
10304,88,0.90744920993228
12163,88,0.943946188340807
20112,88,0.946188340807175
88,10453,0.752066115702479
10453,10453,1
11104,10453,0.752066115702479
10304,10453,0.74931129476584
12163,10453,0.768595041322314
20112,10453,0.763085399449036
88,11104,0.91647855530474
10453,11104,0.752066115702479
11104,11104,1
10304,11104,0.977578475336323
12163,11104,0.923250564334086
20112,11104,0.927765237020316
88,10304,0.90744920993228
10453,10304,0.74931129476584
11104,10304,0.977578475336323
10304,10304,1
12163,10304,0.923250564334086
20112,10304,0.927765237020316
88,12163,0.943946188340807
10453,12163,0.768595041322314
11104,12163,0.923250564334086
10304,12163,0.923250564334086
12163,12163,1
20112,12163,0.966367713004484
88,20112,0.946188340807175
10453,20112,0.763085399449036
11104,20112,0.927765237020316
10304,20112,0.927765237020316
12163,20112,0.966367713004484
20112,20112,1
