Var1,Var2,Freq
10184,10184,1
11898,10184,0.862796833773087
17121,10184,0.904761904761905
20126,10184,0.8828125
10981,10184,0.883905013192612
105568,10184,0.875661375661376
10184,11898,0.862796833773087
11898,11898,1
17121,11898,0.871052631578947
20126,11898,0.857519788918206
10981,11898,0.953125
105568,11898,0.9296875
10184,17121,0.904761904761905
11898,17121,0.871052631578947
17121,17121,1
20126,17121,0.873015873015873
10981,17121,0.876315789473684
105568,17121,0.868421052631579
10184,20126,0.8828125
11898,20126,0.857519788918206
17121,20126,0.873015873015873
20126,20126,1
10981,20126,0.857519788918206
105568,20126,0.854497354497355
10184,10981,0.883905013192612
11898,10981,0.953125
17121,10981,0.876315789473684
20126,10981,0.857519788918206
10981,10981,1
105568,10981,0.942708333333333
10184,105568,0.875661375661376
11898,105568,0.9296875
17121,105568,0.868421052631579
20126,105568,0.854497354497355
10981,105568,0.942708333333333
105568,105568,1
