Var1,Var2,Freq
10449,10449,1
101544,10449,0.275862068965517
104181,10449,0.326315789473684
104530,10449,0.522222222222222
103850,10449,0.369369369369369
104503,10449,1
10449,101544,0.275862068965517
101544,101544,1
104181,101544,0.345132743362832
104530,101544,0.27906976744186
103850,101544,0.395061728395062
104503,101544,0.275862068965517
10449,104181,0.326315789473684
101544,104181,0.345132743362832
104181,104181,1
104530,104181,0.306306306306306
103850,104181,0.537878787878788
104503,104181,0.326315789473684
10449,104530,0.522222222222222
101544,104530,0.27906976744186
104181,104530,0.306306306306306
104530,104530,1
103850,104530,0.360655737704918
104503,104530,0.522222222222222
10449,103850,0.369369369369369
101544,103850,0.395061728395062
104181,103850,0.537878787878788
104530,103850,0.360655737704918
103850,103850,1
104503,103850,0.369369369369369
10449,104503,1
101544,104503,0.275862068965517
104181,104503,0.326315789473684
104530,104503,0.522222222222222
103850,104503,0.369369369369369
104503,104503,1
