Var1,Var2,Freq
213,213,1
17067,213,0.25
12298,213,0.745989304812834
11391,213,0.313099041533546
103058,213,0.466666666666667
102992,213,0.545454545454545
102582,213,0.597560975609756
104207,213,0.98936170212766
213,17067,0.25
17067,17067,1
12298,17067,0.3125
11391,17067,0.304347826086957
103058,17067,0.342105263157895
102992,17067,0.660194174757282
102582,17067,0.25
104207,17067,0.25
213,12298,0.745989304812834
17067,12298,0.3125
12298,12298,1
11391,12298,0.309904153354633
103058,12298,0.466666666666667
102992,12298,0.30952380952381
102582,12298,0.608823529411765
104207,12298,0.74331550802139
213,11391,0.313099041533546
17067,11391,0.304347826086957
12298,11391,0.309904153354633
11391,11391,1
103058,11391,0.416666666666667
102992,11391,0.5
102582,11391,0.317610062893082
104207,11391,0.309904153354633
213,103058,0.466666666666667
17067,103058,0.342105263157895
12298,103058,0.466666666666667
11391,103058,0.416666666666667
103058,103058,1
102992,103058,0.376623376623377
102582,103058,0.454545454545455
104207,103058,0.466666666666667
213,102992,0.545454545454545
17067,102992,0.660194174757282
12298,102992,0.30952380952381
11391,102992,0.5
103058,102992,0.376623376623377
102992,102992,1
102582,102992,0.333333333333333
104207,102992,0.545454545454545
213,102582,0.597560975609756
17067,102582,0.25
12298,102582,0.608823529411765
11391,102582,0.317610062893082
103058,102582,0.454545454545455
102992,102582,0.333333333333333
102582,102582,1
104207,102582,0.600609756097561
213,104207,0.98936170212766
17067,104207,0.25
12298,104207,0.74331550802139
11391,104207,0.309904153354633
103058,104207,0.466666666666667
102992,104207,0.545454545454545
102582,104207,0.600609756097561
104207,104207,1
