Var1,Var2,Freq
28,28,1
10792,28,0.514184397163121
10045,28,0.906976744186046
20042,28,0.436305732484076
100829,28,0.605177993527508
102440,28,0.51063829787234
104242,28,0.501779359430605
104224,28,0.471337579617834
28,10792,0.514184397163121
10792,10792,1
10045,10792,0.514184397163121
20042,10792,0.507987220447284
100829,10792,0.458041958041958
102440,10792,0.996212121212121
104242,10792,0.662878787878788
104224,10792,0.514376996805112
28,10045,0.906976744186046
10792,10045,0.514184397163121
10045,10045,1
20042,10045,0.436305732484076
100829,10045,0.601286173633441
102440,10045,0.51063829787234
104242,10045,0.501779359430605
104224,10045,0.480891719745223
28,20042,0.436305732484076
10792,20042,0.507987220447284
10045,20042,0.436305732484076
20042,20042,1
100829,20042,0.401315789473684
102440,20042,0.504792332268371
104242,20042,0.509615384615385
104224,20042,0.733333333333333
28,100829,0.605177993527508
10792,100829,0.458041958041958
10045,100829,0.601286173633441
20042,100829,0.401315789473684
100829,100829,1
102440,100829,0.458041958041958
104242,100829,0.442105263157895
104224,100829,0.411949685534591
28,102440,0.51063829787234
10792,102440,0.996212121212121
10045,102440,0.51063829787234
20042,102440,0.504792332268371
100829,102440,0.458041958041958
102440,102440,1
104242,102440,0.659090909090909
104224,102440,0.511182108626198
28,104242,0.501779359430605
10792,104242,0.662878787878788
10045,104242,0.501779359430605
20042,104242,0.509615384615385
100829,104242,0.442105263157895
102440,104242,0.659090909090909
104242,104242,1
104224,104242,0.517684887459807
28,104224,0.471337579617834
10792,104224,0.514376996805112
10045,104224,0.480891719745223
20042,104224,0.733333333333333
100829,104224,0.411949685534591
102440,104224,0.511182108626198
104242,104224,0.517684887459807
104224,104224,1
